1488002443,-46.56598,-23.58261
1488002460,-46.56593,-23.58249
1488002471,-46.56593,-23.58249
1488002481,-46.56592,-23.58249
1488002492,-46.56596,-23.58254
1488002503,-46.56739,-23.58272
1488002505,-46.56785,-23.5828
1488002514,-46.56959,-23.58289
1488002532,-46.57237,-23.58278
1488002534,-46.57263,-23.58276
1488002535,-46.5729,-23.58276
1488002543,-46.57408,-23.58291
1488002546,-46.57438,-23.58298
1488002548,-46.57466,-23.58307
1488002559,-46.57571,-23.58355
1488002561,-46.57596,-23.58362
1488002565,-46.57653,-23.58389
1488002573,-46.57735,-23.58419
1488002575,-46.57757,-23.58423
1488002578,-46.57781,-23.58425
1488002581,-46.5782,-23.58428
1488002592,-46.57899,-23.58438
1488002594,-46.57919,-23.58441
1488002599,-46.57944,-23.58446
1488002616,-46.57964,-23.58448
1488002620,-46.57964,-23.58448
1488002645,-46.58007,-23.58454
1488002652,-46.5803,-23.58457
1488002662,-46.58038,-23.58458
1488002677,-46.58078,-23.58469
1488002680,-46.58097,-23.58478
1488002685,-46.58119,-23.5848
1488002691,-46.58146,-23.58484
1488002695,-46.58169,-23.58482
1488002698,-46.58191,-23.58481
1488002701,-46.58228,-23.58471
1488002707,-46.58283,-23.58452
1488002710,-46.58326,-23.58436
1488002713,-46.58349,-23.58425
1488002714,-46.58369,-23.58415
1488002719,-46.58409,-23.58405
1488002722,-46.58433,-23.58402
1488002729,-46.5841,-23.58383
1488002731,-46.58375,-23.58385
1488002739,-46.58304,-23.58383
1488002743,-46.58267,-23.58383
1488002758,-46.5816,-23.58362
1488002764,-46.58106,-23.58346
1488002767,-46.5808,-23.58335
1488002779,-46.58011,-23.58302
1488002784,-46.57977,-23.58282
1488002786,-46.57956,-23.58274
1488002789,-46.57935,-23.58266
1488002799,-46.57891,-23.58328
1488002802,-46.57882,-23.58348
1488002803,-46.57873,-23.58366
1488002805,-46.57864,-23.58384
1488002815,-46.57843,-23.58433
1488002821,-46.5787,-23.58435
1488002828,-46.57895,-23.58433
1488002850,-46.5793,-23.58427
1488002871,-46.57967,-23.58442
1488002882,-46.57967,-23.58442
1488002903,-46.57967,-23.58442
1488002914,-46.57967,-23.58442
1488002938,-46.57967,-23.58442
1488002949,-46.57967,-23.58442
1488002961,-46.57967,-23.58442
1488002971,-46.57967,-23.58442
1488002981,-46.57967,-23.58442
1488002987,-46.57967,-23.58442
1488002991,-46.57967,-23.58442
1488003002,-46.57967,-23.58442
1488003023,-46.57967,-23.58442
1488003033,-46.57967,-23.58442
1488003043,-46.57967,-23.58442
1488003053,-46.57969,-23.58446
1488003064,-46.57979,-23.58452
1488003067,-46.58014,-23.58456
1488003070,-46.58043,-23.58462
1488003073,-46.58068,-23.58467
1488003075,-46.58098,-23.58473
1488003078,-46.58119,-23.58478
1488003081,-46.58166,-23.58489
1488003085,-46.58205,-23.58481
1488003086,-46.58229,-23.58473
1488003088,-46.58253,-23.58464
1488003093,-46.58299,-23.58445
1488003099,-46.58365,-23.5842
1488003107,-46.58461,-23.58405
1488003110,-46.58496,-23.58405
1488003119,-46.58592,-23.58413
1488003124,-46.58662,-23.58441
1488003127,-46.58693,-23.5846
1488003134,-46.58758,-23.585
1488003137,-46.58803,-23.58525
1488003142,-46.58857,-23.58556
1488003147,-46.58885,-23.58571
1488003158,-46.58891,-23.58575
1488003179,-46.58947,-23.58608
1488003183,-46.58972,-23.58621
1488003184,-46.5899,-23.58632
1488003186,-46.5901,-23.58644
1488003189,-46.5903,-23.58656
1488003191,-46.59052,-23.5867
1488003193,-46.5908,-23.58689
1488003197,-46.59102,-23.58702
1488003200,-46.59138,-23.58717
1488003204,-46.59173,-23.58727
1488003206,-46.59208,-23.58734
1488003208,-46.59234,-23.58739
1488003214,-46.59312,-23.58752
1488003217,-46.59351,-23.58759
1488003225,-46.59456,-23.58785
1488003228,-46.59496,-23.5879
1488003231,-46.59523,-23.58787
1488003232,-46.5955,-23.58779
1488003234,-46.59575,-23.58768
1488003237,-46.59599,-23.58756
1488003240,-46.59634,-23.58738
1488003241,-46.59659,-23.58727
1488003248,-46.59743,-23.58684
1488003253,-46.59795,-23.58638
1488003262,-46.59861,-23.58556
1488003266,-46.59896,-23.58511
1488003271,-46.59923,-23.58458
1488003274,-46.59933,-23.58426
1488003283,-46.59946,-23.58324
1488003286,-46.59946,-23.58301
1488003288,-46.59945,-23.58279
1488003291,-46.59941,-23.58245
1488003292,-46.59939,-23.58221
1488003295,-46.59938,-23.58195
1488003296,-46.59938,-23.58169
1488003309,-46.59934,-23.5801
1488003313,-46.59942,-23.57943
1488003322,-46.59985,-23.57846
1488003323,-46.59996,-23.57822
1488003326,-46.60017,-23.57784
1488003329,-46.6003,-23.57761
1488003332,-46.60057,-23.57715
1488003336,-46.60077,-23.5768
1488003340,-46.60115,-23.57622
1488003346,-46.60166,-23.57558
1488003350,-46.60193,-23.57528
1488003357,-46.60269,-23.57451
1488003362,-46.60314,-23.57408
1488003364,-46.60332,-23.57392
1488003367,-46.60348,-23.57375
1488003377,-46.60392,-23.57258
1488003379,-46.60394,-23.57237
1488003382,-46.60396,-23.57217
1488003385,-46.60398,-23.57187
1488003387,-46.604,-23.57157
1488003393,-46.60415,-23.57102
1488003402,-46.60468,-23.57037
1488003403,-46.60487,-23.57025
1488003406,-46.60508,-23.57013
1488003416,-46.60612,-23.56956
1488003417,-46.60632,-23.56943
1488003424,-46.60692,-23.56909
1488003427,-46.60727,-23.56889
1488003434,-46.60766,-23.56867
1488003444,-46.60771,-23.56863
1488003463,-46.60802,-23.56849
1488003469,-46.6086,-23.56813
1488003471,-46.60878,-23.56796
1488003473,-46.60904,-23.56764
1488003476,-46.6092,-23.56739
1488003479,-46.60942,-23.56697
1488003484,-46.60981,-23.56619
1488003486,-46.60993,-23.56597
1488003490,-46.61012,-23.56563
1488003501,-46.61075,-23.56448
1488003513,-46.61152,-23.56309
1488003517,-46.61184,-23.5625
1488003519,-46.61197,-23.56226
1488003523,-46.61225,-23.56176
1488003526,-46.61246,-23.56138
1488003535,-46.61303,-23.56036
1488003554,-46.61495,-23.5586
1488003555,-46.61515,-23.55849
1488003557,-46.61536,-23.55838
1488003562,-46.6158,-23.55818
1488003565,-46.61623,-23.55801
1488003568,-46.61654,-23.55792
1488003570,-46.61677,-23.55786
1488003576,-46.61735,-23.55768
1488003581,-46.61807,-23.55746
1488003584,-46.61829,-23.55739
1488003586,-46.61867,-23.55726
1488003588,-46.61895,-23.55718
1488003594,-46.61973,-23.55693
1488003598,-46.62013,-23.5568
1488003601,-46.62064,-23.55663
1488003607,-46.62138,-23.55639
1488003610,-46.62177,-23.55627
1488003614,-46.62216,-23.55613
1488003618,-46.62267,-23.55588
1488003619,-46.62292,-23.55575
1488003621,-46.62313,-23.55562
1488003627,-46.62377,-23.55518
1488003637,-46.62458,-23.55439
1488003641,-46.62499,-23.55389
1488003644,-46.62512,-23.5537
1488003646,-46.62531,-23.55336
1488003663,-46.62595,-23.55151
1488003667,-46.62611,-23.5512
1488003671,-46.6264,-23.55064
1488003675,-46.62662,-23.55018
1488003677,-46.62674,-23.54995
1488003680,-46.62685,-23.54973
1488003685,-46.62724,-23.54897
1488003693,-46.6278,-23.54815
1488003700,-46.6282,-23.54753
1488003702,-46.62836,-23.54721
1488003708,-46.62859,-23.54664
1488003710,-46.62867,-23.54642
1488003711,-46.62874,-23.54619
1488003714,-46.6288,-23.54595
1488003715,-46.62887,-23.54568
1488003718,-46.62894,-23.54542
1488003720,-46.62896,-23.54518
1488003726,-46.62895,-23.54434
1488003728,-46.62893,-23.54408
1488003730,-46.62889,-23.54367
1488003733,-46.62882,-23.54331
1488003742,-46.62853,-23.54232
1488003751,-46.62843,-23.54214
1488003758,-46.62833,-23.54195
1488003767,-46.62826,-23.54178
1488003775,-46.62815,-23.54152
1488003785,-46.62869,-23.54098
1488003788,-46.62895,-23.54077
1488003790,-46.62911,-23.54063
1488003793,-46.62927,-23.5405
1488003807,-46.6293,-23.54048
1488003823,-46.62964,-23.54024
1488003830,-46.63007,-23.53995
1488003833,-46.63045,-23.53984
1488003838,-46.63088,-23.53974
1488003845,-46.63173,-23.5396
1488003863,-46.63193,-23.53957
1488003873,-46.63197,-23.53956
1488003879,-46.63238,-23.53943
1488003892,-46.63341,-23.53936
1488003896,-46.63371,-23.53937
1488003900,-46.63417,-23.53939
1488003904,-46.63448,-23.53939
1488003915,-46.63454,-23.53948
1488003916,-46.63436,-23.54032
1488003919,-46.63434,-23.54061
1488003930,-46.63444,-23.54155
1488003933,-46.63459,-23.5418
1488003937,-46.63478,-23.54207
1488003939,-46.635,-23.54232
1488003942,-46.63518,-23.54248
1488003947,-46.63534,-23.54266
1488003964,-46.63571,-23.54324
1488003969,-46.63572,-23.54344
1488003976,-46.63527,-23.54359
1488003979,-46.6351,-23.54329
1488003988,-46.63472,-23.54253
1488003990,-46.63463,-23.54234
1488003992,-46.63454,-23.54212
1488003995,-46.63431,-23.54167
1488004001,-46.63398,-23.5411
1488004002,-46.63389,-23.54085
1488004004,-46.63386,-23.54058
1488004008,-46.63383,-23.54019
1488004011,-46.6338,-23.53985
1488004013,-46.63379,-23.53961
1488004020,-46.6341,-23.53969
1488004021,-46.6341,-23.53991
1488004026,-46.63413,-23.5404
1488004032,-46.63426,-23.54123
1488004037,-46.63448,-23.54166
1488004039,-46.63469,-23.54201
1488004044,-46.63501,-23.54245
1488004048,-46.63541,-23.5429
1488004051,-46.63555,-23.54309
1488004052,-46.63565,-23.54329
1488004062,-46.63565,-23.54329
1488004067,-46.62725,-23.55001
1488004079,-46.62725,-23.55001
1488004086,-46.63813,-23.54725
1488004097,-46.63878,-23.5482
1488004105,-46.63907,-23.54878
1488004113,-46.63905,-23.54959
1488004116,-46.63888,-23.54979
1488004119,-46.63895,-23.55012
1488004126,-46.63933,-23.55058
1488004134,-46.63981,-23.55097
1488004139,-46.64018,-23.55127
1488004145,-46.64055,-23.55155
1488004149,-46.64065,-23.5518
1488004153,-46.64069,-23.55202
1488004157,-46.64077,-23.5523
1488004159,-46.64079,-23.55253
1488004171,-46.64068,-23.55299
1488004176,-46.6407,-23.55318
1488004180,-46.64068,-23.55338
1488004192,-46.64055,-23.55346
1488004202,-46.64069,-23.55355
1488004212,-46.64055,-23.55346
1488004223,-46.64069,-23.55355
1488004232,-46.64048,-23.55351
1488004235,-46.64069,-23.55355
1488004246,-46.64069,-23.55355
1488004256,-46.64069,-23.55355
1488004266,-46.64069,-23.55355
1488004276,-46.64069,-23.55355
1488004286,-46.64069,-23.55355
1488004296,-46.64069,-23.55355
1488004307,-46.64069,-23.55355
1488004317,-46.64069,-23.55355
1488004327,-46.64069,-23.55355
1488004338,-46.64069,-23.55355
1488004341,-46.64055,-23.55375
1488004354,-46.6404,-23.5543
1488004361,-46.64038,-23.55478
1488004364,-46.6403,-23.55509
1488004379,-46.64078,-23.55536
1488004382,-46.6411,-23.55535
1488004385,-46.6414,-23.55532
1488004389,-46.64169,-23.55529
1488004393,-46.64189,-23.55527
1488004396,-46.64216,-23.55525
1488004398,-46.64237,-23.5552
1488004408,-46.6429,-23.55468
1488004420,-46.64322,-23.55375
1488004421,-46.64325,-23.55355
1488004424,-46.64327,-23.5533
1488004429,-46.64326,-23.55306
1488004434,-46.64326,-23.55281
1488004458,-46.64328,-23.55257
1488004468,-46.64339,-23.55173
1488004471,-46.64342,-23.55137
1488004475,-46.64344,-23.55112
1488004481,-46.64368,-23.55111
1488004484,-46.64399,-23.55131
1488004487,-46.64433,-23.55146
1488004491,-46.6447,-23.55162
1488004499,-46.64531,-23.55187
1488004510,-46.64531,-23.55187
1488004516,-46.64553,-23.55187
1488004519,-46.64561,-23.5517
1488004531,-46.6458,-23.55087
1488004538,-46.64602,-23.55025
1488004551,-46.64618,-23.54976
1488004555,-46.64627,-23.54958
1488004566,-46.64611,-23.54942
1488004571,-46.64589,-23.54937
1488004574,-46.64571,-23.54932
1488004576,-46.64552,-23.54921
1488004588,-46.64533,-23.54849
1488004592,-46.64532,-23.54823
1488004596,-46.64535,-23.54803
1488004600,-46.64537,-23.54782
1488004610,-46.64537,-23.54777
1488004622,-46.64537,-23.54777
1488004633,-46.64531,-23.54753
1488004639,-46.64506,-23.54742
1488004645,-46.6445,-23.54734
1488004653,-46.64362,-23.54759
1488004662,-46.64288,-23.54798
1488004664,-46.64268,-23.5481
1488004686,-46.6426,-23.54837
1488004692,-46.64253,-23.54872
1488004698,-46.64231,-23.54934
1488004702,-46.64225,-23.54966
1488004704,-46.6422,-23.54984
1488004706,-46.64211,-23.55012
1488004717,-46.64207,-23.5503
1488004727,-46.64207,-23.5503
1488004737,-46.64207,-23.5503
1488004744,-46.642,-23.55048
1488004748,-46.64189,-23.55069
1488004752,-46.64165,-23.55083
1488004755,-46.64118,-23.55103
1488004758,-46.64095,-23.55112
1488004760,-46.64062,-23.55124
1488004762,-46.64047,-23.55136
1488004774,-46.64051,-23.55229
1488004775,-46.64052,-23.55248
1488004778,-46.64053,-23.55268
1488004780,-46.64057,-23.55299
1488004782,-46.64058,-23.55318
1488004786,-46.64062,-23.55347
1488004788,-46.64056,-23.55366
1488004794,-46.64048,-23.55414
1488004800,-46.64057,-23.55435
1488004808,-46.64118,-23.55434
1488004813,-46.64137,-23.55428
1488004818,-46.64149,-23.55405
1488004822,-46.64151,-23.55377
1488004830,-46.6416,-23.55324
1488004835,-46.64156,-23.55278
1488004839,-46.64157,-23.55251
1488004843,-46.64157,-23.55211
1488004847,-46.64158,-23.55178
1488004861,-46.64123,-23.55094
1488004863,-46.64164,-23.5511
1488004869,-46.64199,-23.55101
1488004876,-46.64228,-23.5509
1488004879,-46.64249,-23.55078
1488004890,-46.64321,-23.55096
1488004910,-46.64378,-23.55131
1488004918,-46.64467,-23.55165
1488004921,-46.64488,-23.55172
1488004922,-46.64507,-23.55178
1488004926,-46.64535,-23.55188
1488004950,-46.64685,-23.55288
1488004958,-46.64715,-23.5533
1488004961,-46.64725,-23.55349
1488004964,-46.64737,-23.55371
1488004967,-46.64748,-23.5539
1488004972,-46.64757,-23.55418
1488004975,-46.64769,-23.55446
1488004980,-46.64781,-23.55469
1488005022,-46.64874,-23.55481
1488005026,-46.64903,-23.55481
1488005029,-46.64917,-23.55499
1488005034,-46.64942,-23.5552
1488005037,-46.64966,-23.55536
1488005040,-46.65004,-23.55542
1488005044,-46.65029,-23.55551
1488005047,-46.65047,-23.55571
1488005048,-46.65058,-23.55588
1488005054,-46.65101,-23.5563
1488005057,-46.6512,-23.55643
1488005065,-46.65228,-23.55707
1488005068,-46.6526,-23.55726
1488005073,-46.6531,-23.5576
1488005077,-46.65354,-23.55779
1488005083,-46.65402,-23.55808
1488005085,-46.65416,-23.55834
1488005101,-46.65501,-23.55974
1488005104,-46.65512,-23.55993
1488005105,-46.65522,-23.56014
1488005107,-46.6553,-23.56033
1488005139,-46.65535,-23.56042
1488005153,-46.65752,-23.56545
1488005154,-46.65767,-23.56562
1488005159,-46.6581,-23.56598
1488005161,-46.65828,-23.56612
1488005164,-46.65844,-23.56631
1488005165,-46.6586,-23.56648
1488005168,-46.65882,-23.56675
1488005179,-46.65984,-23.56772
1488005182,-46.66013,-23.568
1488005185,-46.66029,-23.56817
1488005186,-46.66045,-23.56831
1488005196,-46.66058,-23.56843
1488005208,-46.66067,-23.56854
1488005222,-46.66173,-23.56963
1488005226,-46.66198,-23.56988
1488005229,-46.66221,-23.57015
1488005231,-46.66227,-23.57051
1488005237,-46.66287,-23.57081
1488005238,-46.66307,-23.57095
1488005247,-46.66396,-23.57158
1488005252,-46.66434,-23.57186
1488005253,-46.66451,-23.57198
1488005256,-46.66467,-23.57209
1488005288,-46.66569,-23.57285
1488005291,-46.66586,-23.57297
1488005292,-46.66604,-23.5731
1488005299,-46.66668,-23.57356
1488005305,-46.66712,-23.57389
1488005308,-46.66749,-23.57418
1488005310,-46.66767,-23.57432
1488005315,-46.66814,-23.57465
1488005318,-46.66833,-23.57479
1488005323,-46.6689,-23.5752
1488005327,-46.66918,-23.5754
1488005333,-46.66975,-23.57581
1488005336,-46.67004,-23.57602
1488005337,-46.67024,-23.57616
1488005345,-46.67099,-23.57664
1488005361,-46.67269,-23.57702
1488005371,-46.67337,-23.57709
1488005378,-46.67403,-23.57748
1488005380,-46.67424,-23.57762
1488005384,-46.67475,-23.57792
1488005400,-46.67533,-23.57828
1488005410,-46.67724,-23.57943
1488005415,-46.67762,-23.57966
1488005417,-46.67786,-23.5798
1488005419,-46.67817,-23.57999
1488005422,-46.67835,-23.58009
1488005431,-46.67934,-23.58045
1488005439,-46.6801,-23.5805
1488005442,-46.68045,-23.58047
1488005453,-46.68171,-23.58043
1488005461,-46.68273,-23.58043
1488005464,-46.68309,-23.58035
1488005471,-46.68357,-23.5803
1488005475,-46.68378,-23.5803
1488005479,-46.68406,-23.58048
1488005483,-46.68435,-23.58075
1488005502,-46.68442,-23.58092
1488005504,-46.68463,-23.58098
1488005510,-46.68483,-23.58083
1488005521,-46.68484,-23.58081
1488005534,-46.68495,-23.58052
1488005537,-46.68508,-23.58028
1488005540,-46.68525,-23.57998
1488005544,-46.6854,-23.57973
1488005565,-46.68543,-23.57967
1488005574,-46.68569,-23.57952
1488005578,-46.68599,-23.57976
1488005582,-46.68632,-23.58001
1488005586,-46.68662,-23.58019
1488005591,-46.68685,-23.58031
1488005597,-46.68738,-23.58066
1488005602,-46.68771,-23.58084
1488005605,-46.68797,-23.58097
1488005621,-46.68928,-23.58162
1488005624,-46.68964,-23.58184
1488005628,-46.68991,-23.58203
1488005635,-46.69049,-23.5822
1488005638,-46.69053,-23.5824
1488005645,-46.69121,-23.58274
1488005673,-46.69227,-23.58213
