1487506132,-48.63794,-26.99166
1487506143,-48.63794,-26.99166
1487506154,-48.63794,-26.99166
1487506165,-48.63794,-26.99166
1487506168,-48.64186,-26.99446
1487506179,-48.64186,-26.99446
1487506190,-48.64186,-26.99446
1487506201,-48.64186,-26.99446
1487506212,-48.64186,-26.99446
1487506223,-48.64186,-26.99446
1487506233,-48.64186,-26.99446
1487506255,-48.64186,-26.99446
1487506265,-48.64581,-26.99181
1487506276,-48.64592,-26.99179
1487506286,-48.64874,-26.99254
1487506288,-48.64901,-26.99271
1487506292,-48.64945,-26.99283
1487506293,-48.64972,-26.99295
1487506304,-48.64972,-26.99295
1487506314,-48.64972,-26.99295
1487506316,-48.64891,-26.99462
1487506320,-48.64915,-26.99475
1487506322,-48.64933,-26.99494
1487506325,-48.64952,-26.99508
1487506329,-48.64969,-26.99535
1487506331,-48.64986,-26.99549
1487506342,-48.64986,-26.99549
1487506353,-48.64986,-26.99549
1487506363,-48.64986,-26.99549
1487506374,-48.64986,-26.99549
1487506395,-48.64986,-26.99549
1487506406,-48.64986,-26.99549
1487506427,-48.64986,-26.99549
1487506448,-48.64986,-26.99549
1487506456,-48.64986,-26.99549
1487506459,-48.64986,-26.99549
1487506470,-48.65001,-26.99554
1487506480,-48.65001,-26.99554
1487506491,-48.65001,-26.99554
1487506502,-48.65001,-26.99554
1487506512,-48.65001,-26.99554
1487506523,-48.65001,-26.99554
1487506527,-48.65816,-26.99602
1487506538,-48.65816,-26.99602
1487506548,-48.65816,-26.99602
1487506559,-48.65816,-26.99602
1487506570,-48.65816,-26.99602
1487506581,-48.65816,-26.99602
1487506594,-48.65816,-26.99602
1487506653,-48.68223,-26.97882
1487506688,-48.68223,-26.97882
1487506692,-48.68223,-26.97882
1487506763,-48.67938,-26.95801
1487506785,-48.68997,-26.94443
1487506789,-48.69093,-26.94388
1487506792,-48.69196,-26.94324
1487506794,-48.69219,-26.94308
1487506795,-48.69268,-26.94272
1487506799,-48.69333,-26.94218
1487506801,-48.69388,-26.94151
1487506804,-48.69432,-26.94106
1487506805,-48.69473,-26.94067
1487506812,-48.6961,-26.93932
1487506818,-48.6972,-26.93801
1487506820,-48.69738,-26.9378
1487506824,-48.69812,-26.93698
1487506828,-48.69894,-26.93628
1487506830,-48.69925,-26.93593
1487506832,-48.69966,-26.9356
1487506833,-48.70006,-26.9352
1487506835,-48.70044,-26.9348
1487506837,-48.70072,-26.93462
1487506841,-48.70179,-26.9337
1487506843,-48.70202,-26.93347
1487506846,-48.7029,-26.93254
1487506848,-48.7031,-26.93234
1487506849,-48.70336,-26.93186
1487506851,-48.70373,-26.93135
1487506854,-48.70398,-26.93091
1487506859,-48.70504,-26.92999
1487506860,-48.70542,-26.9296
1487506862,-48.70567,-26.92936
1487506864,-48.706,-26.929
1487506874,-48.70569,-26.92617
1487506884,-48.70687,-26.9238
1487506886,-48.70715,-26.9231
1487506896,-48.70847,-26.9208
1487506898,-48.70871,-26.92033
1487506901,-48.70927,-26.91911
1487506907,-48.70982,-26.91788
1487506918,-48.70982,-26.91788
1487506929,-48.71206,-26.91193
1487506951,-48.71453,-26.90685
1487506960,-48.71528,-26.90422
1487506964,-48.7157,-26.90319
1487506965,-48.7159,-26.90268
1487506967,-48.71602,-26.90241
1487506969,-48.71622,-26.90191
1487506976,-48.71688,-26.90014
1487506979,-48.71712,-26.89966
1487506981,-48.71734,-26.89918
1487506986,-48.71808,-26.89766
1487506989,-48.71829,-26.89716
1487506991,-48.7185,-26.89666
1487506997,-48.719,-26.89513
1487507004,-48.71935,-26.89435
1487507021,-48.72191,-26.88901
1487507023,-48.72214,-26.8885
1487507028,-48.7228,-26.88694
1487507030,-48.72291,-26.88668
1487507031,-48.72311,-26.88618
1487507037,-48.72369,-26.88459
1487507040,-48.7237,-26.88441
1487507041,-48.72402,-26.88366
1487507051,-48.72491,-26.88145
1487507052,-48.72513,-26.88093
1487507054,-48.72525,-26.88069
1487507059,-48.72556,-26.87973
1487507060,-48.72576,-26.87926
1487507062,-48.72586,-26.87903
1487507064,-48.72609,-26.87856
1487507065,-48.72619,-26.8783
1487507070,-48.72662,-26.87718
1487507071,-48.72669,-26.87693
1487507075,-48.72712,-26.8759
1487507080,-48.72752,-26.87471
1487507082,-48.72762,-26.8745
1487507083,-48.72789,-26.87375
1487507088,-48.72843,-26.87267
1487507092,-48.72868,-26.87201
1487507095,-48.729,-26.87111
1487507100,-48.72931,-26.87025
1487507101,-48.72948,-26.86978
1487507103,-48.72956,-26.86954
1487507105,-48.72974,-26.86908
1487507106,-48.72982,-26.86885
1487507142,-48.72789,-26.85953
1487507145,-48.72775,-26.85902
1487507153,-48.72734,-26.85692
1487507155,-48.7273,-26.8567
1487507157,-48.7272,-26.85606
1487507160,-48.7271,-26.85538
1487507162,-48.72705,-26.85517
1487507163,-48.72699,-26.85492
1487507165,-48.72687,-26.85426
1487507167,-48.72682,-26.85403
1487507171,-48.72675,-26.85316
1487507186,-48.7255,-26.84987
1487507188,-48.72525,-26.84942
1487507191,-48.72466,-26.84864
1487507193,-48.72429,-26.84829
1487507195,-48.72412,-26.84811
1487507198,-48.72355,-26.84762
1487507207,-48.7215,-26.84618
1487507213,-48.7205,-26.84532
1487507247,-48.71527,-26.8431
1487507281,-48.71334,-26.84827
1487507284,-48.71293,-26.84907
1487507286,-48.71244,-26.84953
1487507289,-48.71229,-26.84967
1487507290,-48.71186,-26.85015
1487507293,-48.71143,-26.85057
1487507296,-48.71111,-26.85081
1487507298,-48.71096,-26.85093
1487507299,-48.71049,-26.85128
1487507316,-48.70745,-26.85319
1487507321,-48.70627,-26.85366
1487507325,-48.70567,-26.85395
1487507329,-48.70471,-26.85428
1487507332,-48.70419,-26.85445
1487507337,-48.70328,-26.85471
1487507341,-48.70287,-26.85482
1487507342,-48.70227,-26.85496
1487507348,-48.70112,-26.85531
1487507355,-48.70031,-26.85562
1487507380,-48.69522,-26.85714
1487507382,-48.69465,-26.85734
1487507384,-48.69436,-26.85746
1487507389,-48.69376,-26.8578
1487507390,-48.69343,-26.8579
1487507393,-48.6929,-26.85806
1487507399,-48.69163,-26.85831
1487507408,-48.69022,-26.85874
1487507410,-48.68991,-26.85885
1487507412,-48.68948,-26.85899
1487507423,-48.68796,-26.85923
1487507424,-48.68762,-26.85932
1487507432,-48.68621,-26.85973
1487507435,-48.68582,-26.85986
1487507437,-48.68545,-26.86001
1487507439,-48.68494,-26.86019
1487507445,-48.68413,-26.86077
1487507446,-48.68361,-26.86096
1487507449,-48.68341,-26.86105
1487507453,-48.68258,-26.86154
1487507455,-48.68204,-26.86172
1487507457,-48.68154,-26.86198
1487507468,-48.68033,-26.86285
1487507470,-48.6801,-26.86303
1487507472,-48.67994,-26.86324
1487507479,-48.6791,-26.86422
1487507484,-48.67846,-26.86479
1487507489,-48.67796,-26.86524
1487507491,-48.67776,-26.86544
1487507493,-48.67755,-26.86563
1487507503,-48.67645,-26.86689
1487507507,-48.67613,-26.86723
1487507510,-48.67575,-26.86751
1487507512,-48.67553,-26.86777
1487507515,-48.67524,-26.86812
1487507517,-48.67491,-26.86848
1487507519,-48.67471,-26.86868
1487507525,-48.67426,-26.86902
1487507527,-48.67382,-26.86959
1487507530,-48.67364,-26.86984
1487507533,-48.67329,-26.87013
1487507538,-48.67271,-26.87066
1487507541,-48.67242,-26.871
1487507544,-48.67218,-26.87122
1487507546,-48.67199,-26.87142
1487507549,-48.67152,-26.87192
1487507557,-48.67073,-26.87279
1487507559,-48.67043,-26.87315
1487507562,-48.67008,-26.87349
1487507571,-48.66901,-26.87455
1487507575,-48.66858,-26.875
1487507578,-48.66837,-26.87522
1487507580,-48.66822,-26.87542
1487507582,-48.66802,-26.87559
1487507584,-48.66784,-26.87579
1487507587,-48.66762,-26.87599
1487507589,-48.66746,-26.87613
1487507594,-48.66711,-26.8765
1487507596,-48.66693,-26.8767
1487507601,-48.66639,-26.87732
1487507606,-48.66606,-26.87765
1487507611,-48.66572,-26.87806
1487507619,-48.66497,-26.87872
1487507622,-48.66481,-26.87892
1487507626,-48.66448,-26.87924
1487507629,-48.66424,-26.87954
1487507634,-48.66374,-26.88003
1487507638,-48.66331,-26.88047
1487507639,-48.66313,-26.88065
1487507645,-48.66267,-26.88113
1487507646,-48.66249,-26.88133
1487507649,-48.66227,-26.88166
1487507652,-48.66215,-26.88187
1487507653,-48.66201,-26.88207
1487507656,-48.66172,-26.88239
1487507660,-48.66149,-26.88278
1487507668,-48.66111,-26.88381
1487507676,-48.66155,-26.88468
1487507679,-48.66162,-26.88503
1487507681,-48.66168,-26.88522
1487507684,-48.66146,-26.88512
1487507703,-48.66117,-26.8849
1487507710,-48.66062,-26.88491
1487507720,-48.65962,-26.88506
1487507728,-48.65867,-26.88513
1487507730,-48.65847,-26.88522
1487507734,-48.65816,-26.88531
1487507735,-48.65796,-26.88535
1487507738,-48.65775,-26.88541
1487507752,-48.65665,-26.88559
1487507754,-48.65643,-26.88563
1487507758,-48.65622,-26.8856
1487507768,-48.65517,-26.88566
1487507774,-48.65466,-26.88576
1487507777,-48.65431,-26.88577
1487507780,-48.65404,-26.88573
1487507791,-48.65409,-26.88583
1487507797,-48.65385,-26.88586
1487507801,-48.65375,-26.88567
1487507803,-48.6536,-26.88548
1487507812,-48.65337,-26.88496
1487507817,-48.65325,-26.88467
1487507821,-48.65316,-26.88451
1487507823,-48.65305,-26.88433
1487507826,-48.65298,-26.88414
1487507829,-48.65285,-26.884
1487507836,-48.65261,-26.8838
1487507841,-48.65239,-26.88363
1487507848,-48.65192,-26.88332
1487507851,-48.65169,-26.8831
1487507855,-48.65145,-26.88295
1487507858,-48.6513,-26.88278
1487507861,-48.65116,-26.88265
1487507869,-48.65075,-26.88229
1487507876,-48.65042,-26.88203
1487507886,-48.65023,-26.88194
1487507890,-48.65003,-26.88183
1487507895,-48.64976,-26.88164
1487507899,-48.64956,-26.88149
1487507904,-48.64941,-26.88128
1487507917,-48.64935,-26.88121
1487507925,-48.64914,-26.88107
1487507929,-48.64893,-26.881
1487507951,-48.64886,-26.88059
1487507954,-48.6489,-26.8806
