1486407970,-51.16456,-30.0623
1486407979,-51.16458,-30.06232
1486407980,-51.16457,-30.06232
1486407991,-51.16461,-30.06234
1486408001,-51.16462,-30.06234
1486408011,-51.16461,-30.06234
1486408022,-51.16461,-30.06234
1486408032,-51.16461,-30.06234
1486408042,-51.16461,-30.06234
1486408053,-51.16461,-30.06234
1486408063,-51.16461,-30.06233
1486408073,-51.16461,-30.06233
1486408094,-51.16461,-30.06233
1486408104,-51.16461,-30.06233
1486408114,-51.16461,-30.06233
1486408135,-51.16461,-30.06233
1486408145,-51.16461,-30.06233
1486408156,-51.16461,-30.06233
1486408176,-51.16461,-30.06233
1486408187,-51.16461,-30.06233
1486408197,-51.16461,-30.06233
1486408207,-51.1646,-30.06231
1486408217,-51.1646,-30.06229
1486408228,-51.16461,-30.06231
1486408238,-51.1646,-30.0623
1486408248,-51.1646,-30.0623
1486408259,-51.16461,-30.0623
1486408269,-51.16461,-30.06229
1486408279,-51.16461,-30.06229
1486408300,-51.1646,-30.06231
1486408310,-51.16462,-30.06232
1486408320,-51.16462,-30.06232
1486408331,-51.16463,-30.06232
1486408341,-51.16463,-30.0623
1486408378,-51.16462,-30.0623
1486408389,-51.16462,-30.06229
1486408399,-51.16462,-30.0623
1486408409,-51.16462,-30.0623
1486408420,-51.16462,-30.0623
1486408430,-51.16462,-30.0623
1486408440,-51.16461,-30.0623
1486408451,-51.1646,-30.0623
1486408461,-51.16459,-30.0623
1486408471,-51.16459,-30.0623
1486408482,-51.1646,-30.0623
1486408492,-51.1646,-30.06231
1486408512,-51.16457,-30.06229
1486408523,-51.16456,-30.06228
1486408533,-51.16456,-30.06227
1486408543,-51.16459,-30.06229
1486408553,-51.1646,-30.0623
1486408564,-51.16459,-30.06228
1486408574,-51.1646,-30.06229
1486408584,-51.16459,-30.06229
1486408595,-51.16457,-30.06228
1486408605,-51.16457,-30.06228
1486408615,-51.16457,-30.06228
1486408625,-51.16457,-30.06228
1486408636,-51.16457,-30.06228
1486408646,-51.16456,-30.06228
1486408656,-51.16456,-30.06228
1486408666,-51.16456,-30.06228
1486408677,-51.16456,-30.06228
1486408687,-51.16456,-30.06228
1486408697,-51.16456,-30.06228
1486408718,-51.16456,-30.06228
1486408728,-51.16456,-30.06228
1486408738,-51.16456,-30.06228
1486408749,-51.16456,-30.06228
1486408759,-51.16454,-30.06226
1486408769,-51.16454,-30.06225
1486408780,-51.16452,-30.06224
1486408790,-51.16453,-30.06225
1486408800,-51.16451,-30.06225
1486408810,-51.1645,-30.06225
1486408821,-51.16451,-30.06224
1486408831,-51.16451,-30.06225
1486408841,-51.16451,-30.06226
1486408851,-51.16451,-30.06226
1486408862,-51.16451,-30.06226
1486408872,-51.16451,-30.06226
1486408882,-51.16451,-30.06226
1486408903,-51.16456,-30.06228
1486408913,-51.16456,-30.06228
1486408923,-51.16456,-30.06228
1486408934,-51.16456,-30.06228
1486408944,-51.16456,-30.06228
1486408954,-51.16456,-30.06228
1486408965,-51.16456,-30.06228
1486408975,-51.16457,-30.06228
1486408985,-51.16457,-30.06228
1486408995,-51.16457,-30.06229
1486409006,-51.16457,-30.06229
1486409016,-51.16456,-30.06228
1486409026,-51.1646,-30.06228
1486409036,-51.1646,-30.06226
1486409047,-51.16456,-30.06235
1486409067,-51.16448,-30.06237
1486409078,-51.16447,-30.06236
1486409088,-51.16448,-30.06237
1486409098,-51.16449,-30.06238
1486409109,-51.16449,-30.06238
1486409121,-51.16449,-30.06238
1486409132,-51.16449,-30.06238
1486409143,-51.16449,-30.06238
1486409156,-51.1645,-30.06238
1486409167,-51.1645,-30.06238
1486409178,-51.1645,-30.06238
1486409189,-51.1645,-30.06238
1486409202,-51.1645,-30.06238
1486409212,-51.1645,-30.06238
1486409223,-51.1645,-30.06238
1486409239,-51.1645,-30.06238
1486409255,-51.1645,-30.06238
1486409266,-51.1645,-30.06238
1486409277,-51.1645,-30.06238
1486409287,-51.1645,-30.06238
1486409298,-51.1645,-30.06238
1486409309,-51.1645,-30.06238
1486409326,-51.1645,-30.06238
1486409336,-51.1645,-30.06238
1486409349,-51.16452,-30.06239
1486409361,-51.16452,-30.06239
1486409372,-51.16452,-30.06239
1486409382,-51.16452,-30.06239
1486409394,-51.16452,-30.06239
1486409407,-51.16452,-30.06239
1486409419,-51.16452,-30.06239
1486409430,-51.16452,-30.06239
1486409442,-51.16452,-30.06239
1486409453,-51.16452,-30.06239
1486409463,-51.16455,-30.06239
1486409474,-51.16454,-30.0624
1486409486,-51.16454,-30.0624
1486409497,-51.16454,-30.0624
1486409508,-51.16454,-30.0624
1486409519,-51.16454,-30.0624
1486409537,-51.16454,-30.0624
1486409553,-51.16454,-30.0624
1486409564,-51.16454,-30.0624
1486409577,-51.16454,-30.0624
1486409588,-51.16454,-30.0624
1486409598,-51.16454,-30.0624
1486409619,-51.16454,-30.0624
1486409629,-51.16454,-30.0624
1486409646,-51.16454,-30.0624
1486409656,-51.16454,-30.0624
1486409667,-51.16454,-30.0624
1486409684,-51.16454,-30.0624
1486409694,-51.16454,-30.0624
1486409705,-51.16454,-30.0624
1486409732,-51.16454,-30.0624
1486409749,-51.16454,-30.0624
1486409760,-51.16454,-30.0624
1486409771,-51.16454,-30.0624
1486409782,-51.16454,-30.0624
1486409798,-51.16454,-30.0624
1486409814,-51.16454,-30.0624
1486409824,-51.16454,-30.0624
1486409840,-51.16454,-30.0624
1486409851,-51.16454,-30.0624
1486409862,-51.16454,-30.0624
1486409873,-51.16454,-30.0624
1486409886,-51.16449,-30.06234
1486409898,-51.16449,-30.06234
1486409909,-51.16449,-30.06234
1486409921,-51.16449,-30.06234
1486409934,-51.16449,-30.06234
1486409944,-51.16449,-30.06234
1486409955,-51.16449,-30.06234
1486409968,-51.16449,-30.06234
1486409980,-51.16449,-30.06234
1486409992,-51.16449,-30.06234
1486410002,-51.16449,-30.06234
1486410015,-51.16449,-30.06234
1486410025,-51.16449,-30.06234
1486410036,-51.1645,-30.06234
1486410050,-51.1645,-30.06234
1486410061,-51.1645,-30.06234
1486410072,-51.1645,-30.06234
1486410085,-51.16451,-30.06236
1486410097,-51.16451,-30.06236
1486410107,-51.16451,-30.06236
1486410118,-51.16451,-30.06236
1486410128,-51.16451,-30.06236
1486410139,-51.16451,-30.06237
1486410150,-51.16449,-30.06236
1486410161,-51.16449,-30.06236
1486410172,-51.16449,-30.06236
1486410184,-51.16449,-30.06236
1486410196,-51.16449,-30.06236
1486410209,-51.16449,-30.06236
1486410220,-51.16449,-30.06236
1486410231,-51.16449,-30.06236
1486410242,-51.1645,-30.06237
1486410254,-51.16449,-30.06237
1486410267,-51.1645,-30.06237
1486410278,-51.1645,-30.06237
1486410292,-51.16449,-30.06237
1486410305,-51.16449,-30.06239
1486410330,-51.16454,-30.06235
1486410341,-51.16455,-30.06234
1486410366,-51.16454,-30.06238
1486410377,-51.16454,-30.06238
1486410388,-51.16454,-30.06238
1486410399,-51.16453,-30.06239
1486410412,-51.16453,-30.06239
1486410424,-51.16453,-30.06239
1486410448,-51.16453,-30.06239
1486410459,-51.16453,-30.06239
1486410470,-51.16453,-30.06239
1486410482,-51.16453,-30.06239
1486410493,-51.16453,-30.06239
1486410506,-51.16453,-30.06239
1486410518,-51.16453,-30.06239
1486410530,-51.16453,-30.06239
1486410541,-51.16453,-30.06239
1486410552,-51.16453,-30.06239
1486410563,-51.16453,-30.06239
1486410576,-51.16453,-30.06239
1486410588,-51.16453,-30.06239
1486410599,-51.16453,-30.06239
1486410609,-51.16453,-30.06239
1486410620,-51.16453,-30.06239
1486410631,-51.16453,-30.06239
1486410641,-51.16453,-30.06239
1486410653,-51.16453,-30.06239
1486410664,-51.16453,-30.06239
1486410675,-51.16453,-30.06239
1486410688,-51.16453,-30.06239
1486410699,-51.16453,-30.06239
1486410709,-51.16454,-30.06239
1486410720,-51.16455,-30.06241
1486410733,-51.16456,-30.0624
1486410743,-51.16456,-30.06241
1486410754,-51.16454,-30.0624
1486410765,-51.16453,-30.06241
1486410775,-51.16454,-30.06239
1486410785,-51.16454,-30.06229
1486410794,-51.16423,-30.06229
1486410798,-51.16402,-30.06229
1486410802,-51.1637,-30.0623
1486410806,-51.16328,-30.06231
1486410809,-51.16304,-30.06243
1486410814,-51.16296,-30.06266
1486410825,-51.16325,-30.06295
1486410828,-51.16356,-30.063
1486410834,-51.16435,-30.06308
1486410835,-51.16461,-30.06312
1486410840,-51.16519,-30.06319
1486410843,-51.16557,-30.06325
1486410845,-51.16585,-30.06331
1486410850,-51.16594,-30.06354
1486410853,-51.16588,-30.06384
1486410861,-51.16573,-30.06464
1486410864,-51.16567,-30.06491
1486410866,-51.16565,-30.06509
1486410869,-51.16556,-30.06538
1486410872,-51.16551,-30.06567
1486410876,-51.16549,-30.06587
1486410879,-51.16543,-30.06617
1486410885,-51.16534,-30.06671
1486410887,-51.1653,-30.06694
1486410891,-51.16525,-30.06713
1486410901,-51.16525,-30.0671
1486410911,-51.16528,-30.06711
1486410922,-51.16529,-30.06711
1486410932,-51.16524,-30.0671
1486410942,-51.16526,-30.06704
1486410945,-51.16529,-30.06681
1486410950,-51.16537,-30.06657
1486410960,-51.16538,-30.06639
1486410964,-51.16544,-30.06618
1486410969,-51.1655,-30.06593
1486410974,-51.1655,-30.06569
1486410976,-51.16553,-30.06546
1486410979,-51.16557,-30.06527
1486410981,-51.16562,-30.06505
1486410983,-51.16569,-30.0647
1486410986,-51.16572,-30.06445
1486410988,-51.16576,-30.06423
1486410990,-51.1658,-30.06405
1486410994,-51.16586,-30.06375
1486410998,-51.16593,-30.06358
1486411008,-51.16594,-30.06353
1486411018,-51.16593,-30.0635
1486411029,-51.16593,-30.06349
1486411039,-51.16594,-30.06338
1486411044,-51.16569,-30.0633
1486411048,-51.16538,-30.06326
1486411051,-51.16513,-30.06324
1486411054,-51.1649,-30.0632
1486411057,-51.16462,-30.06317
1486411063,-51.16444,-30.06307
1486411066,-51.16447,-30.06288
1486411070,-51.1645,-30.06258
1486411075,-51.16455,-30.0624
1486411085,-51.16456,-30.06237
1486411095,-51.16455,-30.0624
1486411105,-51.16453,-30.06242
1486411116,-51.16453,-30.06241
1486411126,-51.16453,-30.06241
1486411136,-51.16453,-30.06241
1486411147,-51.16453,-30.06241
1486411157,-51.16453,-30.0624
1486411167,-51.16451,-30.06241
1486411177,-51.16449,-30.06241
1486411188,-51.1645,-30.06242
1486411198,-51.16451,-30.06244
1486411208,-51.16453,-30.06242
1486411219,-51.16453,-30.06242
1486411229,-51.16453,-30.06242
1486411239,-51.16453,-30.06242
1486411249,-51.16453,-30.06242
1486411260,-51.16453,-30.06242
1486411270,-51.16453,-30.06242
1486411280,-51.16453,-30.06242
1486411291,-51.16453,-30.06242
1486411301,-51.16453,-30.06242
1486411311,-51.16453,-30.06242
1486411322,-51.16453,-30.06242
1486411332,-51.16453,-30.06242
1486411342,-51.16453,-30.06242
1486411352,-51.16453,-30.06242
1486411363,-51.16453,-30.06242
1486411373,-51.16454,-30.06243
1486411383,-51.16454,-30.06242
1486411394,-51.16454,-30.06242
1486411404,-51.16454,-30.06242
1486411414,-51.16454,-30.06242
1486411424,-51.16454,-30.06242
1486411435,-51.16454,-30.06242
1486411445,-51.16454,-30.06242
1486411455,-51.16454,-30.06242
1486411466,-51.16454,-30.06242
1486411476,-51.16454,-30.06242
1486411486,-51.16454,-30.06242
1486411507,-51.16454,-30.06242
1486411517,-51.16454,-30.06242
1486411527,-51.16454,-30.06242
1486411538,-51.16454,-30.06242
1486411548,-51.16454,-30.06242
1486411558,-51.16454,-30.06242
1486411569,-51.16454,-30.06242
1486411579,-51.16454,-30.06242
1486411589,-51.16454,-30.06242
1486411599,-51.16454,-30.06242
1486411610,-51.16454,-30.06242
1486411620,-51.16454,-30.06242
1486411630,-51.16454,-30.06242
1486411641,-51.16454,-30.06242
1486411651,-51.16454,-30.06242
1486411661,-51.16454,-30.06242
1486411671,-51.16454,-30.06242
1486411682,-51.16454,-30.06242
1486411692,-51.16454,-30.06242
1486411702,-51.16454,-30.06242
1486411713,-51.16454,-30.06242
1486411723,-51.16454,-30.06242
1486411733,-51.16454,-30.06242
1486411743,-51.16454,-30.06242
1486411754,-51.16454,-30.06242
1486411764,-51.16454,-30.06242
1486411774,-51.16454,-30.06242
1486411785,-51.16454,-30.06242
1486411795,-51.16454,-30.06242
1486411816,-51.16454,-30.06242
1486411826,-51.16454,-30.06242
1486411836,-51.16454,-30.06242
1486411846,-51.16454,-30.06242
1486411857,-51.16454,-30.06242
1486411867,-51.16454,-30.06242
1486411877,-51.16454,-30.06243
1486411888,-51.16454,-30.0624
1486411898,-51.16454,-30.06238
1486411908,-51.16454,-30.06238
1486411919,-51.16457,-30.06237
1486411929,-51.16455,-30.06236
1486411939,-51.16454,-30.06232
1486411949,-51.16429,-30.06223
1486411953,-51.16406,-30.06225
1486411956,-51.16375,-30.06228
1486411957,-51.16349,-30.0623
1486411960,-51.16325,-30.06231
1486411964,-51.16299,-30.06238
1486411968,-51.16293,-30.06265
1486411977,-51.16288,-30.06283
1486411983,-51.16285,-30.06303
1486411987,-51.1628,-30.06332
1486411991,-51.16273,-30.06366
1486411994,-51.16271,-30.06392
1486412001,-51.16265,-30.06437
1486412013,-51.1624,-30.06562
1486412019,-51.16231,-30.06617
1486412021,-51.16227,-30.0664
1486412024,-51.16222,-30.06661
1486412027,-51.16212,-30.06707
1486412028,-51.16208,-30.06728
1486412031,-51.16205,-30.06748
1486412033,-51.16202,-30.06768
1486412042,-51.16192,-30.06803
1486412045,-51.16191,-30.06822
1486412052,-51.16183,-30.06876
1486412055,-51.1618,-30.06896
1486412057,-51.16177,-30.06915
1486412061,-51.16175,-30.06934
1486412064,-51.16171,-30.06955
1486412067,-51.16167,-30.06974
1486412070,-51.16164,-30.06995
1486412074,-51.16159,-30.07016
1486412078,-51.16155,-30.07035
1486412084,-51.16155,-30.07055
1486412098,-51.16232,-30.07056
1486412105,-51.16336,-30.07061
1486412107,-51.16384,-30.07069
1486412110,-51.16409,-30.07072
1486412114,-51.16439,-30.07075
1486412126,-51.16442,-30.07075
1486412136,-51.16442,-30.07084
1486412149,-51.16391,-30.07071
1486412154,-51.16323,-30.0706
1486412155,-51.16292,-30.07054
1486412160,-51.16228,-30.07052
1486412167,-51.16157,-30.07054
1486412173,-51.16144,-30.07069
1486412178,-51.16138,-30.07094
1486412183,-51.16129,-30.07125
1486412193,-51.16119,-30.07139
1486412204,-51.1612,-30.07141
1486412214,-51.1612,-30.07141
1486412225,-51.1612,-30.07141
1486412235,-51.1612,-30.07141
1486412245,-51.1612,-30.07141
1486412256,-51.1612,-30.07141
1486412266,-51.1612,-30.07141
1486412276,-51.1612,-30.07141
1486412286,-51.1612,-30.07141
1486412297,-51.1612,-30.07141
1486412307,-51.1612,-30.07141
1486412317,-51.1612,-30.07141
1486412328,-51.1612,-30.07141
1486412338,-51.1612,-30.07141
1486412348,-51.1612,-30.07141
1486412359,-51.1612,-30.07141
1486412369,-51.1612,-30.07141
1486412380,-51.1612,-30.07141
1486412390,-51.1612,-30.07141
1486412400,-51.1612,-30.07141
1486412410,-51.1612,-30.07141
1486412422,-51.1612,-30.07141
1486412433,-51.1612,-30.07141
1486412444,-51.1612,-30.07141
1486412455,-51.1612,-30.07141
1486412466,-51.1612,-30.07141
1486412486,-51.1613,-30.07122
1486412488,-51.16134,-30.07102
1486412491,-51.16143,-30.07068
1486412493,-51.16148,-30.07041
1486412494,-51.16153,-30.07012
1486412500,-51.16167,-30.06941
1486412503,-51.16173,-30.06897
1486412506,-51.1618,-30.06851
1486412508,-51.16184,-30.06826
1486412510,-51.16186,-30.06807
1486412520,-51.16192,-30.06787
1486412523,-51.16198,-30.06762
1486412525,-51.16203,-30.06736
1486412526,-51.16209,-30.06702
1486412530,-51.16222,-30.06643
1486412531,-51.16226,-30.06622
1486412532,-51.16233,-30.06586
1486412537,-51.16247,-30.0652
1486412539,-51.16254,-30.06485
1486412542,-51.16265,-30.06426
1486412543,-51.16268,-30.06406
1486412547,-51.16282,-30.06337
1486412549,-51.16286,-30.06312
1486412555,-51.16295,-30.06295
1486412559,-51.1632,-30.06291
1486412562,-51.16342,-30.06296
1486412566,-51.1639,-30.06301
1486412570,-51.16414,-30.06306
1486412574,-51.16436,-30.06307
1486412582,-51.16448,-30.06263
1486412589,-51.1645,-30.06245
1486412599,-51.16453,-30.06244
1486412609,-51.16456,-30.06243
1486412620,-51.16454,-30.06243
1486412630,-51.16453,-30.06243
1486412640,-51.16453,-30.06243
1486412650,-51.16454,-30.06243
1486412661,-51.16455,-30.06244
1486412671,-51.16456,-30.06244
1486412681,-51.16455,-30.06239
1486412692,-51.16454,-30.06237
1486412702,-51.16454,-30.06237
1486412712,-51.16454,-30.06237
1486412722,-51.16454,-30.06237
1486412733,-51.16454,-30.06237
1486412743,-51.16454,-30.06237
1486412754,-51.16454,-30.06237
1486412764,-51.16454,-30.06237
1486412784,-51.16455,-30.06234
1486412795,-51.16455,-30.06234
1486412805,-51.16455,-30.06234
1486412815,-51.16455,-30.06234
1486412826,-51.16455,-30.06234
1486412836,-51.16455,-30.06234
1486412846,-51.16455,-30.06234
1486412856,-51.16455,-30.06234
1486412867,-51.16455,-30.06234
1486412877,-51.16455,-30.06234
1486412887,-51.16455,-30.06234
1486412897,-51.16455,-30.06234
1486412908,-51.16455,-30.06234
1486412918,-51.16455,-30.06234
1486412928,-51.16455,-30.06234
1486412939,-51.16455,-30.06234
1486412949,-51.16455,-30.06234
1486412959,-51.16455,-30.06234
1486412970,-51.16455,-30.06235
1486412980,-51.16454,-30.06235
1486412990,-51.16454,-30.06235
1486413000,-51.16454,-30.06235
1486413021,-51.16454,-30.06235
1486413031,-51.16454,-30.06235
1486413041,-51.16454,-30.06235
1486413052,-51.16454,-30.06235
1486413062,-51.16454,-30.06235
1486413072,-51.16454,-30.06235
1486413083,-51.16454,-30.06235
1486413093,-51.16454,-30.06235
1486413103,-51.16454,-30.06235
1486413114,-51.16454,-30.06235
1486413124,-51.16454,-30.06235
1486413134,-51.16454,-30.06235
1486413144,-51.16454,-30.06235
1486413155,-51.16454,-30.06235
1486413165,-51.16454,-30.06235
1486413180,-51.16429,-30.06223
1486413184,-51.16386,-30.06226
1486413187,-51.16334,-30.06226
1486413192,-51.16306,-30.0623
1486413195,-51.16299,-30.06248
1486413198,-51.16297,-30.06277
1486413204,-51.16294,-30.06295
1486413207,-51.16289,-30.06318
1486413211,-51.16283,-30.06352
1486413213,-51.16276,-30.06381
1486413216,-51.16272,-30.06401
1486413218,-51.16267,-30.06423
1486413221,-51.16262,-30.06459
1486413227,-51.1625,-30.06508
1486413231,-51.16246,-30.06537
1486413236,-51.16237,-30.0658
1486413238,-51.16234,-30.06598
1486413240,-51.16231,-30.06617
1486413244,-51.16221,-30.06654
1486413249,-51.1621,-30.0671
1486413251,-51.16206,-30.06734
1486413254,-51.16199,-30.06769
1486413256,-51.16194,-30.06787
1486413263,-51.1619,-30.06832
1486413266,-51.16186,-30.06862
1486413270,-51.16177,-30.06909
1486413276,-51.16164,-30.06989
1486413281,-51.16156,-30.07031
1486413285,-51.16148,-30.0706
1486413286,-51.16143,-30.07078
1486413289,-51.16135,-30.07103
1486413292,-51.16125,-30.07128
1486413294,-51.16121,-30.07147
1486413299,-51.16112,-30.07214
1486413301,-51.16108,-30.07246
1486413302,-51.16104,-30.07278
1486413308,-51.16095,-30.07345
1486413309,-51.1609,-30.07367
1486413313,-51.16082,-30.07395
1486413315,-51.1608,-30.07413
1486413318,-51.16076,-30.0744
1486413322,-51.16069,-30.07469
1486413327,-51.16066,-30.07495
1486413335,-51.16063,-30.07516
1486413342,-51.16063,-30.07535
1486413346,-51.16086,-30.07536
1486413349,-51.16112,-30.07537
1486413353,-51.16147,-30.0754
1486413361,-51.16208,-30.07549
1486413364,-51.16238,-30.07552
1486413367,-51.16269,-30.07557
1486413378,-51.16377,-30.07572
1486413387,-51.16455,-30.07581
1486413391,-51.16478,-30.07585
1486413394,-51.16503,-30.07591
1486413400,-51.1653,-30.07596
1486413411,-51.16535,-30.07593
1486413422,-51.16546,-30.07594
1486413436,-51.16537,-30.07595
1486413442,-51.16512,-30.07592
1486413453,-51.1646,-30.07586
1486413458,-51.16437,-30.07584
1486413468,-51.16423,-30.07584
1486413479,-51.16424,-30.07583
1486413489,-51.16424,-30.07583
1486413500,-51.16423,-30.07583
1486413511,-51.1642,-30.07583
1486413519,-51.16393,-30.07578
1486413525,-51.16361,-30.07572
1486413533,-51.16317,-30.07565
1486413538,-51.16298,-30.07574
1486413543,-51.16274,-30.07599
1486413554,-51.16241,-30.07626
1486413651,-51.16241,-30.07629
1486413661,-51.16241,-30.07629
1486413724,-51.16241,-30.07629
1486413737,-51.16241,-30.07629
1486413787,-51.16228,-30.07648
1486413798,-51.16244,-30.07689
1486413837,-51.1638,-30.07573
1486413840,-51.16411,-30.07576
1486413844,-51.16455,-30.07583
1486413853,-51.16568,-30.07598
1486413856,-51.1659,-30.076
1486413858,-51.16612,-30.07602
1486413861,-51.1664,-30.07605
1486413864,-51.16663,-30.07608
1486413868,-51.16691,-30.0761
1486413873,-51.16713,-30.07608
1486413883,-51.16716,-30.07606
1486413894,-51.16719,-30.07591
1486413904,-51.16722,-30.07584
1486413915,-51.1672,-30.07587
1486413931,-51.16719,-30.07591
1486413942,-51.16716,-30.07592
1486413954,-51.16719,-30.0759
1486413965,-51.1672,-30.07587
1486413976,-51.16721,-30.07586
1486413987,-51.16717,-30.07586
1486414002,-51.16713,-30.07589
1486414013,-51.16712,-30.07591
1486414029,-51.16717,-30.07589
1486414049,-51.16718,-30.07587
1486414059,-51.16719,-30.07586
1486414069,-51.1672,-30.07588
1486414080,-51.16714,-30.0759
1486414094,-51.16711,-30.07606
1486414105,-51.16715,-30.07611
1486414116,-51.16734,-30.07616
1486414121,-51.16786,-30.07625
1486414126,-51.16818,-30.07629
1486414135,-51.16876,-30.07629
1486414139,-51.16904,-30.07625
1486414148,-51.16926,-30.07588
1486414150,-51.16932,-30.07569
1486414162,-51.16963,-30.07521
1486414165,-51.16973,-30.07493
1486414166,-51.1698,-30.07473
1486414171,-51.16989,-30.07445
1486414174,-51.16992,-30.07427
1486414177,-51.16994,-30.07399
1486414179,-51.16997,-30.07379
1486414182,-51.16998,-30.07358
1486414186,-51.17,-30.0734
1486414188,-51.17004,-30.0732
1486414192,-51.17008,-30.07295
1486414194,-51.17013,-30.07277
1486414197,-51.17021,-30.07235
1486414200,-51.17024,-30.07211
1486414202,-51.17031,-30.07187
1486414204,-51.17038,-30.07163
1486414209,-51.17049,-30.07092
1486414211,-51.17056,-30.07066
1486414213,-51.17063,-30.07038
1486414214,-51.17069,-30.07009
1486414217,-51.17072,-30.06984
1486414219,-51.17076,-30.06963
1486414229,-51.17113,-30.06838
1486414234,-51.17162,-30.06788
1486414235,-51.17189,-30.06773
1486414242,-51.17242,-30.06747
1486414248,-51.17265,-30.06685
1486414251,-51.17279,-30.06662
1486414254,-51.1731,-30.06633
1486414256,-51.17331,-30.06624
1486414260,-51.17356,-30.06617
1486414270,-51.17373,-30.0662
1486414280,-51.17375,-30.06621
1486414291,-51.17375,-30.06621
1486414302,-51.17381,-30.06643
1486414306,-51.17376,-30.06661
1486414309,-51.17381,-30.06682
1486414316,-51.17415,-30.06727
1486414320,-51.17439,-30.06735
1486414322,-51.17461,-30.06739
1486414325,-51.17491,-30.06743
1486414327,-51.1752,-30.06745
1486414338,-51.17536,-30.06744
1486414345,-51.17559,-30.06745
1486414347,-51.17582,-30.06745
1486414352,-51.17622,-30.06744
1486414355,-51.17656,-30.06739
1486414358,-51.17687,-30.06737
1486414360,-51.17708,-30.06733
1486414362,-51.17732,-30.06725
1486414364,-51.17752,-30.06716
1486414366,-51.17782,-30.06702
1486414370,-51.17804,-30.06693
1486414380,-51.17811,-30.06691
1486414387,-51.17836,-30.06711
1486414394,-51.17855,-30.06764
1486414402,-51.17883,-30.06834
1486414404,-51.17891,-30.06856
1486414407,-51.17905,-30.0689
1486414411,-51.17932,-30.06929
1486414413,-51.1795,-30.06945
1486414416,-51.17986,-30.06979
1486414419,-51.18005,-30.06995
1486414421,-51.18023,-30.0701
1486414423,-51.18039,-30.07024
1486414425,-51.18054,-30.07036
1486414432,-51.18075,-30.0705
1486414436,-51.18095,-30.0706
1486414441,-51.18122,-30.07073
1486414445,-51.18151,-30.07086
1486414450,-51.18173,-30.07095
1486414455,-51.18213,-30.07063
1486414459,-51.18239,-30.07045
1486414464,-51.18295,-30.07004
1486414467,-51.18313,-30.06991
1486414469,-51.18333,-30.06977
1486414472,-51.18374,-30.06948
1486414475,-51.18389,-30.06936
1486414477,-51.18406,-30.06924
1486414480,-51.1843,-30.06907
1486414484,-51.18449,-30.06895
1486414496,-51.18501,-30.06964
1486414500,-51.18515,-30.06992
1486414503,-51.18527,-30.07011
1486414507,-51.18551,-30.0701
1486414509,-51.1857,-30.07002
1486414515,-51.18639,-30.06972
1486414517,-51.18665,-30.0696
1486414522,-51.18744,-30.06926
1486414526,-51.1877,-30.06913
1486414536,-51.18784,-30.06908
1486414547,-51.18784,-30.06908
1486414557,-51.18784,-30.06908
1486414567,-51.18784,-30.06908
1486414577,-51.18784,-30.06908
1486414588,-51.18804,-30.06903
1486414591,-51.18829,-30.06908
1486414594,-51.18847,-30.06928
1486414595,-51.18859,-30.06944
1486414599,-51.18877,-30.0697
1486414605,-51.18904,-30.07011
1486414608,-51.18915,-30.07027
1486414613,-51.18926,-30.07043
1486414623,-51.18938,-30.07057
1486414633,-51.18947,-30.07064
1486414642,-51.18961,-30.07078
1486414648,-51.18976,-30.07093
1486414652,-51.18994,-30.07107
1486414657,-51.19013,-30.07128
1486414663,-51.19032,-30.07142
1486414672,-51.19053,-30.07153
1486414680,-51.19079,-30.07162
1486414686,-51.19099,-30.07153
1486414689,-51.1911,-30.07126
1486414690,-51.1912,-30.07102
1486414694,-51.19138,-30.07063
1486414699,-51.19163,-30.07004
1486414706,-51.19188,-30.06971
1486414709,-51.19215,-30.06971
1486414712,-51.19228,-30.06956
1486414717,-51.19219,-30.06931
1486414723,-51.19217,-30.06908
1486414728,-51.19247,-30.06896
1486414731,-51.19285,-30.06874
1486414734,-51.19308,-30.06858
1486414736,-51.19331,-30.0684
1486414738,-51.19355,-30.06821
1486414739,-51.19379,-30.06803
1486414743,-51.19414,-30.06775
1486414745,-51.19435,-30.0676
1486414747,-51.19455,-30.06746
1486414751,-51.19498,-30.06717
1486414757,-51.19524,-30.06716
1486414760,-51.19548,-30.06741
1486414765,-51.19574,-30.06774
1486414767,-51.19591,-30.06794
1486414769,-51.19609,-30.06817
1486414770,-51.19628,-30.06842
1486414773,-51.1965,-30.06872
1486414784,-51.19746,-30.06987
1486414786,-51.19777,-30.07024
1486414789,-51.19797,-30.07049
1486414794,-51.19842,-30.07087
1486414795,-51.19866,-30.07088
1486414798,-51.19889,-30.07089
1486414800,-51.19914,-30.07089
1486414802,-51.19939,-30.0709
1486414804,-51.19963,-30.07092
1486414806,-51.19987,-30.07094
1486414810,-51.20037,-30.07096
1486414821,-51.20054,-30.07098
1486414826,-51.20073,-30.07085
1486414828,-51.20085,-30.07064
1486414832,-51.20103,-30.07037
1486414835,-51.20121,-30.07004
1486414838,-51.2014,-30.0697
1486414839,-51.20153,-30.06946
1486414844,-51.20174,-30.06902
1486414847,-51.20194,-30.06888
1486414849,-51.20218,-30.06889
1486414853,-51.20243,-30.06889
1486414859,-51.20246,-30.06864
1486414872,-51.20317,-30.06828
1486414874,-51.20338,-30.06822
1486414879,-51.20388,-30.06808
1486414881,-51.2041,-30.06801
1486414882,-51.2043,-30.06796
1486414886,-51.20463,-30.06786
1486414889,-51.20491,-30.06778
1486414892,-51.20518,-30.0677
1486414894,-51.20539,-30.06765
1486414905,-51.2054,-30.06768
1486414915,-51.20541,-30.06768
1486414925,-51.20542,-30.06787
1486414927,-51.20535,-30.06811
1486414933,-51.20518,-30.06862
1486414937,-51.20529,-30.06879
1486414942,-51.20579,-30.06888
1486414944,-51.20604,-30.06892
1486414946,-51.2063,-30.06896
1486414955,-51.20722,-30.06908
1486414957,-51.20753,-30.06913
1486414960,-51.2078,-30.06916
1486414966,-51.20873,-30.0693
1486414969,-51.20903,-30.06928
1486414971,-51.20934,-30.06923
1486414973,-51.20965,-30.06917
1486414982,-51.21093,-30.06892
1486414987,-51.21166,-30.06877
1486414989,-51.21196,-30.06871
1486414990,-51.21222,-30.06866
1486414993,-51.21245,-30.0686
1486414997,-51.21267,-30.06855
1486415007,-51.2127,-30.06856
1486415018,-51.21269,-30.06855
1486415028,-51.21265,-30.06854
1486415038,-51.21278,-30.06853
1486415042,-51.21305,-30.06847
1486415046,-51.21338,-30.06839
1486415050,-51.21391,-30.06836
1486415055,-51.21438,-30.06836
1486415057,-51.21464,-30.06836
1486415058,-51.2149,-30.06837
1486415062,-51.21524,-30.06843
1486415065,-51.21553,-30.06849
1486415068,-51.21575,-30.06856
1486415071,-51.21592,-30.06875
1486415075,-51.21588,-30.06896
1486415078,-51.21577,-30.0692
1486415082,-51.21571,-30.06944
1486415086,-51.21595,-30.06963
1486415090,-51.21619,-30.06978
1486415094,-51.21637,-30.06997
1486415096,-51.2165,-30.07012
1486415100,-51.21667,-30.07032
1486415103,-51.21681,-30.07051
1486415112,-51.21731,-30.07111
1486415115,-51.21751,-30.07135
1486415116,-51.21765,-30.07151
1486415119,-51.21781,-30.07169
1486415122,-51.21805,-30.07195
1486415124,-51.2182,-30.07212
1486415131,-51.21878,-30.07283
1486415134,-51.21898,-30.07292
1486415136,-51.21918,-30.07288
1486415141,-51.21944,-30.07271
1486415149,-51.21995,-30.07278
1486415154,-51.22025,-30.07307
1486415156,-51.22043,-30.07321
1486415158,-51.22061,-30.07337
1486415159,-51.22077,-30.07352
1486415162,-51.22095,-30.07368
1486415165,-51.22116,-30.07386
1486415170,-51.22131,-30.07403
1486418347,-51.16453,-30.06239
