1488919136,-46.69469,-23.57267
1488919137,-46.69467,-23.57267
1488919148,-46.69467,-23.57267
1488919160,-46.69467,-23.57265
1488919170,-46.69472,-23.57265
1488919183,-46.69477,-23.57268
1488919193,-46.69475,-23.57266
1488919204,-46.6947,-23.57266
1488919225,-46.69468,-23.57266
1488919234,-46.69461,-23.57283
1488919239,-46.69448,-23.57305
1488919242,-46.69437,-23.57324
1488919249,-46.69403,-23.57369
1488919254,-46.69386,-23.57391
1488919256,-46.69373,-23.57413
1488919260,-46.6936,-23.57438
1488919265,-46.69378,-23.57453
1488919268,-46.69395,-23.57463
1488919272,-46.69419,-23.57474
1488919278,-46.69445,-23.57487
1488919281,-46.69464,-23.57498
1488919286,-46.69492,-23.57512
1488919290,-46.69515,-23.57524
1488919295,-46.69536,-23.57537
1488919304,-46.69553,-23.57547
1488919314,-46.69563,-23.57552
1488919326,-46.69577,-23.57557
1488919342,-46.69591,-23.57563
1488919354,-46.69594,-23.57564
1488919364,-46.69609,-23.57549
1488919368,-46.6962,-23.57534
1488919372,-46.69631,-23.57518
1488919385,-46.69635,-23.57502
1488919388,-46.69635,-23.57501
1488919395,-46.69634,-23.57501
1488919407,-46.69582,-23.57474
1488919411,-46.69556,-23.57459
1488919421,-46.69478,-23.57417
1488919424,-46.69455,-23.57406
1488919428,-46.69425,-23.57389
1488919435,-46.69405,-23.5738
1488919443,-46.69407,-23.57352
1488919446,-46.69417,-23.57335
1488919461,-46.69435,-23.57309
1488919482,-46.69435,-23.57308
1488919492,-46.69435,-23.57308
1488919503,-46.69435,-23.57308
1488919514,-46.69435,-23.57308
1488919525,-46.69431,-23.57291
1488919527,-46.69405,-23.57269
1488919532,-46.6937,-23.57251
1488919535,-46.69356,-23.57233
1488919542,-46.69367,-23.57216
1488919546,-46.69383,-23.57203
1488919560,-46.69357,-23.57142
1488919564,-46.69336,-23.57139
1488919566,-46.69297,-23.57135
1488919568,-46.69273,-23.5713
1488919574,-46.69217,-23.57125
1488919576,-46.69174,-23.57119
1488919578,-46.69154,-23.57114
1488919582,-46.69131,-23.57114
1488919605,-46.69128,-23.57115
1488919615,-46.69112,-23.57113
1488919619,-46.69086,-23.5711
1488919624,-46.69057,-23.57102
1488919627,-46.69034,-23.57091
1488919630,-46.69014,-23.57081
1488919635,-46.68992,-23.57062
1488919640,-46.68937,-23.57031
1488919642,-46.68919,-23.57018
1488919649,-46.68846,-23.56993
1488919655,-46.68811,-23.56976
1488919658,-46.68791,-23.56964
1488919676,-46.68728,-23.56928
1488919681,-46.68693,-23.56911
1488919684,-46.68665,-23.56898
1488919687,-46.68644,-23.56886
1488919688,-46.68627,-23.56875
1488919704,-46.68509,-23.56811
1488919708,-46.68491,-23.56797
1488919719,-46.68481,-23.56795
1488919730,-46.68481,-23.56797
1488919743,-46.68481,-23.56797
1488919762,-46.6844,-23.56771
1488919768,-46.68391,-23.56747
1488919770,-46.68374,-23.56737
1488919773,-46.68355,-23.56727
1488919780,-46.6829,-23.567
1488919786,-46.68249,-23.56676
1488919791,-46.68221,-23.56663
1488919795,-46.68156,-23.56623
1488919798,-46.68118,-23.56602
1488919805,-46.68097,-23.56591
1488919812,-46.68002,-23.56542
1488919823,-46.67999,-23.56538
1488919835,-46.67998,-23.56538
1488919853,-46.67968,-23.56522
1488919864,-46.67963,-23.56521
1488919886,-46.67959,-23.5652
1488919894,-46.67936,-23.56509
1488919902,-46.67915,-23.56499
1488919905,-46.67896,-23.56491
1488919910,-46.67869,-23.56472
1488919933,-46.67863,-23.5647
1488919944,-46.67863,-23.56471
1488919956,-46.67863,-23.5647
1488919983,-46.67863,-23.5647
1488919991,-46.67843,-23.56459
1488919996,-46.6782,-23.56442
1488920002,-46.67747,-23.56404
1488920014,-46.67599,-23.56312
1488920023,-46.67523,-23.5625
1488920027,-46.6749,-23.56225
1488920031,-46.67453,-23.56199
1488920033,-46.67423,-23.56183
1488920036,-46.67404,-23.56172
1488920038,-46.67385,-23.56163
1488920052,-46.67266,-23.56085
1488920055,-46.67227,-23.56061
1488920058,-46.67199,-23.5605
1488920061,-46.6717,-23.56036
1488920064,-46.67147,-23.56021
1488920069,-46.67113,-23.56007
1488920080,-46.67033,-23.55962
1488920085,-46.6698,-23.5593
1488920087,-46.66963,-23.5592
1488920093,-46.66918,-23.55885
1488920094,-46.66897,-23.55879
1488920098,-46.66874,-23.55865
1488920102,-46.66828,-23.55845
1488920107,-46.66781,-23.55812
1488920110,-46.66765,-23.558
1488920112,-46.6674,-23.55785
1488920115,-46.66724,-23.55772
1488920116,-46.66709,-23.5576
1488920119,-46.66694,-23.55745
1488920123,-46.66654,-23.55716
1488920125,-46.66632,-23.557
1488920135,-46.66632,-23.557
1488920142,-46.66682,-23.55563
1488920165,-46.66685,-23.55341
1488920168,-46.66669,-23.55309
1488920170,-46.66653,-23.55273
1488920172,-46.66634,-23.55259
1488920177,-46.666,-23.55233
1488920180,-46.66574,-23.55214
1488920184,-46.66554,-23.55195
1488920187,-46.66541,-23.55171
1488920192,-46.66535,-23.55153
1488920203,-46.66534,-23.55151
1488920214,-46.66534,-23.55152
1488920224,-46.66541,-23.55132
1488920237,-46.66583,-23.55031
1488920241,-46.66601,-23.5499
1488920244,-46.66611,-23.54953
1488920249,-46.66617,-23.54915
1488920255,-46.66615,-23.54841
1488920272,-46.66619,-23.54619
1488920274,-46.66619,-23.54591
1488920278,-46.66622,-23.54554
1488920280,-46.66621,-23.54532
1488920290,-46.66613,-23.54518
1488920316,-46.6658,-23.5446
1488920319,-46.66545,-23.54452
1488920328,-46.665,-23.5444
1488920332,-46.665,-23.54414
1488920336,-46.66513,-23.54387
1488920342,-46.66533,-23.54337
1488920345,-46.66529,-23.5429
1488920348,-46.66524,-23.54263
1488920350,-46.66513,-23.54236
1488920363,-46.66452,-23.5409
1488920372,-46.66416,-23.53986
1488920377,-46.66392,-23.53943
1488920382,-46.66386,-23.53879
1488920384,-46.66388,-23.5385
1488920387,-46.66384,-23.53826
1488920389,-46.66376,-23.53792
1488920393,-46.6637,-23.53749
1488920404,-46.6637,-23.53749
1488920416,-46.66361,-23.53743
1488920427,-46.6636,-23.53743
1488920434,-46.66347,-23.5372
1488920439,-46.66335,-23.53688
1488920442,-46.6632,-23.53652
1488920444,-46.66315,-23.53633
1488920448,-46.66299,-23.53596
1488920452,-46.66279,-23.5356
1488920454,-46.66269,-23.53543
1488920467,-46.6624,-23.53513
1488920478,-46.6624,-23.53514
1488920492,-46.66236,-23.53497
1488920498,-46.66221,-23.53456
1488920504,-46.66211,-23.53434
1488920514,-46.66198,-23.53412
1488920518,-46.66183,-23.53394
1488920525,-46.66171,-23.53364
1488920545,-46.66147,-23.53309
1488920548,-46.66134,-23.53295
1488920562,-46.66133,-23.53277
1488920574,-46.66123,-23.53268
1488920585,-46.66124,-23.5327
1488920602,-46.66112,-23.53251
1488920608,-46.66106,-23.5323
1488920621,-46.66107,-23.53227
1488920634,-46.66103,-23.53161
1488920637,-46.66099,-23.53138
1488920655,-46.66095,-23.53103
1488920666,-46.66093,-23.53097
1488920671,-46.66093,-23.53068
1488920676,-46.66093,-23.53046
1488920682,-46.66095,-23.53023
1488920688,-46.66099,-23.52979
1488920693,-46.66093,-23.52926
1488920702,-46.66086,-23.52819
1488920708,-46.66085,-23.528
1488920710,-46.66075,-23.52731
1488920713,-46.66067,-23.52706
1488920717,-46.66059,-23.52681
1488920722,-46.66053,-23.52656
1488920731,-46.66034,-23.52588
1488920734,-46.66026,-23.52557
1488920736,-46.66023,-23.52538
1488920741,-46.66016,-23.52505
1488920745,-46.6601,-23.52483
1488920760,-46.65983,-23.524
1488920762,-46.65978,-23.52381
1488920764,-46.65975,-23.52362
1488920769,-46.65968,-23.52344
1488920781,-46.65966,-23.52341
1488920800,-46.65964,-23.52341
1488920816,-46.65964,-23.52341
1488920829,-46.65947,-23.5229
1488920832,-46.65933,-23.52263
1488920836,-46.65915,-23.52237
1488920840,-46.65899,-23.52216
1488920847,-46.65871,-23.5218
1488920853,-46.6585,-23.52158
1488920856,-46.65833,-23.52141
1488920860,-46.65817,-23.52126
1488920864,-46.65803,-23.52114
1488920869,-46.65786,-23.52094
1488920875,-46.6577,-23.5208
1488920885,-46.65759,-23.52068
1488920896,-46.65743,-23.52053
1488920907,-46.65746,-23.52054
1488920919,-46.65745,-23.52054
1488920931,-46.65743,-23.52051
1488920934,-46.65728,-23.52039
1488920945,-46.6573,-23.52038
1488920967,-46.65728,-23.52039
1488920981,-46.65724,-23.52037
1488921003,-46.65724,-23.52034
1488921026,-46.65722,-23.52031
1488921037,-46.65723,-23.52031
1488921051,-46.65723,-23.52031
1488921062,-46.65723,-23.52031
1488921073,-46.65711,-23.52014
1488921084,-46.65708,-23.5201
1488921095,-46.65707,-23.52009
1488921107,-46.65702,-23.52006
1488921117,-46.65694,-23.51995
1488921128,-46.65679,-23.51983
1488921141,-46.65674,-23.51979
1488921153,-46.65673,-23.51979
1488921164,-46.65672,-23.51978
1488921180,-46.65642,-23.51947
1488921192,-46.65634,-23.5194
1488921199,-46.65623,-23.51924
1488921213,-46.65621,-23.51919
1488921228,-46.65621,-23.51919
1488921239,-46.65621,-23.51919
1488921252,-46.65621,-23.51919
1488921259,-46.65607,-23.51904
1488921270,-46.65599,-23.51896
1488921282,-46.65599,-23.51896
1488921294,-46.65599,-23.51896
1488921307,-46.65586,-23.51885
1488921318,-46.65571,-23.51873
1488921345,-46.65569,-23.51872
1488921358,-46.65569,-23.51872
1488921369,-46.6556,-23.51867
1488921387,-46.65554,-23.51834
1488921407,-46.6557,-23.51797
1488921414,-46.65559,-23.51779
1488921426,-46.65546,-23.51769
1488921441,-46.6553,-23.5176
1488921452,-46.65507,-23.51759
1488921463,-46.65494,-23.51759
1488921474,-46.65487,-23.51763
1488921485,-46.65475,-23.51764
1488921493,-46.65447,-23.5177
1488921498,-46.65428,-23.51773
1488921504,-46.65378,-23.51778
1488921510,-46.65354,-23.51783
1488921514,-46.65313,-23.51787
1488921536,-46.65087,-23.51799
1488921539,-46.65067,-23.51801
1488921540,-46.65048,-23.51805
1488921545,-46.64993,-23.51812
1488921548,-46.64957,-23.51817
1488921553,-46.64905,-23.51823
1488921558,-46.64838,-23.51834
1488921560,-46.64794,-23.51839
1488921563,-46.64749,-23.51844
1488921567,-46.64705,-23.51845
1488921569,-46.64658,-23.51848
1488921573,-46.64611,-23.51853
1488921575,-46.64572,-23.51859
1488921578,-46.64535,-23.51866
1488921587,-46.64426,-23.51886
1488921590,-46.64363,-23.51896
1488921592,-46.64337,-23.51901
1488921594,-46.64311,-23.51907
1488921596,-46.6429,-23.51909
1488921597,-46.64254,-23.51913
1488921600,-46.64211,-23.51914
1488921602,-46.64182,-23.51914
1488921607,-46.64109,-23.51913
1488921613,-46.64027,-23.51912
1488921617,-46.63978,-23.51912
1488921626,-46.63943,-23.51913
1488921633,-46.63833,-23.51916
1488921652,-46.63789,-23.51922
1488921657,-46.63764,-23.51921
1488921660,-46.63743,-23.51923
1488921667,-46.63713,-23.51928
1488921678,-46.63665,-23.5193
1488921683,-46.6364,-23.51928
1488921688,-46.63609,-23.51925
1488921697,-46.63561,-23.51924
1488921701,-46.63528,-23.51926
1488921705,-46.63508,-23.51924
1488921708,-46.63481,-23.51926
1488921711,-46.63444,-23.5193
1488921718,-46.63368,-23.51935
1488921721,-46.63335,-23.51936
1488921724,-46.63305,-23.51939
1488921728,-46.63274,-23.51942
1488921729,-46.63254,-23.51944
1488921731,-46.63234,-23.51947
1488921733,-46.63213,-23.51949
1488921738,-46.63174,-23.51956
1488921741,-46.63128,-23.51965
1488921743,-46.63106,-23.51969
1488921750,-46.63057,-23.51976
1488921753,-46.63025,-23.51979
1488921759,-46.62985,-23.51985
1488921767,-46.62963,-23.51991
1488921779,-46.62936,-23.51981
1488921788,-46.62915,-23.5198
1488921800,-46.62894,-23.51977
1488921813,-46.62876,-23.51979
1488921823,-46.62853,-23.51982
1488921837,-46.62837,-23.51982
1488921866,-46.62809,-23.51977
1488921871,-46.6278,-23.51979
1488921878,-46.62753,-23.51981
1488921884,-46.62726,-23.51986
1488921888,-46.62706,-23.51985
1488921890,-46.62679,-23.51985
1488921901,-46.62671,-23.51983
1488921910,-46.62644,-23.51988
1488921912,-46.62624,-23.51989
1488921919,-46.62602,-23.51992
1488921947,-46.62571,-23.5199
1488921952,-46.6255,-23.5199
1488921963,-46.62508,-23.51992
1488921976,-46.62477,-23.51993
1488921978,-46.62448,-23.51996
1488921982,-46.62423,-23.51999
1488921997,-46.62401,-23.52002
1488922001,-46.62379,-23.52003
1488922012,-46.62346,-23.52002
1488922018,-46.62326,-23.52002
1488922023,-46.62303,-23.52
1488922029,-46.62279,-23.51998
1488922040,-46.62268,-23.51998
1488922046,-46.62245,-23.51994
1488922051,-46.62223,-23.51991
1488922055,-46.62198,-23.51986
1488922062,-46.62173,-23.51983
1488922070,-46.62149,-23.51974
1488922079,-46.62127,-23.51972
1488922096,-46.62084,-23.51961
1488922115,-46.62041,-23.51953
1488922126,-46.62021,-23.51947
1488922134,-46.61994,-23.51948
1488922139,-46.61971,-23.51945
1488922146,-46.61945,-23.51946
1488922152,-46.61924,-23.51946
1488922158,-46.61899,-23.51945
1488922167,-46.61872,-23.51945
1488922192,-46.61788,-23.51961
1488922199,-46.61767,-23.51968
1488922206,-46.61745,-23.51977
1488922216,-46.61699,-23.51996
1488922230,-46.61657,-23.52015
1488922238,-46.61638,-23.52024
1488922255,-46.61607,-23.52046
1488922264,-46.61582,-23.5206
1488922271,-46.61565,-23.52075
1488922289,-46.61534,-23.52104
1488922309,-46.61501,-23.52129
1488922318,-46.6148,-23.52143
1488922323,-46.61463,-23.52157
1488922328,-46.61447,-23.52168
1488922336,-46.61424,-23.52177
1488922338,-46.61406,-23.52187
1488922341,-46.61386,-23.52203
1488922346,-46.61363,-23.52218
1488922347,-46.61344,-23.5223
1488922349,-46.61325,-23.52244
1488922358,-46.6124,-23.5229
1488922359,-46.61219,-23.523
1488922363,-46.61194,-23.52309
1488922366,-46.61173,-23.5232
1488922371,-46.61138,-23.52334
1488922376,-46.61098,-23.52346
1488922378,-46.61057,-23.52354
1488922380,-46.61015,-23.52362
1488922383,-46.60973,-23.52368
1488922390,-46.60909,-23.52376
1488922397,-46.60847,-23.52377
1488922402,-46.6082,-23.52371
1488922404,-46.608,-23.52368
1488922408,-46.6077,-23.52363
1488922413,-46.6073,-23.52353
1488922421,-46.60629,-23.52329
1488922422,-46.60607,-23.52329
1488922426,-46.60578,-23.52323
1488922433,-46.60515,-23.52324
1488922435,-46.6049,-23.52327
1488922439,-46.60467,-23.52328
1488922442,-46.60441,-23.52334
1488922447,-46.60414,-23.52338
1488922450,-46.60393,-23.5234
1488922459,-46.60338,-23.52354
1488922464,-46.60303,-23.52367
1488922467,-46.60282,-23.52376
1488922470,-46.60245,-23.52398
1488922472,-46.60226,-23.52409
1488922473,-46.60207,-23.52421
1488922476,-46.60191,-23.52432
1488922480,-46.6016,-23.52457
1488922481,-46.60145,-23.52471
1488922485,-46.60121,-23.52491
1488922517,-46.5988,-23.5268
1488922519,-46.59844,-23.52709
1488922521,-46.59826,-23.52724
1488922523,-46.59806,-23.52737
1488922525,-46.59786,-23.52754
1488922543,-46.59631,-23.52878
1488922545,-46.59591,-23.52909
1488922553,-46.59532,-23.52945
1488922556,-46.59447,-23.52985
1488922558,-46.59418,-23.52996
1488922563,-46.59357,-23.53008
1488922565,-46.59314,-23.53014
1488922571,-46.59281,-23.53016
1488922583,-46.59096,-23.52948
1488922585,-46.59071,-23.52917
1488922588,-46.59048,-23.52888
1488922591,-46.59016,-23.52846
1488922593,-46.58996,-23.52821
1488922601,-46.58903,-23.52712
1488922603,-46.5889,-23.52694
1488922610,-46.58797,-23.52575
1488922614,-46.58725,-23.52492
1488922616,-46.58676,-23.52429
1488922618,-46.58661,-23.52408
1488922619,-46.58645,-23.52389
1488922621,-46.58612,-23.52348
1488922622,-46.58595,-23.52328
1488922627,-46.5849,-23.52196
1488922630,-46.58433,-23.52132
1488922633,-46.58396,-23.52089
1488922634,-46.58359,-23.5205
1488922640,-46.58341,-23.52032
1488922641,-46.58231,-23.51917
1488922647,-46.58179,-23.51862
1488922650,-46.58077,-23.51756
1488922652,-46.58061,-23.51738
1488922657,-46.57953,-23.51627
1488922659,-46.57921,-23.51592
1488922662,-46.57875,-23.51545
1488922834,-46.54807,-23.49037
1488922840,-46.54745,-23.48998
1488922844,-46.54692,-23.48964
1488922846,-46.54667,-23.48948
1488922851,-46.54607,-23.48911
1488922854,-46.54554,-23.48872
1488922857,-46.54522,-23.48852
1488922860,-46.5449,-23.48833
1488922865,-46.54459,-23.48812
1488922871,-46.54295,-23.48705
1488922878,-46.54216,-23.48656
1488922881,-46.54173,-23.4863
1488922884,-46.54111,-23.48591
1488922894,-46.53973,-23.48498
1488922898,-46.53931,-23.48472
1488922900,-46.53903,-23.48456
1488922903,-46.53839,-23.48417
1488922906,-46.53803,-23.48393
1488922910,-46.53734,-23.48351
1488922912,-46.53697,-23.48329
1488922913,-46.5366,-23.48304
1488922916,-46.53608,-23.4827
1488922929,-46.53357,-23.4811
1488922931,-46.53319,-23.48085
1488922934,-46.53282,-23.48063
1488922936,-46.53262,-23.48049
1488922938,-46.53222,-23.48022
1488922941,-46.53147,-23.47972
1488922946,-46.53035,-23.47903
1488922947,-46.53017,-23.47891
1488922953,-46.52948,-23.47849
1488922956,-46.52886,-23.47809
1488922963,-46.52856,-23.47791
1488922977,-46.52655,-23.47671
1488922981,-46.52604,-23.47639
1488922984,-46.52569,-23.47616
1488922996,-46.52569,-23.47616
1488923010,-46.5221,-23.4739
1488923012,-46.52185,-23.47375
1488923015,-46.52159,-23.47358
1488923024,-46.52046,-23.47287
1488923029,-46.52006,-23.47267
1488923031,-46.5195,-23.47235
1488923033,-46.51923,-23.47219
1488923036,-46.51886,-23.47204
1488923040,-46.51833,-23.47181
1488923044,-46.51778,-23.47155
1488923052,-46.51655,-23.47098
1488923058,-46.51602,-23.47079
1488923064,-46.51522,-23.47049
1488923068,-46.51465,-23.47031
1488923070,-46.51443,-23.47023
1488923074,-46.51398,-23.4701
1488923078,-46.51353,-23.46997
1488923080,-46.51331,-23.4699
1488923087,-46.51256,-23.46968
1488923093,-46.51199,-23.46951
1488923094,-46.51177,-23.46946
1488923098,-46.51142,-23.46936
1488923100,-46.51107,-23.46925
1488923104,-46.51074,-23.46914
1488923107,-46.51031,-23.46899
1488923110,-46.50995,-23.46887
1488923116,-46.50939,-23.46868
1488923120,-46.50892,-23.46852
1488923123,-46.5087,-23.46845
1488923125,-46.50848,-23.46837
1488923130,-46.50797,-23.4682
1488923134,-46.50737,-23.46806
1488923136,-46.50708,-23.468
1488923140,-46.50651,-23.46785
1488923142,-46.50626,-23.46775
1488923146,-46.5057,-23.46756
1488923149,-46.50544,-23.46742
1488923156,-46.50438,-23.46702
1488923159,-46.50411,-23.46692
1488923161,-46.5038,-23.46683
1488923163,-46.50345,-23.46669
1488923165,-46.50311,-23.46656
1488923169,-46.50269,-23.46641
1488923171,-46.50233,-23.46628
1488923175,-46.5019,-23.4661
1488923178,-46.50156,-23.466
1488923183,-46.5011,-23.46586
1488923187,-46.50058,-23.46574
1488923190,-46.50038,-23.46566
1488923191,-46.50018,-23.46558
1488923193,-46.49999,-23.46551
1488923196,-46.4998,-23.46541
1488923207,-46.49883,-23.46502
1488923209,-46.4985,-23.46491
1488923217,-46.49762,-23.4646
1488923219,-46.4974,-23.4645
1488923223,-46.49696,-23.46436
1488923225,-46.49672,-23.46428
1488923228,-46.49652,-23.46419
1488923230,-46.49627,-23.4641
1488923243,-46.49582,-23.46396
1488923247,-46.49556,-23.46385
1488923254,-46.49503,-23.46369
1488923258,-46.49478,-23.46362
1488923262,-46.49442,-23.46347
1488923266,-46.49423,-23.46344
1488923271,-46.494,-23.46335
1488923277,-46.4938,-23.46324
1488923282,-46.49359,-23.46315
1488923287,-46.49337,-23.46306
1488923292,-46.49315,-23.46299
1488923297,-46.49296,-23.46293
1488923309,-46.49252,-23.46277
1488923313,-46.49233,-23.46271
1488923317,-46.49211,-23.46264
1488923324,-46.49164,-23.46245
1488923328,-46.49129,-23.4623
1488923336,-46.49074,-23.46214
1488923348,-46.49058,-23.46213
1488923360,-46.49046,-23.46206
1488923372,-46.49038,-23.46203
1488923385,-46.49027,-23.46198
1488923396,-46.49012,-23.46193
1488923409,-46.48992,-23.46184
1488923422,-46.48945,-23.46173
1488923439,-46.48906,-23.46155
1488923450,-46.48887,-23.46151
1488923457,-46.48865,-23.46147
1488923463,-46.48836,-23.46143
1488923471,-46.48817,-23.46151
1488923485,-46.4881,-23.46159
1488923495,-46.48798,-23.46184
1488923501,-46.488,-23.46206
1488923510,-46.48815,-23.46226
1488923528,-46.48855,-23.46234
1488923535,-46.48878,-23.46236
1488923540,-46.48899,-23.46238
1488923545,-46.48921,-23.46241
1488923563,-46.48957,-23.46244
1488923571,-46.48978,-23.46245
1488923578,-46.49002,-23.46242
1488923582,-46.4902,-23.46232
1488923589,-46.49038,-23.46209
1488923601,-46.49064,-23.46166
1488923610,-46.49067,-23.46128
1488923618,-46.49078,-23.46112
1488923628,-46.49086,-23.461
1488923634,-46.49097,-23.46077
1488923640,-46.49104,-23.46057
1488923651,-46.49106,-23.46044
1488923662,-46.49109,-23.46038
1488923671,-46.49112,-23.46012
1488923678,-46.49112,-23.45989
1488923717,-46.49066,-23.45747
1488923720,-46.49058,-23.45711
1488923722,-46.49056,-23.45688
1488923724,-46.49051,-23.45661
1488923731,-46.4904,-23.45576
1488923732,-46.49039,-23.45551
1488923735,-46.49037,-23.45523
1488923737,-46.49036,-23.45483
1488923740,-46.49039,-23.45441
1488923744,-46.49051,-23.45396
1488923748,-46.49072,-23.45336
1488923752,-46.49098,-23.45276
1488923754,-46.49111,-23.45244
1488923758,-46.49139,-23.45168
1488923760,-46.4915,-23.45139
1488923762,-46.49163,-23.45109
1488923765,-46.49174,-23.45076
1488923766,-46.49187,-23.45046
1488923775,-46.49245,-23.449
1488923780,-46.49271,-23.44836
1488923782,-46.49286,-23.44806
1488923783,-46.493,-23.44778
1488923792,-46.49355,-23.44642
1488923794,-46.49366,-23.44613
1488923797,-46.49377,-23.44584
1488923799,-46.49396,-23.44541
1488923802,-46.49407,-23.44506
1488923804,-46.49421,-23.44472
1488923809,-46.49447,-23.44403
1488923817,-46.49469,-23.44317
1488923818,-46.49476,-23.44276
1488923821,-46.49479,-23.44247
1488923822,-46.49478,-23.44224
1488923824,-46.49478,-23.44203
1488923825,-46.49475,-23.44173
1488923829,-46.49469,-23.44124
1488923833,-46.49454,-23.44042
1488923840,-46.49432,-23.43941
1488923844,-46.49419,-23.43876
1488923846,-46.49414,-23.43843
1488923849,-46.494,-23.43776
1488923856,-46.49381,-23.43679
1488923857,-46.49374,-23.43645
1488923860,-46.49365,-23.43612
1488923864,-46.49355,-23.43551
1488923871,-46.49337,-23.43447
1488923873,-46.49331,-23.43405
1488923881,-46.49323,-23.43319
1488923882,-46.49318,-23.43276
1488923884,-46.49313,-23.43245
1488923887,-46.4931,-23.432
1488923890,-46.49304,-23.43153
1488923892,-46.493,-23.43123
1488923895,-46.49295,-23.43079
1488923900,-46.49288,-23.43002
1488923903,-46.49283,-23.42956
1488923911,-46.49271,-23.42848
1488923919,-46.49255,-23.42715
1488923922,-46.49247,-23.42673
1488923928,-46.49215,-23.42601
1488923932,-46.49193,-23.42565
1488923934,-46.49165,-23.42531
1488923937,-46.49135,-23.42503
1488923940,-46.49113,-23.42484
1488923941,-46.49087,-23.42467
1488923948,-46.49007,-23.42428
1488923951,-46.48947,-23.4241
1488923955,-46.4891,-23.424
1488923957,-46.48876,-23.42391
1488923961,-46.48803,-23.42372
1488923969,-46.48688,-23.4234
1488923972,-46.48648,-23.42329
1488923974,-46.48626,-23.42323
1488923980,-46.48538,-23.42309
1488923982,-46.48512,-23.42305
1488923985,-46.48489,-23.42306
1488923992,-46.48431,-23.42344
1488923994,-46.48428,-23.42364
1488923996,-46.48427,-23.42384
1488923997,-46.4843,-23.42403
1488924001,-46.48431,-23.42424
1488924005,-46.48434,-23.42444
1488924008,-46.48442,-23.42475
1488924016,-46.48454,-23.42528
1488924018,-46.48457,-23.42551
1488924023,-46.48445,-23.42576
1488924026,-46.48422,-23.42592
1488924030,-46.48401,-23.42597
1488924035,-46.48377,-23.42601
1488924042,-46.48357,-23.4261
1488924047,-46.48336,-23.42615
1488924057,-46.48315,-23.42615
1488924067,-46.48297,-23.42609
1488924077,-46.48277,-23.42601
1488924084,-46.48254,-23.42594
1488924093,-46.48235,-23.42586
1488924103,-46.48235,-23.42586
1488924111,-46.48235,-23.42586
