1489357599,-46.58091,-23.71368
1489357604,-46.58091,-23.71368
1489357615,-46.58088,-23.71366
1489357625,-46.58088,-23.71366
1489357635,-46.58088,-23.71366
1489357645,-46.58091,-23.71368
1489357656,-46.58088,-23.71366
1489357666,-46.58088,-23.71366
1489357676,-46.58088,-23.71366
1489357686,-46.58088,-23.71366
1489357696,-46.58088,-23.71366
1489357707,-46.58088,-23.71366
1489357717,-46.58088,-23.71366
1489357727,-46.58088,-23.71366
1489357737,-46.58088,-23.71366
1489357748,-46.58088,-23.71366
1489357758,-46.58088,-23.71366
1489357768,-46.58086,-23.71359
1489357778,-46.58086,-23.7136
1489357789,-46.58089,-23.71361
1489357799,-46.58088,-23.71362
1489357810,-46.58087,-23.71362
1489357823,-46.58078,-23.7136
1489357827,-46.58053,-23.71368
1489357834,-46.58054,-23.71409
1489357837,-46.58052,-23.71445
1489357840,-46.58051,-23.71474
1489357844,-46.5805,-23.71505
1489357848,-46.5805,-23.71546
1489357856,-46.58048,-23.71568
1489357860,-46.58045,-23.71587
1489357863,-46.58044,-23.71618
1489357868,-46.58024,-23.71633
1489357872,-46.58,-23.71633
1489357875,-46.57964,-23.71631
1489357878,-46.57936,-23.7163
1489357882,-46.5791,-23.71628
1489357889,-46.57894,-23.71607
1489357893,-46.57896,-23.7158
1489357895,-46.57898,-23.71549
1489357897,-46.57898,-23.71529
1489357903,-46.57899,-23.71476
1489357905,-46.579,-23.71451
1489357913,-46.57901,-23.714
1489357918,-46.57903,-23.71371
1489357921,-46.57902,-23.7134
1489357926,-46.57903,-23.71311
1489357928,-46.57903,-23.71289
1489357933,-46.57902,-23.71264
1489357937,-46.57904,-23.71239
1489357939,-46.57905,-23.71215
1489357958,-46.57901,-23.71157
1489357961,-46.579,-23.71134
1489357964,-46.57901,-23.71114
1489357967,-46.579,-23.71067
1489357969,-46.57902,-23.71045
1489357971,-46.57902,-23.71022
1489357975,-46.57917,-23.70978
1489357978,-46.57931,-23.70948
1489357981,-46.57942,-23.70929
1489357988,-46.57906,-23.70892
1489357991,-46.5787,-23.70888
1489357993,-46.57846,-23.70883
1489357995,-46.57822,-23.7088
1489358000,-46.5777,-23.70869
1489358002,-46.5773,-23.7086
1489358008,-46.57662,-23.70846
1489358010,-46.57637,-23.70841
1489358015,-46.57582,-23.70827
1489358027,-46.57613,-23.70737
1489358031,-46.57628,-23.70692
1489358032,-46.57635,-23.7067
1489358035,-46.5764,-23.70646
1489358037,-46.5765,-23.70624
1489358039,-46.57656,-23.70606
1489358042,-46.57666,-23.70585
1489358046,-46.57681,-23.70562
1489358050,-46.5766,-23.70551
1489358053,-46.57638,-23.70547
1489358055,-46.57616,-23.70545
1489358066,-46.57591,-23.70598
1489358077,-46.57554,-23.70714
1489358079,-46.57548,-23.70735
1489358085,-46.57538,-23.70753
1489358095,-46.57523,-23.70758
1489358106,-46.57509,-23.70753
1489358110,-46.57476,-23.70751
1489358114,-46.57438,-23.7075
1489358117,-46.57405,-23.70748
1489358120,-46.5738,-23.70748
1489358132,-46.57257,-23.70748
1489358137,-46.57225,-23.70748
1489358139,-46.572,-23.70748
1489358152,-46.57105,-23.70744
1489358159,-46.57049,-23.70742
1489358162,-46.5702,-23.70744
1489358165,-46.56991,-23.70744
1489358177,-46.56911,-23.7074
1489358183,-46.56891,-23.70744
1489358194,-46.56869,-23.70741
1489358201,-46.5685,-23.70747
1489358211,-46.56849,-23.70745
1489358234,-46.5685,-23.70744
1489358244,-46.5685,-23.70744
1489358245,-46.5685,-23.70744
1489358256,-46.5685,-23.70744
1489358277,-46.56818,-23.70743
1489358279,-46.56795,-23.70743
1489358282,-46.56767,-23.70744
1489358286,-46.56728,-23.7074
1489358290,-46.56686,-23.70744
1489358295,-46.56636,-23.70738
1489358298,-46.56584,-23.70735
1489358307,-46.5647,-23.70732
1489358308,-46.56442,-23.70732
1489358312,-46.56383,-23.70729
1489358315,-46.56338,-23.70729
1489358317,-46.56308,-23.7073
1489358321,-46.56255,-23.70732
1489358325,-46.5622,-23.70735
1489358329,-46.56192,-23.70775
1489358331,-46.56205,-23.70795
1489358333,-46.56224,-23.70814
1489358340,-46.56304,-23.70839
1489358342,-46.56337,-23.70857
1489358344,-46.56349,-23.70877
1489358352,-46.56335,-23.70956
1489358355,-46.56365,-23.70995
1489358358,-46.56384,-23.7101
1489358359,-46.56403,-23.71022
1489358364,-46.56445,-23.71047
1489358365,-46.56466,-23.7106
1489358375,-46.56561,-23.71107
1489358382,-46.56511,-23.71106
1489358385,-46.56491,-23.71094
1489358386,-46.56467,-23.7108
1489358389,-46.56441,-23.71063
1489358390,-46.56413,-23.71047
1489358395,-46.56363,-23.7102
1489358407,-46.56213,-23.71004
1489358408,-46.56198,-23.71017
1489358410,-46.56192,-23.71035
1489358413,-46.56186,-23.71052
1489358414,-46.56179,-23.7107
1489358420,-46.56168,-23.71119
1489358421,-46.56166,-23.71143
1489358423,-46.56165,-23.71168
1489358429,-46.56163,-23.71257
1489358431,-46.56162,-23.71291
1489358435,-46.56162,-23.71346
1489358437,-46.56155,-23.71399
1489358441,-46.5614,-23.71456
1489358442,-46.56135,-23.71476
1489358444,-46.56122,-23.71513
1489358445,-46.56101,-23.71548
1489358446,-46.56091,-23.71567
1489358457,-46.55917,-23.7176
1489358461,-46.55843,-23.71832
1489358463,-46.55805,-23.71868
1489358466,-46.55767,-23.71905
1489358468,-46.55726,-23.7194
1489358472,-46.55652,-23.72012
1489358476,-46.55578,-23.72082
1489358479,-46.55506,-23.7215
1489358481,-46.55488,-23.72168
1489358485,-46.554,-23.72255
1489358488,-46.55366,-23.72291
1489358489,-46.5533,-23.72328
1489358490,-46.55312,-23.72346
1489358495,-46.55218,-23.72437
1489358498,-46.55182,-23.72475
1489358499,-46.55149,-23.72515
1489358501,-46.55116,-23.72555
1489358503,-46.55085,-23.72595
1489358507,-46.55023,-23.72678
1489358508,-46.55008,-23.72698
1489358511,-46.54981,-23.72736
1489358517,-46.54875,-23.72877
1489358521,-46.54833,-23.72933
1489358522,-46.54805,-23.7297
1489358524,-46.54776,-23.73006
1489358527,-46.54747,-23.73044
1489358532,-46.54668,-23.73135
1489358533,-46.54652,-23.73152
1489358536,-46.54602,-23.73209
1489358538,-46.54555,-23.73264
1489358541,-46.54526,-23.73303
1489358543,-46.5448,-23.73357
1489358548,-46.54405,-23.73451
1489358553,-46.54328,-23.7355
1489358557,-46.54282,-23.7361
1489358558,-46.54251,-23.73651
1489358562,-46.54211,-23.73713
1489358565,-46.54177,-23.73808
1489358568,-46.5416,-23.73883
1489358571,-46.5415,-23.73932
1489358574,-46.54135,-23.74011
1489358578,-46.54106,-23.74135
1489358585,-46.54063,-23.74305
1489358586,-46.54057,-23.74329
1489358588,-46.54046,-23.74378
1489358591,-46.54027,-23.7445
1489358592,-46.5402,-23.74473
1489358595,-46.54004,-23.74518
1489358596,-46.53988,-23.74564
1489358598,-46.53973,-23.74606
1489358609,-46.53855,-23.74829
1489358650,-46.54115,-23.75523
1489358651,-46.54156,-23.75554
1489358692,-46.54603,-23.76289
1489358694,-46.54589,-23.76304
1489358735,-46.53613,-23.76418
1489358736,-46.53586,-23.76414
1489358777,-46.5263,-23.75852
1489358778,-46.52584,-23.75815
1489358819,-46.51375,-23.7565
1489358820,-46.51375,-23.7565
1489358861,-46.50081,-23.75217
1489358862,-46.50022,-23.75187
1489358903,-46.49049,-23.74366
1489358904,-46.49039,-23.74337
1489358915,-46.4898,-23.74012
1489358916,-46.4898,-23.74012
1489358917,-46.4898,-23.7395
1489358918,-46.4898,-23.7395
1489358919,-46.48981,-23.73888
1489358921,-46.48984,-23.73826
1489358924,-46.48987,-23.73764
1489358925,-46.4899,-23.737
1489358929,-46.48994,-23.73574
1489358931,-46.48996,-23.73512
1489358935,-46.49001,-23.73386
1489358937,-46.49002,-23.73323
1489358939,-46.49004,-23.73291
1489358943,-46.49012,-23.73135
1489358947,-46.49015,-23.73042
1489358948,-46.49012,-23.72982
1489358952,-46.49006,-23.72893
1489358953,-46.49002,-23.72863
1489358954,-46.48988,-23.72807
1489358957,-46.48962,-23.72725
1489358961,-46.48929,-23.72643
1489358963,-46.48901,-23.72592
1489358974,-46.48704,-23.72352
1489358976,-46.48662,-23.72314
1489358979,-46.48571,-23.72251
1489358982,-46.48525,-23.72221
1489358985,-46.48426,-23.72173
1489358987,-46.484,-23.72165
1489358989,-46.48324,-23.72137
1489358991,-46.48273,-23.72121
1489358993,-46.48246,-23.72116
1489358994,-46.48198,-23.72107
1489358996,-46.48148,-23.72098
1489358999,-46.481,-23.7209
1489359000,-46.4805,-23.72082
1489359004,-46.47951,-23.72068
1489359006,-46.47926,-23.72064
1489359008,-46.47876,-23.72057
1489359010,-46.47803,-23.72045
1489359012,-46.47778,-23.72041
1489359015,-46.47681,-23.72027
1489359066,-46.46707,-23.71682
1489359068,-46.46667,-23.71668
1489359071,-46.46628,-23.71655
1489359072,-46.46592,-23.71649
1489359075,-46.46536,-23.71642
1489359079,-46.46481,-23.71632
1489359082,-46.46458,-23.71627
1489359095,-46.46442,-23.71622
1489359106,-46.46441,-23.71622
1489359118,-46.46442,-23.71623
1489359128,-46.46442,-23.71623
1489359139,-46.46437,-23.7162
1489359149,-46.46427,-23.71616
1489359159,-46.46425,-23.71616
1489359177,-46.464,-23.71614
1489359179,-46.46374,-23.71609
1489359182,-46.46351,-23.71604
1489359183,-46.46326,-23.71595
1489359185,-46.46298,-23.71583
1489359188,-46.46269,-23.71573
1489359190,-46.46238,-23.71562
1489359191,-46.46207,-23.71551
1489359197,-46.46115,-23.71531
1489359200,-46.46053,-23.71525
1489359202,-46.46005,-23.71523
1489359205,-46.45909,-23.71514
1489359207,-46.45884,-23.7151
1489359208,-46.45833,-23.71503
1489359210,-46.45776,-23.71493
1489359215,-46.45667,-23.71463
1489359216,-46.4561,-23.71447
1489359219,-46.45554,-23.71428
1489359221,-46.45497,-23.71405
1489359225,-46.45384,-23.71353
1489359226,-46.45329,-23.71323
1489359230,-46.4525,-23.71279
1489359231,-46.45195,-23.71248
1489359233,-46.4514,-23.71216
1489359237,-46.45057,-23.7117
1489359238,-46.45002,-23.7114
1489359239,-46.44975,-23.71126
1489359242,-46.44893,-23.71085
1489359244,-46.44838,-23.71059
1489359246,-46.4481,-23.71051
1489359247,-46.44752,-23.71031
1489359248,-46.44723,-23.71023
1489359250,-46.44693,-23.71015
1489359252,-46.44602,-23.70998
1489359257,-46.44481,-23.70984
1489359258,-46.44451,-23.70982
1489359262,-46.44329,-23.70987
1489359266,-46.44184,-23.71009
1489359268,-46.44127,-23.71022
1489359270,-46.44071,-23.71037
1489359272,-46.44014,-23.71051
1489359277,-46.43874,-23.71075
1489359279,-46.43845,-23.71079
1489359281,-46.43786,-23.71082
1489359282,-46.43725,-23.71081
1489359286,-46.43635,-23.71071
1489359287,-46.43575,-23.71058
1489359288,-46.43546,-23.7105
1489359291,-46.43488,-23.71029
1489359292,-46.43431,-23.71005
1489359296,-46.43375,-23.70977
1489359306,-46.43112,-23.70714
1489359307,-46.43095,-23.70688
1489359312,-46.43032,-23.70543
1489359315,-46.42992,-23.70455
1489359317,-46.42965,-23.70395
1489359319,-46.42937,-23.70338
1489359325,-46.42872,-23.70196
1489359326,-46.42845,-23.7014
1489359328,-46.42818,-23.70086
1489359330,-46.42792,-23.70034
1489359333,-46.42751,-23.69959
1489359336,-46.42721,-23.6991
1489359342,-46.42611,-23.69776
1489359345,-46.42525,-23.69696
1489359348,-46.42476,-23.6966
1489359349,-46.42429,-23.69625
1489359352,-46.42378,-23.69594
1489359364,-46.4208,-23.69466
1489359365,-46.41991,-23.69445
1489359369,-46.41875,-23.69427
1489359371,-46.41846,-23.69423
1489359374,-46.41762,-23.69412
1489359380,-46.4159,-23.69387
1489359387,-46.41393,-23.69363
1489359388,-46.41337,-23.69355
1489359390,-46.41309,-23.69348
1489359396,-46.41146,-23.69305
1489359398,-46.41067,-23.69274
1489359400,-46.41041,-23.69264
1489359401,-46.40991,-23.6924
1489359402,-46.40967,-23.69228
1489359404,-46.40943,-23.69216
1489359406,-46.40902,-23.69188
1489359408,-46.40842,-23.69148
1489359411,-46.40804,-23.69119
1489359412,-46.40764,-23.69089
1489359413,-46.40744,-23.69073
1489359416,-46.40707,-23.69035
1489359417,-46.40666,-23.68996
1489359419,-46.40627,-23.68956
1489359420,-46.40606,-23.68934
1489359423,-46.4057,-23.68888
1489359424,-46.40538,-23.68838
1489359431,-46.40451,-23.68679
1489359434,-46.40396,-23.68568
1489359436,-46.40368,-23.68513
1489359441,-46.40315,-23.68403
1489359442,-46.40301,-23.68376
1489359443,-46.40273,-23.68321
1489359447,-46.40231,-23.68239
1489359448,-46.40205,-23.68183
1489359449,-46.40191,-23.68155
1489359452,-46.40163,-23.68102
1489359453,-46.40136,-23.68046
1489359455,-46.40109,-23.67992
1489359466,-46.39956,-23.67693
1489359483,-46.39891,-23.67563
1489359484,-46.39891,-23.67563
1489359485,-46.39891,-23.67563
1489359486,-46.39891,-23.67563
1489359487,-46.39891,-23.67563
1489359488,-46.39891,-23.67563
1489359489,-46.39891,-23.67563
1489359490,-46.39891,-23.67563
1489359491,-46.39891,-23.67563
1489359492,-46.39891,-23.67563
1489359493,-46.39891,-23.67563
1489359494,-46.39891,-23.67563
1489359495,-46.39891,-23.67563
1489359496,-46.39891,-23.67563
1489359497,-46.39891,-23.67563
1489359498,-46.39891,-23.67563
1489359499,-46.39891,-23.67563
1489359500,-46.39891,-23.67563
1489359501,-46.39891,-23.67563
1489359502,-46.39891,-23.67563
1489359503,-46.39891,-23.67563
1489359504,-46.39891,-23.67563
1489359505,-46.39464,-23.66696
1489359506,-46.39453,-23.66672
1489359507,-46.39443,-23.66648
1489359508,-46.39443,-23.66648
1489359509,-46.39428,-23.66598
1489359510,-46.39421,-23.66572
1489359511,-46.39421,-23.66572
1489359512,-46.39409,-23.6652
1489359514,-46.39409,-23.6652
1489359515,-46.39402,-23.66466
1489359516,-46.394,-23.66439
1489359517,-46.394,-23.66439
1489359518,-46.39399,-23.66382
1489359519,-46.39399,-23.66382
1489359520,-46.39402,-23.66325
1489359521,-46.39406,-23.66296
1489359522,-46.3941,-23.66268
1489359523,-46.39414,-23.66238
1489359524,-46.39419,-23.66209
1489359525,-46.39429,-23.6615
1489359526,-46.39433,-23.6612
1489359527,-46.39433,-23.6612
1489359528,-46.39443,-23.66059
1489359529,-46.39443,-23.66059
1489359530,-46.39454,-23.66
1489359531,-46.39454,-23.66
1489359532,-46.39464,-23.65938
1489359533,-46.39464,-23.65938
1489359534,-46.39474,-23.65876
1489359535,-46.39474,-23.65876
1489359536,-46.39484,-23.65815
1489359537,-46.3949,-23.65784
1489359538,-46.3949,-23.65784
1489359539,-46.3949,-23.65784
1489359541,-46.39503,-23.65694
1489359542,-46.39503,-23.65694
1489359543,-46.39503,-23.65694
1489359544,-46.39515,-23.65603
1489359545,-46.39515,-23.65603
1489359546,-46.39521,-23.65542
1489359547,-46.3952,-23.65513
1489359548,-46.39518,-23.65449
1489359549,-46.39518,-23.65449
1489359550,-46.39508,-23.65385
1489359551,-46.39508,-23.65385
1489359552,-46.39495,-23.65325
1489359553,-46.39488,-23.65295
1489359554,-46.39488,-23.65295
1489359555,-46.39469,-23.65234
1489359556,-46.39469,-23.65234
1489359557,-46.39448,-23.65178
1489359558,-46.39437,-23.6515
1489359559,-46.39437,-23.6515
1489359560,-46.39415,-23.65093
1489359561,-46.39406,-23.65064
1489359562,-46.39397,-23.65036
1489359563,-46.39397,-23.65036
1489359564,-46.39378,-23.6498
1489359565,-46.39378,-23.6498
1489359567,-46.39359,-23.64923
1489359568,-46.39359,-23.64923
1489359569,-46.39342,-23.64865
1489359570,-46.39342,-23.64865
1489359571,-46.39325,-23.6481
1489359572,-46.39325,-23.6481
1489359573,-46.39308,-23.64752
1489359574,-46.39308,-23.64752
1489359575,-46.3929,-23.64696
1489359576,-46.3928,-23.64668
1489359577,-46.3928,-23.64668
1489359578,-46.39245,-23.64584
1489359579,-46.39245,-23.64584
1489359580,-46.3922,-23.64528
1489359581,-46.3922,-23.64528
1489359582,-46.39192,-23.64471
1489359583,-46.39174,-23.64447
1489359585,-46.39144,-23.64394
1489359593,-46.39006,-23.64181
1489359596,-46.38972,-23.64126
1489359597,-46.38957,-23.64098
1489359598,-46.38925,-23.64044
1489359601,-46.38893,-23.6399
1489359602,-46.38858,-23.63938
1489359604,-46.38823,-23.63886
1489359610,-46.38705,-23.6374
1489359612,-46.38663,-23.63698
1489359614,-46.38618,-23.63654
1489359617,-46.38571,-23.63614
1489359628,-46.38316,-23.63432
1489359636,-46.38097,-23.63279
1489359637,-46.38045,-23.63245
1489359638,-46.38045,-23.63245
1489359639,-46.37992,-23.63209
1489359640,-46.37965,-23.63193
1489359641,-46.37965,-23.63193
1489359642,-46.37912,-23.63158
1489359643,-46.37912,-23.63158
1489359644,-46.37856,-23.63124
1489359645,-46.3783,-23.63108
1489359646,-46.3783,-23.63108
1489359647,-46.37777,-23.63073
1489359648,-46.37748,-23.63058
1489359649,-46.37748,-23.63058
1489359650,-46.37693,-23.63021
1489359652,-46.37693,-23.63021
1489359653,-46.37639,-23.62984
1489359654,-46.37611,-23.62967
1489359655,-46.37585,-23.62948
1489359656,-46.37585,-23.62948
1489359657,-46.37531,-23.62913
1489359658,-46.37531,-23.62913
1489359659,-46.37478,-23.62877
1489359660,-46.37452,-23.62861
1489359661,-46.37452,-23.62861
1489359662,-46.37401,-23.62827
1489359663,-46.37377,-23.6281
1489359664,-46.37328,-23.62778
1489359665,-46.37328,-23.62778
1489359666,-46.37279,-23.62749
1489359667,-46.37279,-23.62749
1489359668,-46.3723,-23.62717
1489359669,-46.3723,-23.62717
1489359670,-46.37182,-23.62685
1489359671,-46.37182,-23.62685
1489359672,-46.37136,-23.62648
1489359673,-46.37136,-23.62648
1489359674,-46.37089,-23.62614
1489359675,-46.37089,-23.62614
1489359676,-46.3705,-23.62573
1489359677,-46.37028,-23.62555
1489359679,-46.37008,-23.62536
1489359680,-46.37008,-23.62536
1489359681,-46.36965,-23.62497
1489359682,-46.36944,-23.62477
1489359683,-46.36944,-23.62477
1489359684,-46.36904,-23.62436
1489359685,-46.36884,-23.62415
1489359686,-46.36884,-23.62415
1489359687,-46.36846,-23.62372
1489359688,-46.36829,-23.6235
1489359689,-46.36829,-23.6235
1489359690,-46.36793,-23.62306
1489359691,-46.36755,-23.62266
1489359692,-46.36755,-23.62266
1489359693,-46.36719,-23.62222
1489359694,-46.36719,-23.62222
1489359695,-46.3668,-23.62176
1489359696,-46.36661,-23.62153
1489359697,-46.36638,-23.62126
1489359698,-46.36638,-23.62126
1489359699,-46.36596,-23.62078
1489359700,-46.36596,-23.62078
1489359701,-46.36557,-23.62028
1489359702,-46.36557,-23.62028
1489359703,-46.36515,-23.61979
1489359704,-46.36493,-23.61954
1489359705,-46.36472,-23.6193
1489359706,-46.36451,-23.61905
1489359707,-46.36451,-23.61905
1489359709,-46.3641,-23.61855
1489359710,-46.36389,-23.6183
1489359711,-46.36389,-23.6183
1489359712,-46.36349,-23.61781
1489359713,-46.36349,-23.61781
1489359714,-46.36307,-23.61732
1489359715,-46.36307,-23.61732
1489359716,-46.36268,-23.61682
1489359717,-46.36268,-23.61682
1489359718,-46.36227,-23.61635
1489359719,-46.36227,-23.61635
1489359720,-46.36187,-23.61587
1489359721,-46.36167,-23.61563
1489359722,-46.36124,-23.6152
1489359723,-46.36104,-23.61496
1489359724,-46.36104,-23.61496
1489359725,-46.36066,-23.61444
1489359726,-46.36066,-23.61444
1489359727,-46.36025,-23.614
1489359728,-46.36025,-23.614
1489359729,-46.35984,-23.61352
1489359730,-46.35964,-23.61328
1489359731,-46.35944,-23.61305
1489359732,-46.35944,-23.61305
1489359733,-46.35903,-23.61257
1489359734,-46.35903,-23.61257
1489359735,-46.3586,-23.61209
1489359736,-46.3586,-23.61209
1489359737,-46.3582,-23.61161
1489359738,-46.35799,-23.61137
1489359739,-46.35799,-23.61137
1489359741,-46.35758,-23.61088
1489359742,-46.35737,-23.61063
1489359743,-46.35737,-23.61063
1489359744,-46.35698,-23.61011
1489359745,-46.35698,-23.61011
1489359746,-46.3566,-23.60961
1489359747,-46.3566,-23.60961
1489359748,-46.35624,-23.60909
1489359749,-46.35606,-23.60883
1489359750,-46.35606,-23.60883
1489359751,-46.35573,-23.60829
1489359752,-46.35573,-23.60829
1489359753,-46.35541,-23.60774
1489359754,-46.35512,-23.60718
1489359755,-46.35497,-23.6069
1489359756,-46.35497,-23.6069
1489359757,-46.35471,-23.60634
1489359758,-46.35458,-23.60605
1489359759,-46.35445,-23.60575
1489359760,-46.35445,-23.60575
1489359761,-46.35424,-23.60514
1489359762,-46.35415,-23.60485
1489359763,-46.35415,-23.60485
1489359764,-46.35394,-23.60424
1489359765,-46.35394,-23.60424
1489359766,-46.35378,-23.60367
1489359767,-46.35378,-23.60367
1489359768,-46.35362,-23.60307
1489359769,-46.35362,-23.60307
1489359771,-46.35347,-23.60246
1489359772,-46.35339,-23.60215
1489359773,-46.35331,-23.60185
1489359774,-46.35331,-23.60185
1489359775,-46.35316,-23.60124
1489359776,-46.35308,-23.60094
1489359777,-46.353,-23.60065
1489359778,-46.353,-23.60065
1489359779,-46.35284,-23.60005
1489359780,-46.35284,-23.60005
1489359781,-46.35269,-23.59946
1489359782,-46.35254,-23.59885
1489359783,-46.35246,-23.59855
1489359784,-46.35246,-23.59855
1489359785,-46.35231,-23.59795
1489359786,-46.35231,-23.59795
1489359787,-46.35215,-23.59737
1489359788,-46.35207,-23.59707
1489359789,-46.35193,-23.59679
1489359790,-46.35181,-23.5965
1489359791,-46.35181,-23.5965
1489359792,-46.35158,-23.59593
1489359793,-46.35158,-23.59593
1489359794,-46.35127,-23.59536
1489359795,-46.35127,-23.59536
1489359796,-46.35097,-23.59481
1489359797,-46.35076,-23.59454
1489359798,-46.35076,-23.59454
1489359799,-46.35038,-23.59403
1489359801,-46.35038,-23.59403
1489359802,-46.34998,-23.59352
1489359803,-46.34978,-23.59327
1489359804,-46.34978,-23.59327
1489359805,-46.34935,-23.59277
1489359806,-46.34915,-23.59254
1489359807,-46.34895,-23.59229
1489359808,-46.34876,-23.59205
1489359809,-46.34857,-23.59181
1489359810,-46.34857,-23.59181
1489359811,-46.34823,-23.59133
1489359812,-46.34807,-23.59109
1489359813,-46.34796,-23.5908
1489359814,-46.34771,-23.59028
1489359815,-46.34771,-23.59028
1489359816,-46.34751,-23.58973
1489359817,-46.34741,-23.58943
1489359818,-46.34741,-23.58943
1489359819,-46.34726,-23.58885
1489359820,-46.34721,-23.58855
1489359821,-46.34716,-23.58826
1489359822,-46.34716,-23.58826
1489359823,-46.34712,-23.58767
1489359824,-46.34712,-23.58767
1489359825,-46.34708,-23.58707
1489359826,-46.34708,-23.58707
1489359827,-46.34707,-23.58647
1489359828,-46.34706,-23.58616
1489359830,-46.34706,-23.58616
1489359831,-46.34704,-23.58554
1489359832,-46.34704,-23.58554
1489359833,-46.34702,-23.58492
1489359834,-46.34702,-23.58492
1489359835,-46.347,-23.58428
1489359836,-46.347,-23.58428
1489359837,-46.34698,-23.58363
1489359838,-46.34698,-23.58363
1489359839,-46.34696,-23.583
1489359840,-46.34696,-23.583
1489359841,-46.34694,-23.58237
1489359842,-46.34691,-23.58175
1489359843,-46.34691,-23.58175
1489359844,-46.3469,-23.5811
1489359845,-46.34689,-23.58078
1489359846,-46.34689,-23.58078
1489359847,-46.34686,-23.58013
1489359888,-46.34258,-23.56845
1489359889,-46.34242,-23.56784
1489359908,-46.34172,-23.56178
1489359912,-46.34162,-23.56084
1489359914,-46.34155,-23.56021
1489359915,-46.3415,-23.5599
1489359919,-46.34137,-23.55865
1489359922,-46.34127,-23.55771
1489359926,-46.34114,-23.55648
1489359927,-46.34111,-23.55617
1489359928,-46.34104,-23.55555
1489359932,-46.34094,-23.55463
1489359933,-46.34091,-23.55433
1489359938,-46.34073,-23.55252
1489359940,-46.34064,-23.55189
1489359943,-46.34058,-23.55127
1489359946,-46.34047,-23.55033
1489359947,-46.34035,-23.54971
1489359951,-46.34004,-23.54854
1489359957,-46.33931,-23.54719
1489359959,-46.33871,-23.54644
1489359960,-46.3385,-23.5462
1489359962,-46.33801,-23.54574
1489359966,-46.3371,-23.54478
1489359968,-46.33668,-23.54428
1489359970,-46.33655,-23.544
1489359971,-46.33624,-23.54346
1489359974,-46.33598,-23.54287
1489359975,-46.33572,-23.54231
1489359979,-46.33532,-23.54145
1489359980,-46.33504,-23.54088
1489359985,-46.33436,-23.53941
1489360000,-46.33232,-23.53513
1489360001,-46.3322,-23.53485
1489360005,-46.3318,-23.53403
1489360006,-46.33153,-23.53348
1489360008,-46.32997,-23.53446
1489360009,-46.33105,-23.53265
1489360014,-46.33007,-23.53136
1489360016,-46.32986,-23.5311
1489360022,-46.32885,-23.52947
1489360028,-46.32827,-23.52742
1489360030,-46.32827,-23.52713
1489360040,-46.32849,-23.52411
1489360041,-46.32854,-23.5235
1489360042,-46.32857,-23.52319
1489360045,-46.32863,-23.52256
1489360047,-46.32868,-23.52194
1489360049,-46.3287,-23.52132
1489360050,-46.32865,-23.52071
1489360052,-46.32862,-23.52009
1489360055,-46.32857,-23.51947
1489360056,-46.32853,-23.51884
1489360058,-46.32848,-23.51822
1489360063,-46.32841,-23.51697
1489360064,-46.32838,-23.51634
1489360068,-46.32837,-23.5151
1489360069,-46.32838,-23.51479
1489360072,-46.32841,-23.51416
1489360073,-46.32843,-23.51385
1489360074,-46.32851,-23.51321
1489360076,-46.32855,-23.5129
1489360079,-46.32874,-23.5117
1489360082,-46.32884,-23.51109
1489360085,-46.32906,-23.51022
1489360086,-46.3292,-23.50963
1489360089,-46.32935,-23.50903
1489360090,-46.32942,-23.50874
1489360094,-46.3298,-23.50761
1489360096,-46.33012,-23.50706
1489360097,-46.33043,-23.50651
1489360100,-46.33081,-23.506
1489360104,-46.33166,-23.50508
1489360107,-46.3327,-23.50426
1489360109,-46.33297,-23.50406
1489360110,-46.33352,-23.50367
1489360111,-46.33379,-23.50348
1489360113,-46.3343,-23.50311
1489360116,-46.33482,-23.50273
1489360127,-46.3369,-23.50006
1489360130,-46.33717,-23.49921
1489360131,-46.33733,-23.49863
1489360137,-46.33733,-23.49675
1489360141,-46.33708,-23.49551
1489360147,-46.33635,-23.4941
1489360148,-46.336,-23.49356
1489360150,-46.33554,-23.49308
1489360158,-46.33383,-23.49156
1489360159,-46.33335,-23.49112
1489360162,-46.3327,-23.49047
1489360169,-46.33165,-23.48897
1489360170,-46.33137,-23.48842
1489360174,-46.33099,-23.48726
1489360176,-46.33086,-23.48667
1489360179,-46.33077,-23.48606
1489360181,-46.33072,-23.48545
1489360182,-46.3307,-23.48514
1489360183,-46.33062,-23.48456
1489360186,-46.3304,-23.48365
1489360190,-46.33014,-23.48276
1489360191,-46.32995,-23.48216
1489360194,-46.32977,-23.48158
1489360196,-46.32967,-23.48103
1489360197,-46.32959,-23.48046
1489360201,-46.32952,-23.47931
1489360205,-46.32958,-23.47842
1489360206,-46.32962,-23.47813
1489360207,-46.32972,-23.47754
1489360209,-46.32977,-23.47725
1489360210,-46.32991,-23.47666
1489360212,-46.32997,-23.47636
1489360214,-46.33014,-23.47548
1489360216,-46.33021,-23.47518
1489360217,-46.33033,-23.47457
1489360221,-46.33059,-23.47337
1489360235,-46.33302,-23.46969
1489360237,-46.33351,-23.46928
1489360239,-46.33401,-23.46887
1489360243,-46.33488,-23.46839
1489360244,-46.33546,-23.46809
1489360247,-46.33629,-23.46766
1489360250,-46.33685,-23.46737
1489360251,-46.33735,-23.46708
1489360252,-46.33762,-23.46691
1489360255,-46.33815,-23.46659
1489360256,-46.33867,-23.46626
1489360257,-46.33892,-23.46609
1489360260,-46.33942,-23.46574
1489360264,-46.34045,-23.46503
1489360269,-46.34181,-23.46422
1489360270,-46.34236,-23.46393
1489360275,-46.3435,-23.46342
1489360276,-46.34404,-23.46318
1489360279,-46.34457,-23.46294
1489360282,-46.34526,-23.46254
1489360284,-46.34586,-23.46207
1489360288,-46.34638,-23.46159
1489360291,-46.34678,-23.46109
1489360292,-46.34703,-23.46079
1489360295,-46.34729,-23.46038
1489360299,-46.34743,-23.45994
1489360302,-46.34735,-23.45953
1489360305,-46.34704,-23.45901
1489360307,-46.34674,-23.45886
1489360310,-46.34647,-23.45878
1489360312,-46.34604,-23.45866
1489360319,-46.34522,-23.45849
1489360320,-46.34496,-23.45845
1489360322,-46.34475,-23.45844
1489360325,-46.34455,-23.45841
1489360335,-46.34438,-23.45836
1489360345,-46.34428,-23.45838
1489360356,-46.34428,-23.45837
1489360362,-46.18292,-23.51685
1489360364,-46.34428,-23.45837
1489360375,-46.34418,-23.45832
1489360385,-46.34383,-23.45833
1489360396,-46.34263,-23.45809
1489360402,-46.3419,-23.45811
1489360406,-46.34171,-23.45855
1489360408,-46.34184,-23.45876
1489360411,-46.34204,-23.45888
1489360412,-46.34232,-23.45894
1489360415,-46.34263,-23.45899
1489360417,-46.34314,-23.45909
1489360421,-46.34369,-23.45917
1489360426,-46.34479,-23.45937
1489360430,-46.3452,-23.45958
1489360431,-46.34529,-23.45989
1489360436,-46.34539,-23.46067
1489360440,-46.34545,-23.46123
1489360443,-46.34553,-23.4616
1489360444,-46.34582,-23.46215
1489360448,-46.34625,-23.46263
1489360449,-46.34654,-23.46293
1489360453,-46.34699,-23.46336
1489360454,-46.34715,-23.4635
1489360459,-46.34806,-23.46418
1489360460,-46.34823,-23.4643
1489360463,-46.34856,-23.46452
1489360466,-46.34923,-23.4649
1489360470,-46.34968,-23.46516
1489360472,-46.35016,-23.46545
1489360474,-46.35034,-23.46553
1489360475,-46.35068,-23.4657
1489360478,-46.35116,-23.46593
1489360481,-46.35148,-23.46607
1489360483,-46.35198,-23.46626
1489360489,-46.35296,-23.46663
1489360491,-46.35325,-23.46674
1489360494,-46.35354,-23.46683
1489360495,-46.35379,-23.46692
1489360501,-46.35435,-23.46709
1489360504,-46.35466,-23.46715
1489360505,-46.3549,-23.46721
1489360507,-46.35513,-23.46726
1489360515,-46.35615,-23.46746
1489360517,-46.35647,-23.46751
1489360520,-46.35702,-23.46759
1489360527,-46.35864,-23.46774
1489360530,-46.35908,-23.46776
1489360532,-46.35951,-23.46777
1489360539,-46.3606,-23.46776
1489360540,-46.36107,-23.46774
1489360543,-46.36135,-23.46772
1489360545,-46.36176,-23.46766
1489360548,-46.36218,-23.46761
1489360553,-46.36293,-23.46752
1489360557,-46.36347,-23.46748
1489360561,-46.3644,-23.46731
1489360564,-46.36496,-23.46717
1489360567,-46.36531,-23.46707
1489360569,-46.36567,-23.46699
1489360571,-46.36596,-23.46694
1489360573,-46.36622,-23.46688
1489360577,-46.36673,-23.46675
1489360580,-46.36702,-23.46666
1489360582,-46.36721,-23.46662
1489360586,-46.36742,-23.46657
1489360590,-46.36761,-23.4665
1489360601,-46.36764,-23.46647
1489360622,-46.36764,-23.46648
1489360633,-46.36772,-23.46645
1489360654,-46.36783,-23.46641
1489360665,-46.36791,-23.46642
1489360675,-46.36792,-23.46641
1489360685,-46.36792,-23.46641
1489360696,-46.36792,-23.46641
1489360706,-46.36799,-23.46639
1489360729,-46.36817,-23.46632
1489360740,-46.3682,-23.46632
1489360751,-46.36822,-23.46631
1489360761,-46.36821,-23.46629
1489360772,-46.36837,-23.46624
1489360783,-46.36837,-23.46624
1489360793,-46.36866,-23.46555
1489360795,-46.36841,-23.46623
1489360805,-46.36849,-23.4662
1489360816,-46.36852,-23.46619
1489360826,-46.36852,-23.46619
1489360839,-46.36859,-23.46617
1489360850,-46.36859,-23.46615
1489360860,-46.36859,-23.46615
1489360872,-46.36859,-23.46615
1489360884,-46.3686,-23.46615
1489360894,-46.36872,-23.46613
1489360905,-46.36874,-23.46613
1489360915,-46.36876,-23.46613
1489360923,-46.3692,-23.46606
1489360926,-46.36939,-23.46603
1489360931,-46.37,-23.4659
1489360932,-46.37021,-23.46586
1489360933,-46.36949,-23.46532
1489360936,-46.3705,-23.46582
1489360938,-46.37072,-23.46576
1489360948,-46.37085,-23.46573
1489360955,-46.37095,-23.46572
1489360960,-46.37117,-23.46568
1489360967,-46.3714,-23.46565
1489360979,-46.37154,-23.46563
1489360994,-46.37198,-23.46555
1489361000,-46.37246,-23.46548
1489361004,-46.37275,-23.46545
1489361006,-46.37298,-23.46543
1489361007,-46.37322,-23.46539
1489361010,-46.37362,-23.46531
1489361016,-46.37443,-23.46525
1489361019,-46.37475,-23.46521
1489361021,-46.37502,-23.46519
1489361025,-46.37551,-23.46517
1489361027,-46.37578,-23.46515
1489361030,-46.37609,-23.46514
1489361031,-46.37638,-23.46513
1489361033,-46.37665,-23.46515
1489361038,-46.37726,-23.46513
1489361042,-46.37754,-23.4651
1489361066,-46.37886,-23.46515
1489361068,-46.37907,-23.46516
1489361072,-46.37936,-23.46518
1489361079,-46.38009,-23.46521
1489361083,-46.38064,-23.46525
1489361087,-46.38097,-23.46528
1489361090,-46.38118,-23.46529
1489361091,-46.3815,-23.46532
1489361094,-46.38182,-23.46536
1489361097,-46.38202,-23.46537
1489361115,-46.38315,-23.46556
1489361126,-46.38333,-23.46559
1489361136,-46.38334,-23.4656
1489361146,-46.3835,-23.46563
1489361157,-46.38358,-23.46564
1489361161,-46.38389,-23.46569
1489361165,-46.38415,-23.46575
1489361168,-46.38436,-23.46578
1489361171,-46.38456,-23.46581
1489361177,-46.385,-23.46588
1489361181,-46.38523,-23.46592
1489361192,-46.38568,-23.46603
1489361201,-46.38591,-23.46609
1489361207,-46.38622,-23.46616
1489361233,-46.38836,-23.46682
1489361236,-46.38862,-23.4669
1489362371,-46.48293,-23.42614
