1486813644,-46.66532,-23.57219
1486813651,-46.66535,-23.57219
1486813652,-46.66535,-23.57218
1486813661,-46.66534,-23.5722
1486813671,-46.66532,-23.57215
1486813682,-46.66515,-23.57226
1486813686,-46.66498,-23.57236
1486813688,-46.66478,-23.57236
1486813691,-46.66457,-23.57226
1486813695,-46.66437,-23.57211
1486813701,-46.66417,-23.57195
1486813711,-46.66406,-23.57188
1486813715,-46.66388,-23.57178
1486813723,-46.6635,-23.57148
1486813725,-46.66334,-23.57134
1486813729,-46.66408,-23.57188
1486813731,-46.66302,-23.57109
1486813735,-46.66256,-23.57082
1486813744,-46.66205,-23.57033
1486813749,-46.66169,-23.56996
1486813752,-46.6615,-23.56978
1486813756,-46.66133,-23.56958
1486813758,-46.66114,-23.56939
1486813765,-46.66086,-23.56907
1486813779,-46.66068,-23.56891
1486813790,-46.6607,-23.56891
1486813798,-46.6607,-23.56891
1486813808,-46.6607,-23.56891
1486813818,-46.66054,-23.5688
1486813821,-46.66038,-23.56863
1486813824,-46.66025,-23.56847
1486813828,-46.6601,-23.5683
1486813830,-46.65993,-23.56814
1486813833,-46.65977,-23.56797
1486813836,-46.6596,-23.56777
1486813840,-46.6594,-23.56761
1486813842,-46.65921,-23.56744
1486813846,-46.65896,-23.56718
1486813851,-46.65872,-23.56692
1486813854,-46.65855,-23.56673
1486813856,-46.6588,-23.56685
1486813861,-46.65804,-23.56619
1486813866,-46.65766,-23.56587
1486813870,-46.65748,-23.56565
1486813872,-46.65725,-23.56555
1486813881,-46.6568,-23.56491
1486813884,-46.65671,-23.56472
1486813890,-46.65679,-23.56451
1486813895,-46.65694,-23.56433
1486813897,-46.65711,-23.56415
1486813911,-46.65737,-23.5635
1486813915,-46.65873,-23.56675
1486813926,-46.65705,-23.56315
1486813928,-46.6569,-23.56303
1486813938,-46.65688,-23.56302
1486813949,-46.65689,-23.56302
1486813959,-46.65688,-23.56302
1486813969,-46.65688,-23.56302
1486813977,-46.65672,-23.56286
1486813984,-46.65639,-23.56253
1486813989,-46.65623,-23.56235
1486813994,-46.65603,-23.56232
1486814015,-46.65587,-23.5623
1486814025,-46.6556,-23.56185
1486814027,-46.65544,-23.56169
1486814031,-46.65531,-23.56147
1486814035,-46.65539,-23.56128
1486814039,-46.65546,-23.56113
1486814043,-46.65536,-23.56096
1486814057,-46.65613,-23.56231
1486814063,-46.65447,-23.56069
1486814065,-46.6544,-23.56045
1486814068,-46.65431,-23.56028
1486814072,-46.6542,-23.56004
1486814073,-46.6542,-23.56004
1486814078,-46.65403,-23.55963
1486814089,-46.65406,-23.55951
1486814097,-46.65405,-23.5593
1486814098,-46.65601,-23.56231
1486814099,-46.654,-23.5592
1486814105,-46.65388,-23.55903
1486814112,-46.65362,-23.55863
1486814116,-46.65343,-23.55839
1486814124,-46.65281,-23.55801
1486814130,-46.65227,-23.55769
1486814134,-46.65203,-23.55755
1486814135,-46.65187,-23.55742
1486814137,-46.65169,-23.5573
1486814140,-46.65148,-23.55718
1486814141,-46.65128,-23.55705
1486814144,-46.65095,-23.55688
1486814149,-46.6506,-23.55662
1486814150,-46.65042,-23.55652
1486814152,-46.65025,-23.55642
1486814167,-46.65003,-23.55627
1486814177,-46.65002,-23.55626
1486814182,-46.65352,-23.55824
1486814193,-46.65002,-23.55626
1486814204,-46.65002,-23.55626
1486814214,-46.64997,-23.55618
1486814223,-46.64962,-23.55588
1486814236,-46.64953,-23.55554
1486814246,-46.64952,-23.55555
1486814257,-46.64951,-23.55555
1486814288,-46.64952,-23.55555
1486814289,-46.64968,-23.55541
1486814293,-46.64989,-23.5554
1486814298,-46.65021,-23.55549
1486814302,-46.65038,-23.55561
1486814312,-46.65037,-23.55566
1486814322,-46.65044,-23.55573
1486814327,-46.65065,-23.55581
1486814329,-46.65088,-23.55581
1486814340,-46.65124,-23.55563
1486814341,-46.65028,-23.55563
1486814344,-46.65138,-23.55537
1486814345,-46.65143,-23.5552
1486814349,-46.65151,-23.55498
1486814357,-46.6518,-23.55494
1486814361,-46.65205,-23.55498
1486814362,-46.65028,-23.55563
1486814363,-46.65218,-23.55502
1486814374,-46.6522,-23.55502
1486814383,-46.65036,-23.55566
1486814384,-46.65221,-23.55503
1486814392,-46.65241,-23.5551
1486814396,-46.6526,-23.55518
1486814403,-46.65274,-23.55496
1486814407,-46.65285,-23.55477
1486814415,-46.65301,-23.55466
1486814418,-46.65326,-23.55477
1486814421,-46.65346,-23.55482
1486814425,-46.65367,-23.55492
1486814428,-46.65394,-23.55498
1486814431,-46.65416,-23.55504
1486814436,-46.65442,-23.55511
1486814437,-46.65186,-23.55573
1486814446,-46.65476,-23.55525
1486814454,-46.65516,-23.55535
1486814460,-46.65535,-23.55549
1486814464,-46.6554,-23.5557
1486814472,-46.6555,-23.55623
1486814475,-46.65552,-23.55642
1486814477,-46.65552,-23.55666
1486814480,-46.65552,-23.55688
1486814489,-46.65525,-23.55709
1486814497,-46.65556,-23.55656
1486814508,-46.65506,-23.557
1486814518,-46.65478,-23.55694
1486814520,-46.65455,-23.55682
1486814523,-46.65431,-23.55675
1486814527,-46.65403,-23.55668
1486814529,-46.65368,-23.55665
1486814533,-46.65343,-23.55661
1486814539,-46.65286,-23.55648
1486814543,-46.65251,-23.55638
1486814546,-46.6522,-23.55631
1486814550,-46.65201,-23.55622
1486814554,-46.65172,-23.55613
1486814557,-46.6533,-23.55653
1486814559,-46.65133,-23.55603
1486814565,-46.6509,-23.55591
1486814575,-46.65069,-23.55588
1486814577,-46.6533,-23.55653
1486814589,-46.65066,-23.55585
1486814599,-46.65065,-23.55585
1486814609,-46.65065,-23.55585
1486814620,-46.65065,-23.55585
1486814630,-46.65062,-23.55588
1486814638,-46.6504,-23.5559
1486814643,-46.6502,-23.55602
1486814653,-46.65003,-23.55608
1486814674,-46.65,-23.5561
1486814684,-46.65,-23.5561
1486814694,-46.65,-23.5561
1486814698,-46.6507,-23.55581
1486814700,-46.65001,-23.55609
1486814710,-46.65,-23.5561
1486814719,-46.65001,-23.55609
1486814729,-46.65001,-23.55609
1486814737,-46.64968,-23.55617
1486814751,-46.64954,-23.55583
1486814761,-46.64954,-23.55584
1486814771,-46.6493,-23.55544
1486814778,-46.64886,-23.55508
1486814783,-46.6485,-23.55467
1486814787,-46.64834,-23.55441
1486814791,-46.6481,-23.554
1486814794,-46.64804,-23.55381
1486814804,-46.64755,-23.55301
1486814807,-46.64742,-23.55273
1486814815,-46.64716,-23.55214
1486814817,-46.64698,-23.55187
1486814821,-46.64677,-23.55163
1486814822,-46.64658,-23.55152
1486814824,-46.6464,-23.55142
1486814830,-46.64583,-23.5512
1486814833,-46.64565,-23.55109
1486814838,-46.64516,-23.55093
1486814843,-46.64464,-23.55069
1486814846,-46.64449,-23.55056
1486814849,-46.64407,-23.55039
1486814851,-46.64386,-23.55037
1486814856,-46.64333,-23.55013
1486814862,-46.64268,-23.54994
1486814867,-46.64233,-23.54972
1486814868,-46.64213,-23.54961
1486814870,-46.64194,-23.54951
1486814872,-46.64174,-23.54943
1486814879,-46.64111,-23.5492
1486814881,-46.64075,-23.54918
1486814883,-46.64052,-23.54918
1486814889,-46.63985,-23.54914
1486814899,-46.63889,-23.54868
1486814902,-46.63876,-23.54851
1486814907,-46.63847,-23.54815
1486814908,-46.63827,-23.54789
1486814911,-46.63814,-23.54773
1486814914,-46.63792,-23.54743
1486814916,-46.6378,-23.54727
1486814920,-46.63766,-23.54693
1486814931,-46.63764,-23.54682
1486814932,-46.64349,-23.55031
1486814942,-46.64349,-23.55031
1486814946,-46.64199,-23.54926
1486814951,-46.63837,-23.54637
1486814961,-46.6384,-23.54642
1486814972,-46.6384,-23.54642
1486814974,-46.66767,-23.56906
1486814985,-46.66767,-23.56906
1486814995,-46.66767,-23.56906
1486815005,-46.66767,-23.56906
1486815026,-46.66767,-23.56906
1486815047,-46.66767,-23.56906
1486815055,-46.6355,-23.54263
1486815059,-46.63513,-23.5428
1486815062,-46.63505,-23.54314
1486815072,-46.63506,-23.54298
1486815076,-46.63493,-23.54282
1486815084,-46.63469,-23.54236
1486815089,-46.63459,-23.5421
1486815094,-46.63439,-23.54177
1486815103,-46.63405,-23.54116
1486815106,-46.63397,-23.54089
1486815109,-46.63396,-23.54069
1486815110,-46.63393,-23.5405
1486815119,-46.63381,-23.53963
1486815122,-46.63375,-23.53932
1486815124,-46.63372,-23.53911
1486815127,-46.63373,-23.53876
1486815133,-46.63371,-23.53813
1486815136,-46.63368,-23.53795
1486815139,-46.63366,-23.53761
1486815143,-46.6336,-23.53724
1486815150,-46.63355,-23.53663
1486815153,-46.63355,-23.53621
1486815164,-46.63337,-23.53518
1486815165,-46.63332,-23.53496
1486815170,-46.6332,-23.53452
1486815171,-46.63314,-23.5343
1486815173,-46.63308,-23.53409
1486815177,-46.63299,-23.53378
1486815184,-46.63281,-23.53328
1486815188,-46.63275,-23.53298
1486815192,-46.63266,-23.53278
1486815203,-46.63268,-23.53273
1486815213,-46.63268,-23.53273
1486815223,-46.63268,-23.53273
1486815234,-46.63268,-23.53273
1486815244,-46.63268,-23.53273
1486815253,-46.6326,-23.53252
1486815256,-46.63253,-23.53231
1486815264,-46.63233,-23.53163
1486815266,-46.63226,-23.53142
1486815270,-46.63215,-23.53109
1486815271,-46.63209,-23.53088
1486815273,-46.63202,-23.53067
1486815276,-46.63196,-23.53048
1486815280,-46.63182,-23.52995
1486815283,-46.63176,-23.52974
1486815284,-46.63169,-23.52953
1486815287,-46.63158,-23.52924
1486815290,-46.63153,-23.52902
1486815293,-46.63141,-23.52862
1486815295,-46.63136,-23.5284
1486815298,-46.63132,-23.5282
1486815300,-46.63131,-23.52792
1486815304,-46.63128,-23.52765
1486815305,-46.63125,-23.52746
1486815308,-46.63121,-23.5272
1486815311,-46.63117,-23.52698
1486815326,-46.63102,-23.52653
1486815336,-46.63101,-23.52651
1486815357,-46.63105,-23.52656
1486815367,-46.63105,-23.5265
1486815372,-46.63096,-23.52626
1486815376,-46.63093,-23.52608
1486815378,-46.6309,-23.52587
1486815385,-46.63082,-23.52538
1486815387,-46.6308,-23.52513
1486815390,-46.63077,-23.52487
1486815395,-46.63071,-23.52442
1486815397,-46.63069,-23.52423
1486815400,-46.63067,-23.52404
1486815406,-46.63054,-23.52348
1486815407,-46.63052,-23.52329
1486815412,-46.63046,-23.5229
1486815414,-46.63041,-23.5226
1486815416,-46.63038,-23.52241
1486815419,-46.63036,-23.5222
1486815421,-46.63034,-23.522
1486815424,-46.63028,-23.52163
1486815426,-46.63109,-23.5264
1486815434,-46.63017,-23.52072
1486815441,-46.63012,-23.51997
1486815442,-46.63011,-23.51977
1486815449,-46.63007,-23.51923
1486815451,-46.63003,-23.51898
1486815455,-46.62997,-23.51864
1486815459,-46.62992,-23.51835
1486815463,-46.62983,-23.51785
1486815466,-46.62979,-23.51765
1486815467,-46.62974,-23.51745
1486815469,-46.6297,-23.51725
1486815472,-46.62966,-23.51705
1486815476,-46.6296,-23.51655
1486815478,-46.62956,-23.51634
1486815483,-46.62948,-23.51586
1486815494,-46.62887,-23.51529
1486815503,-46.62835,-23.51461
1486815507,-46.6294,-23.5161
1486815509,-46.62843,-23.51409
1486815510,-46.62853,-23.51389
1486815513,-46.62873,-23.51367
1486815516,-46.62892,-23.51352
1486815525,-46.62901,-23.51298
1486815532,-46.62898,-23.5125
1486815535,-46.62895,-23.51226
1486815541,-46.62877,-23.51179
1486815544,-46.62857,-23.51164
1486815556,-46.62742,-23.51162
1486815559,-46.62721,-23.51163
1486815562,-46.62693,-23.51164
1486815579,-46.62638,-23.51162
1486815583,-46.62613,-23.51159
1486815586,-46.62591,-23.5116
1486815591,-46.62566,-23.51158
1486815607,-46.62646,-23.51158
1486815608,-46.62452,-23.51158
1486815612,-46.62428,-23.5116
1486815615,-46.62395,-23.51158
1486815619,-46.62376,-23.51165
1486815626,-46.62326,-23.51165
1486815630,-46.62294,-23.51168
1486815634,-46.62268,-23.51168
1486815636,-46.62245,-23.51167
1486815639,-46.62221,-23.51164
1486815646,-46.62169,-23.51158
1486815658,-46.62138,-23.51219
1486815662,-46.62137,-23.51264
1486815666,-46.62139,-23.51294
1486815672,-46.62138,-23.51342
1486815675,-46.62139,-23.51364
1486815678,-46.62138,-23.51386
1486815685,-46.6213,-23.51432
1486815688,-46.62119,-23.51463
1486815695,-46.62125,-23.51503
1486815698,-46.62141,-23.51521
1486815702,-46.62165,-23.51544
1486815705,-46.62181,-23.5156
1486815715,-46.62153,-23.51598
1486815718,-46.62135,-23.51612
1486815723,-46.62109,-23.51632
1486815726,-46.62077,-23.51651
1486815728,-46.62059,-23.51662
1486815733,-46.6203,-23.51683
1486815742,-46.61968,-23.51747
1486815747,-46.61948,-23.51773
1486815755,-46.61975,-23.51796
1486815759,-46.62002,-23.518
1486815763,-46.62051,-23.51806
1486815765,-46.62074,-23.5181
1486815768,-46.62106,-23.51815
1486815773,-46.6215,-23.51824
1486815774,-46.62171,-23.51827
1486815777,-46.62201,-23.51833
1486815785,-46.6228,-23.51849
1486815788,-46.62311,-23.51852
1486815791,-46.62335,-23.51852
1486815801,-46.62402,-23.51808
1486815808,-46.62444,-23.51769
1486815819,-46.6247,-23.51725
1486815828,-46.62466,-23.51707
1486815838,-46.62464,-23.51691
1486815843,-46.62466,-23.51673
1486815851,-46.62468,-23.51655
1486815861,-46.62465,-23.51645
1486815867,-46.62465,-23.51684
1486815868,-46.62466,-23.51643
1486815877,-46.62467,-23.51619
1486815887,-46.62464,-23.5158
1486815892,-46.62465,-23.51558
1486815899,-46.62462,-23.5154
1486815907,-46.6246,-23.51517
1486815911,-46.62457,-23.5149
1486815915,-46.62444,-23.51473
1486815918,-46.62419,-23.51449
1486815921,-46.62406,-23.51431
1486815926,-46.62407,-23.51409
1486815928,-46.62465,-23.51684
1486815929,-46.62424,-23.51387
1486815932,-46.62438,-23.51366
1486815936,-46.62452,-23.51349
1486815957,-46.6246,-23.51343
1486815975,-46.62473,-23.5133
1486815986,-46.62493,-23.51327
1486815990,-46.62511,-23.51352
1486815996,-46.62523,-23.51401
1486815999,-46.62525,-23.51421
1486816008,-46.62472,-23.51336
1486816010,-46.62527,-23.51496
1486816017,-46.62531,-23.51566
1486816019,-46.62533,-23.51586
1486816024,-46.62533,-23.51642
1486816026,-46.62532,-23.51665
1486816028,-46.62472,-23.51336
1486816030,-46.62535,-23.51703
1486816031,-46.62535,-23.51726
1486816034,-46.62536,-23.51763
1486816040,-46.6254,-23.5184
1486816042,-46.6254,-23.51864
1486816044,-46.6254,-23.51888
1486816047,-46.62541,-23.5192
1486816054,-46.62538,-23.51968
1486816058,-46.6254,-23.51988
1486816061,-46.62541,-23.52013
1486816064,-46.62544,-23.5205
1486816076,-46.62622,-23.52076
1486816079,-46.6263,-23.52049
1486816082,-46.62623,-23.52026
1486816086,-46.62604,-23.52013
1486816088,-46.62917,-23.52212
1486816089,-46.62572,-23.52013
1486816096,-46.62516,-23.52018
1486816101,-46.6247,-23.52015
1486816103,-46.62448,-23.52017
1486816108,-46.62917,-23.52212
1486816111,-46.6236,-23.52012
1486816113,-46.62338,-23.52012
1486816117,-46.62291,-23.5201
1486816119,-46.62267,-23.52008
1486816123,-46.62224,-23.52002
1486816126,-46.62192,-23.51996
1486816131,-46.62146,-23.51987
1486816135,-46.62088,-23.51972
1486816139,-46.62051,-23.51962
1486816143,-46.61991,-23.51951
1486816146,-46.61967,-23.5195
1486816148,-46.61928,-23.51949
1486816154,-46.61856,-23.51956
1486816158,-46.61819,-23.51964
1486816160,-46.61794,-23.51971
1486816163,-46.61743,-23.51988
1486816167,-46.61708,-23.52001
1486816168,-46.61686,-23.52013
1486816171,-46.61655,-23.52031
1486816173,-46.61634,-23.52044
1486816175,-46.61615,-23.52057
1486816179,-46.61585,-23.5208
1486816185,-46.6152,-23.52137
1486816188,-46.61501,-23.52151
1486816190,-46.61472,-23.52172
1486816195,-46.61436,-23.522
1486816200,-46.61379,-23.52238
1486816203,-46.61362,-23.52253
1486816204,-46.61343,-23.52266
1486816207,-46.61316,-23.52286
1486816211,-46.61276,-23.52314
1486816216,-46.61233,-23.52335
1486816217,-46.61212,-23.52346
1486816219,-46.6119,-23.52354
1486816224,-46.61133,-23.52373
1486816227,-46.61098,-23.52382
1486816233,-46.61033,-23.52392
1486816236,-46.60979,-23.524
1486816239,-46.60949,-23.52402
1486816241,-46.60921,-23.52403
1486816244,-46.60868,-23.52402
1486816248,-46.60812,-23.52397
1486816252,-46.6076,-23.52387
1486816255,-46.60734,-23.52381
1486816257,-46.60693,-23.52371
1486816259,-46.60666,-23.52364
1486816262,-46.60636,-23.52358
1486816264,-46.6059,-23.5235
1486816270,-46.60513,-23.52347
1486816271,-46.60482,-23.52348
1486816274,-46.60437,-23.52352
1486816280,-46.60363,-23.52367
1486816281,-46.60335,-23.52377
1486816283,-46.60308,-23.52385
1486816287,-46.60266,-23.52405
1486816290,-46.60218,-23.52434
1486816293,-46.60195,-23.5245
1486816294,-46.60173,-23.52467
1486816297,-46.60152,-23.52484
1486816303,-46.6009,-23.52536
1486816305,-46.60055,-23.5256
1486816307,-46.60032,-23.52579
1486816310,-46.60008,-23.52599
1486816312,-46.59971,-23.52627
1486816314,-46.5995,-23.52644
1486816318,-46.59916,-23.52665
1486816319,-46.59896,-23.52684
1486816321,-46.59876,-23.52702
1486816324,-46.59856,-23.52722
1486816325,-46.59834,-23.52738
1486816331,-46.59782,-23.52787
1486816333,-46.59747,-23.52814
1486816340,-46.59671,-23.52876
1486816342,-46.59649,-23.52891
1486816345,-46.59627,-23.52906
1486816346,-46.59604,-23.52921
1486816352,-46.59544,-23.52956
1486816353,-46.59519,-23.5297
1486816356,-46.59477,-23.52989
1486816359,-46.59434,-23.5301
1486816363,-46.59387,-23.53023
1486816369,-46.59278,-23.53046
1486816373,-46.59232,-23.53051
1486816374,-46.59201,-23.53052
1486816380,-46.59121,-23.53048
1486816381,-46.5909,-23.53044
1486816383,-46.59058,-23.53039
1486816387,-46.5899,-23.53021
1486816392,-46.58931,-23.52995
1486816395,-46.58897,-23.5296
1486816396,-46.58885,-23.52932
1486816399,-46.58882,-23.52902
1486816405,-46.58887,-23.52793
1486816414,-46.58833,-23.52645
1486816418,-46.58785,-23.52584
1486816420,-46.58761,-23.52552
1486816423,-46.58736,-23.52518
1486816424,-46.58709,-23.52483
1486816427,-46.58669,-23.52431
1486816429,-46.58641,-23.52397
1486816432,-46.58598,-23.52344
1486816434,-46.58583,-23.52326
1486816438,-46.58512,-23.52239
1486816441,-46.58484,-23.52205
1486816442,-46.58454,-23.5217
1486816444,-46.58425,-23.52136
1486816446,-46.58411,-23.5212
1486816447,-46.58382,-23.52087
1486816450,-46.58351,-23.52055
1486816451,-46.5832,-23.52022
1486816452,-46.58303,-23.52006
1486816453,-46.58287,-23.51989
1486816464,-46.58131,-23.51826
1486816465,-46.58101,-23.51794
1486816467,-46.5807,-23.51762
1486816476,-46.57932,-23.51616
1486816478,-46.57917,-23.51599
1486816483,-46.57836,-23.51515
1486816485,-46.57805,-23.51482
1486816489,-46.57741,-23.51417
1486816490,-46.5771,-23.51384
1486816495,-46.57629,-23.51302
1486816497,-46.57596,-23.51268
1486816501,-46.57532,-23.51199
1486816504,-46.57501,-23.51166
1486816505,-46.57485,-23.51149
1486816506,-46.57453,-23.51116
1486816514,-46.57343,-23.50999
1486816515,-46.57311,-23.50967
1486816519,-46.57246,-23.50904
1486816520,-46.57231,-23.50888
1486816524,-46.57186,-23.5084
1486816525,-46.57155,-23.50808
1486816530,-46.57078,-23.50728
1486816531,-46.57063,-23.50712
1486816533,-46.57032,-23.5068
1486816536,-46.5699,-23.50633
1486816538,-46.56961,-23.50605
1486816542,-46.56902,-23.50545
1486816543,-46.56886,-23.5053
1486816551,-46.56754,-23.50414
1486816553,-46.56737,-23.504
1486816557,-46.56664,-23.50346
1486816558,-46.56627,-23.50319
1486816560,-46.56607,-23.50305
1486816564,-46.56514,-23.50241
1486816569,-46.56419,-23.50175
1486816571,-46.56381,-23.50148
1486816573,-46.56363,-23.50136
1486816578,-46.56271,-23.50076
1486816579,-46.56252,-23.50062
1486816586,-46.56106,-23.49962
1486816587,-46.56088,-23.4995
1486816590,-46.56034,-23.49911
1486816591,-46.56015,-23.49898
1486816599,-46.55888,-23.49809
1486816602,-46.55818,-23.49763
1486816606,-46.55767,-23.49726
1486816607,-46.55749,-23.49714
1486816608,-46.55714,-23.49691
1486816615,-46.55593,-23.49605
1486816617,-46.55557,-23.4958
1486816619,-46.5554,-23.49567
1486816620,-46.55523,-23.49554
1486816626,-46.55403,-23.49469
1486816634,-46.55277,-23.49378
1486816636,-46.55248,-23.49357
1486816639,-46.55218,-23.49334
1486816641,-46.55172,-23.49301
1486816643,-46.55143,-23.4928
1486816648,-46.55082,-23.49237
1486816650,-46.55035,-23.49203
1486816653,-46.54991,-23.49169
1486816657,-46.54943,-23.49134
1486816658,-46.5491,-23.49112
1486816661,-46.54876,-23.49089
1486816666,-46.5479,-23.4903
1486816667,-46.54756,-23.49008
1486816676,-46.54613,-23.48919
1486816677,-46.54576,-23.48897
1486816678,-46.54557,-23.48884
1486816682,-46.54483,-23.48839
1486816683,-46.54465,-23.48827
1486816685,-46.54447,-23.48815
1486816687,-46.54391,-23.48779
1486816690,-46.54337,-23.48744
1486816691,-46.54319,-23.48732
1486816693,-46.54282,-23.4871
1486816696,-46.54245,-23.48686
1486816700,-46.54173,-23.48639
1486816701,-46.54154,-23.48627
1486816702,-46.54118,-23.48603
1486816705,-46.5408,-23.48579
1486816706,-46.54042,-23.48555
1486816707,-46.54021,-23.48541
1486816710,-46.53965,-23.48505
1486816715,-46.53891,-23.48455
1486816737,-46.53486,-23.48199
1486816738,-46.53447,-23.48174
1486816739,-46.53429,-23.48162
1486816740,-46.53411,-23.48151
1486816742,-46.53393,-23.4814
1486816744,-46.53338,-23.48105
1486816745,-46.53319,-23.48093
1486816749,-46.53263,-23.48055
1486816755,-46.53131,-23.47973
1486816760,-46.53035,-23.47913
1486816764,-46.52977,-23.47876
1486816766,-46.52938,-23.47851
1486816767,-46.52919,-23.47839
1486816768,-46.5288,-23.47814
1486816770,-46.52841,-23.47791
1486816772,-46.52821,-23.47779
1486816779,-46.52685,-23.47698
1486816780,-46.52646,-23.47674
1486816785,-46.5259,-23.47636
1486816786,-46.52533,-23.47601
1486816791,-46.5244,-23.47541
1486816793,-46.52403,-23.47517
1486816796,-46.52367,-23.47492
1486816797,-46.52329,-23.4747
1486816799,-46.52292,-23.47447
1486816801,-46.52274,-23.47435
1486816802,-46.52255,-23.47425
1486816809,-46.52114,-23.47333
1486816812,-46.52076,-23.4731
1486816813,-46.52039,-23.47288
1486816816,-46.52002,-23.47267
1486816818,-46.51944,-23.47236
1486816819,-46.51925,-23.47226
1486816827,-46.51791,-23.47161
1486816828,-46.51752,-23.47145
1486816830,-46.51734,-23.47137
1486816831,-46.51717,-23.47129
1486816832,-46.5168,-23.47113
1486816837,-46.51586,-23.47076
1486816839,-46.51547,-23.47062
1486816844,-46.51449,-23.47029
1486816849,-46.51371,-23.47005
1486816850,-46.51351,-23.46999
1486816851,-46.51313,-23.46987
1486816853,-46.51293,-23.46981
1486816855,-46.51256,-23.46969
1486816856,-46.51217,-23.46957
1486816859,-46.51178,-23.46944
1486816860,-46.51136,-23.46931
1486816865,-46.51057,-23.46906
1486816867,-46.50998,-23.46888
1486816871,-46.50939,-23.46869
1486816874,-46.5086,-23.46844
1486816878,-46.50802,-23.46826
1486816879,-46.50767,-23.46816
1486816881,-46.50748,-23.46811
1486816882,-46.50708,-23.468
1486816884,-46.50671,-23.4679
1486816888,-46.50593,-23.46763
1486816890,-46.50556,-23.46748
1486816893,-46.50518,-23.46732
1486816894,-46.50481,-23.46718
1486816898,-46.50409,-23.46692
1486816900,-46.50372,-23.46679
1486816902,-46.50354,-23.46672
1486816905,-46.50298,-23.46653
1486816911,-46.50188,-23.46613
1486816912,-46.50152,-23.466
1486816913,-46.50133,-23.46594
1486816916,-46.50097,-23.46582
1486816921,-46.49992,-23.46544
1486816923,-46.49956,-23.46532
1486816926,-46.49921,-23.46518
1486816928,-46.49886,-23.46507
1486816932,-46.49799,-23.46474
1486816938,-46.49691,-23.46434
1486816940,-46.49654,-23.46421
1486816941,-46.49635,-23.46413
1486816944,-46.49596,-23.46399
1486816949,-46.49479,-23.46363
1486816950,-46.4946,-23.46356
1486816955,-46.49382,-23.46327
1486816956,-46.49344,-23.46311
1486816957,-46.49324,-23.46304
1486816960,-46.49267,-23.46284
1486816962,-46.49248,-23.46276
1486816964,-46.49212,-23.46263
1486816969,-46.4911,-23.46225
1486816972,-46.49076,-23.46213
1486816974,-46.49024,-23.46196
1486816976,-46.48993,-23.46187
1486816979,-46.48961,-23.46177
1486816983,-46.48904,-23.4616
1486816987,-46.48876,-23.46152
1486816990,-46.4885,-23.46145
1486816992,-46.48822,-23.46147
1486816995,-46.48799,-23.46163
1486816999,-46.48794,-23.4619
1486817005,-46.48834,-23.46235
1486817008,-46.48857,-23.46236
1486817012,-46.48907,-23.46238
1486817019,-46.4896,-23.46241
1486817023,-46.48986,-23.4624
1486817033,-46.49045,-23.46192
1486817035,-46.49053,-23.46175
1486817038,-46.49062,-23.46144
1486817041,-46.49075,-23.46125
1486817042,-46.49083,-23.46101
1486817044,-46.49093,-23.46078
1486817046,-46.491,-23.46053
1486817048,-46.49105,-23.46028
1486817051,-46.49106,-23.46002
1486817052,-46.49105,-23.45978
1486817054,-46.49101,-23.45954
1486817056,-46.49099,-23.45932
1486817061,-46.49088,-23.45874
1486817063,-46.49082,-23.45851
1486817066,-46.49079,-23.45829
1486817069,-46.49072,-23.45798
1486817070,-46.49067,-23.45777
1486817073,-46.49061,-23.45759
1486817075,-46.49049,-23.45745
1486817080,-46.49004,-23.45757
1486817084,-46.48988,-23.45775
1486817086,-46.48985,-23.45793
1486817090,-46.49001,-23.45815
1486817093,-46.49022,-23.45825
1486817097,-46.49043,-23.4583
1486817099,-46.49069,-23.4583
1486817102,-46.49097,-23.4583
1486817106,-46.49124,-23.45828
1486817108,-46.49154,-23.45824
1486817111,-46.49187,-23.4582
1486817123,-46.49314,-23.45809
1486817126,-46.49351,-23.4581
1486817129,-46.49372,-23.45811
1486817136,-46.49402,-23.45817
1486817138,-46.49424,-23.45825
1486817141,-46.49445,-23.45835
1486817146,-46.49474,-23.45844
1486817148,-46.49493,-23.45853
1486817151,-46.49514,-23.45862
1486817166,-46.4958,-23.45822
1486817170,-46.49595,-23.458
1486817173,-46.49607,-23.45769
1486817175,-46.49613,-23.45752
1486817178,-46.49622,-23.45734
1486817181,-46.49639,-23.45705
1486817184,-46.49647,-23.45684
1486817190,-46.49663,-23.45644
1486817194,-46.49675,-23.45616
1486817199,-46.49683,-23.45591
1486817202,-46.49693,-23.45569
1486817205,-46.49705,-23.45547
1486817211,-46.49716,-23.45524
1486817224,-46.49754,-23.45438
1486817226,-46.49762,-23.45421
1486817231,-46.49782,-23.45375
1486817233,-46.49789,-23.45358
1486817238,-46.49799,-23.45331
1486817252,-46.49836,-23.45309
1486817256,-46.49857,-23.45317
1486817262,-46.49899,-23.45337
1486817270,-46.49919,-23.4534
1486817279,-46.49944,-23.45351
1486817286,-46.49988,-23.45368
1486817290,-46.50019,-23.45379
1486817295,-46.50048,-23.45388
1486817300,-46.50076,-23.454
1486817303,-46.50095,-23.45406
1486817312,-46.50166,-23.45431
1486817315,-46.50186,-23.45438
1486817316,-46.50205,-23.45445
1486817319,-46.50224,-23.45451
1486817326,-46.50242,-23.45435
1486817329,-46.50244,-23.45413
1486817333,-46.50246,-23.45391
1486817335,-46.50253,-23.4537
1486817338,-46.50263,-23.45346
1486817342,-46.50273,-23.45322
1486817345,-46.50284,-23.45287
1486817350,-46.50301,-23.45244
1486817353,-46.50313,-23.45219
1486817356,-46.50324,-23.45202
1486817363,-46.5034,-23.45186
1486817369,-46.50381,-23.45154
1486817377,-46.50451,-23.45112
1486817380,-46.50477,-23.45109
1486817385,-46.5051,-23.45108
1486817388,-46.50537,-23.45106
1486817397,-46.50586,-23.451
1486817403,-46.50606,-23.451
1486817410,-46.50615,-23.45075
1486817413,-46.50624,-23.45055
1486817421,-46.50635,-23.45019
1486817433,-46.50656,-23.44984
1486817439,-46.50672,-23.44962
1486817450,-46.50679,-23.44954
1486817460,-46.50679,-23.44953
1486817467,-46.50703,-23.44962
1486817473,-46.50729,-23.44973
1486817477,-46.5075,-23.44983
1486817483,-46.50783,-23.45006
1486817490,-46.50819,-23.45026
1486817494,-46.5084,-23.45031
1486817501,-46.50848,-23.45014
1486817519,-46.50866,-23.44988
1486817526,-46.50885,-23.44976
1486817537,-46.5093,-23.4495
1486817548,-46.50974,-23.44933
1486817555,-46.50992,-23.44923
1486817566,-46.50991,-23.44919
1486817576,-46.50991,-23.4492
1486817586,-46.50991,-23.44917
1486817596,-46.50991,-23.44918
1486817617,-46.50994,-23.44915
1486817627,-46.50993,-23.44915
1486817639,-46.50993,-23.44914
1486817649,-46.50993,-23.44916
1486817661,-46.50992,-23.44917
1486817671,-46.50991,-23.44916
1486817681,-46.50991,-23.44916
1486817692,-46.5099,-23.44916
1486817712,-46.50993,-23.44919
1486817719,-46.50992,-23.4492
