1487098196,-43.27356,-22.89488
1487098205,-43.27386,-22.8952
1487098214,-43.27412,-22.89536
1487098226,-43.27468,-22.89565
1487098250,-43.27515,-22.89484
1487098253,-43.27544,-22.89514
1487098256,-43.27543,-22.89485
1487098259,-43.2754,-22.89465
1487098265,-43.27529,-22.89439
1487098269,-43.27506,-22.89424
1487098279,-43.27501,-22.89422
1487098290,-43.27501,-22.89422
1487098300,-43.27501,-22.89422
1487098311,-43.27501,-22.89422
1487098321,-43.27462,-22.89396
1487098330,-43.27455,-22.89378
1487098333,-43.27462,-22.89396
1487098343,-43.27462,-22.89396
1487098353,-43.27462,-22.89396
1487098363,-43.27462,-22.89396
1487098369,-43.27462,-22.89396
1487098375,-43.27457,-22.89389
1487098383,-43.2744,-22.89367
1487098388,-43.27423,-22.89342
1487098393,-43.27408,-22.89324
1487098396,-43.27395,-22.89309
1487098403,-43.27386,-22.89292
1487098408,-43.27387,-22.89264
1487098413,-43.27391,-22.89231
1487098415,-43.27393,-22.89201
1487098422,-43.27395,-22.8914
1487098425,-43.27391,-22.89106
1487098428,-43.27387,-22.89088
1487098434,-43.27383,-22.89068
1487098442,-43.27373,-22.89017
1487098444,-43.27374,-22.88997
1487098447,-43.27381,-22.88975
1487098451,-43.2739,-22.88949
1487098454,-43.27403,-22.88923
1487098456,-43.2742,-22.88903
1487098460,-43.27434,-22.88892
1487098470,-43.27454,-22.88884
1487098473,-43.27474,-22.88876
1487098483,-43.27474,-22.88874
1487098494,-43.27478,-22.88871
1487098505,-43.27478,-22.88871
1487098515,-43.27478,-22.88871
1487098532,-43.27499,-22.88858
1487098545,-43.2756,-22.88811
1487098549,-43.27578,-22.88794
1487098551,-43.27595,-22.88776
1487098555,-43.27617,-22.88753
1487098560,-43.27634,-22.88721
1487098564,-43.27658,-22.88682
1487098575,-43.277,-22.8862
1487098588,-43.2772,-22.88595
1487098591,-43.2773,-22.88578
1487098614,-43.27764,-22.88527
1487098627,-43.27765,-22.88526
1487098637,-43.27765,-22.88526
1487098648,-43.27765,-22.88526
1487098669,-43.27813,-22.88491
1487098674,-43.27839,-22.88511
1487098675,-43.27855,-22.88523
1487098677,-43.27869,-22.88536
1487098681,-43.27905,-22.88565
1487098683,-43.27922,-22.8858
1487098686,-43.27939,-22.88595
1487098688,-43.27964,-22.88616
1487098693,-43.27995,-22.88643
1487098696,-43.28013,-22.88658
1487098700,-43.28033,-22.88674
1487098704,-43.28054,-22.88687
1487098706,-43.2808,-22.887
1487098712,-43.28123,-22.88706
1487098715,-43.28143,-22.8871
1487098727,-43.28146,-22.88711
1487098737,-43.2819,-22.88731
1487098738,-43.28211,-22.88736
1487098743,-43.2826,-22.88747
1487098744,-43.28284,-22.88752
1487098746,-43.28307,-22.88755
1487098748,-43.28331,-22.88757
1487098750,-43.28354,-22.88755
1487098753,-43.28375,-22.88753
1487098754,-43.28399,-22.88751
1487098760,-43.2847,-22.88748
1487098763,-43.28496,-22.88744
1487098766,-43.2851,-22.88729
1487098773,-43.28527,-22.88705
1487098776,-43.28543,-22.88675
1487098781,-43.28564,-22.88641
1487098785,-43.28594,-22.88595
1487098788,-43.28608,-22.8857
1487098797,-43.28647,-22.88572
1487098799,-43.28665,-22.88583
1487098803,-43.28685,-22.88592
1487098806,-43.28704,-22.88603
1487098809,-43.28732,-22.88618
1487098828,-43.28809,-22.88663
1487098839,-43.28809,-22.88663
1487098849,-43.28809,-22.88663
1487098859,-43.28809,-22.88663
1487098870,-43.28809,-22.88663
1487098877,-43.28814,-22.88643
1487098887,-43.28809,-22.88643
1487098898,-43.28809,-22.88643
1487098903,-43.28824,-22.88657
1487098912,-43.2882,-22.88686
1487098918,-43.28798,-22.88697
1487098923,-43.28772,-22.8871
1487098933,-43.28766,-22.88714
1487098944,-43.28766,-22.88714
1487098964,-43.28766,-22.88714
1487098975,-43.28766,-22.88714
1487098980,-43.28747,-22.88716
1487098986,-43.28725,-22.88721
1487098997,-43.28707,-22.88726
1487099001,-43.28624,-22.88725
1487099003,-43.28587,-22.88724
1487099006,-43.28555,-22.88725
1487099016,-43.28555,-22.88725
1487099018,-43.28425,-22.88853
1487099023,-43.28388,-22.88846
1487099026,-43.28379,-22.88864
1487099027,-43.2837,-22.88883
1487099030,-43.28355,-22.88909
1487099033,-43.28341,-22.88932
1487099037,-43.28325,-22.88956
1487099040,-43.28309,-22.88994
1487099044,-43.28299,-22.89019
1487099045,-43.28291,-22.89037
1487099048,-43.28285,-22.89056
1487099050,-43.28277,-22.89086
1487099052,-43.28271,-22.89104
1487099058,-43.28267,-22.89122
1487099068,-43.28265,-22.89127
1487099078,-43.28265,-22.89127
1487099089,-43.28265,-22.89127
1487099099,-43.28277,-22.89131
1487099111,-43.28278,-22.89174
1487099120,-43.28262,-22.89229
1487099126,-43.28254,-22.89266
1487099129,-43.28252,-22.89302
1487099131,-43.28252,-22.89322
1487099135,-43.28256,-22.89352
1487099140,-43.28286,-22.89559
1487099150,-43.28286,-22.89559
1487099160,-43.28331,-22.89656
1487099161,-43.28277,-22.89647
1487099171,-43.28283,-22.89663
1487099182,-43.28308,-22.89687
1487099189,-43.28322,-22.89724
1487099201,-43.28294,-22.89778
1487099204,-43.28271,-22.89798
1487099208,-43.28247,-22.89816
1487099213,-43.28181,-22.89859
1487099217,-43.28145,-22.89882
1487099218,-43.28123,-22.89895
1487099220,-43.28101,-22.89908
1487099223,-43.28068,-22.89926
1487099227,-43.28037,-22.89946
1487099233,-43.27978,-22.89986
1487099244,-43.2787,-22.90064
1487099247,-43.2785,-22.9009
1487099248,-43.27844,-22.90113
1487099254,-43.27812,-22.90144
1487099257,-43.27789,-22.90164
1487099267,-43.27789,-22.90164
1487099278,-43.27789,-22.90164
1487099280,-43.27817,-22.9015
1487099281,-43.27789,-22.90164
1487099290,-43.27768,-22.90185
1487099293,-43.27745,-22.90205
1487099300,-43.27697,-22.90232
1487099310,-43.27681,-22.90241
1487099320,-43.27659,-22.9027
1487099327,-43.27612,-22.90273
1487099333,-43.27554,-22.90283
1487099336,-43.27531,-22.90274
1487099340,-43.275,-22.90259
1487099344,-43.27476,-22.90246
1487099346,-43.27456,-22.90234
1487099352,-43.27415,-22.90213
1487099357,-43.27391,-22.90203
1487099361,-43.27362,-22.90192
1487099364,-43.27341,-22.90188
1487099375,-43.27266,-22.90188
1487099379,-43.2724,-22.90188
1487099394,-43.27197,-22.90185
1487099405,-43.27197,-22.90185
1487099418,-43.27174,-22.9014
1487099423,-43.27171,-22.90116
1487099427,-43.27175,-22.90086
1487099431,-43.27187,-22.90056
1487099436,-43.27202,-22.9003
1487099439,-43.27214,-22.90007
1487099441,-43.2723,-22.89987
1487099451,-43.27266,-22.89913
1487099454,-43.27281,-22.89887
1487099458,-43.27284,-22.89868
1487099463,-43.27235,-22.89856
1487099466,-43.27199,-22.8986
1487099469,-43.27176,-22.8986
1487099470,-43.27153,-22.89858
1487099477,-43.27099,-22.89849
1487099487,-43.27096,-22.8985
1487099497,-43.27096,-22.8985
1487099503,-43.27108,-22.89875
1487099504,-43.27096,-22.8985
1487099514,-43.27096,-22.8985
1487099523,-43.27096,-22.89871
1487099524,-43.27077,-22.89878
1487099534,-43.27084,-22.89913
1487099545,-43.27082,-22.89914
1487099555,-43.27082,-22.89914
1487099566,-43.27082,-22.89914
1487099576,-43.27082,-22.89914
1487099586,-43.27082,-22.89914
1487099597,-43.27082,-22.89914
1487099617,-43.27082,-22.89914
1487099628,-43.27082,-22.89914
1487099638,-43.27082,-22.89914
1487099648,-43.27082,-22.89914
1487099653,-43.27067,-22.89891
1487099663,-43.27067,-22.89891
1487099673,-43.27067,-22.89891
1487099684,-43.27067,-22.89891
1487099694,-43.27067,-22.89891
1487099704,-43.27067,-22.89891
1487099715,-43.27067,-22.89891
1487099725,-43.27067,-22.89891
1487099735,-43.27067,-22.89891
1487099745,-43.27067,-22.89891
1487099756,-43.27067,-22.89891
1487099766,-43.27067,-22.89891
1487099776,-43.27067,-22.89891
1487099787,-43.27064,-22.89891
1487099797,-43.27066,-22.89891
1487099808,-43.27068,-22.89891
1487099828,-43.27068,-22.89889
1487099839,-43.27069,-22.89888
1487099849,-43.27068,-22.89887
1487099859,-43.27066,-22.89889
1487099880,-43.27064,-22.89891
1487099890,-43.27064,-22.89891
1487099900,-43.27062,-22.89893
1487099911,-43.27061,-22.89892
1487099921,-43.27062,-22.89893
1487099931,-43.27063,-22.89892
1487099942,-43.27066,-22.89892
1487099952,-43.2707,-22.89892
1487099962,-43.27072,-22.89891
1487099984,-43.27068,-22.89891
1487099995,-43.27067,-22.89888
1487100005,-43.27068,-22.8989
1487100016,-43.27069,-22.89898
1487100026,-43.27068,-22.89902
1487100037,-43.27072,-22.89902
1487100047,-43.27071,-22.89902
1487100057,-43.2707,-22.89902
1487100068,-43.27064,-22.89901
1487100078,-43.27063,-22.89897
1487100088,-43.27066,-22.89891
1487100099,-43.27066,-22.8989
1487100109,-43.27068,-22.89889
1487100119,-43.2707,-22.89892
1487100129,-43.2707,-22.89897
1487100140,-43.27065,-22.89898
1487100150,-43.27068,-22.89889
1487100160,-43.27069,-22.89889
1487100171,-43.27077,-22.89878
1487100182,-43.27077,-22.89878
1487100192,-43.27077,-22.8987
1487100202,-43.27077,-22.8987
1487100214,-43.27077,-22.89885
1487100233,-43.27066,-22.89848
1487100243,-43.27066,-22.89848
1487100255,-43.27096,-22.89853
1487100265,-43.27096,-22.89853
1487100275,-43.27066,-22.89848
1487100285,-43.27066,-22.89848
1487100295,-43.27096,-22.89853
1487100305,-43.27096,-22.89853
1487100315,-43.271,-22.89855
1487100326,-43.271,-22.89855
1487100336,-43.271,-22.89855
1487100356,-43.27104,-22.89858
1487100367,-43.27104,-22.89858
1487100377,-43.27104,-22.89858
1487100395,-43.27085,-22.89853
1487100407,-43.27085,-22.89853
1487100418,-43.271,-22.89863
1487100428,-43.271,-22.89863
1487100435,-43.27077,-22.89848
1487100445,-43.27077,-22.89848
1487100456,-43.27085,-22.89846
1487100466,-43.27085,-22.89846
1487100475,-43.27104,-22.89858
1487100483,-43.27122,-22.89851
1487100506,-43.27092,-22.8985
1487100516,-43.27096,-22.89853
1487100527,-43.27096,-22.89853
1487100538,-43.27096,-22.89853
1487100557,-43.27096,-22.89853
1487100578,-43.27096,-22.89853
1487100588,-43.27096,-22.89853
1487100600,-43.271,-22.89855
1487100610,-43.271,-22.89855
1487100622,-43.27092,-22.8985
1487100632,-43.27092,-22.8985
1487100638,-43.27066,-22.89848
1487100651,-43.27066,-22.89848
1487100661,-43.27066,-22.89848
1487100671,-43.27066,-22.89848
1487100682,-43.2707,-22.89851
1487100692,-43.2707,-22.89851
1487100704,-43.27066,-22.89848
1487100728,-43.27066,-22.89848
1487100751,-43.27096,-22.89853
1487100761,-43.27096,-22.89853
1487100772,-43.27096,-22.89853
1487100782,-43.27096,-22.89853
1487100789,-43.27066,-22.89848
1487100800,-43.27066,-22.89848
1487100809,-43.27096,-22.89853
1487100832,-43.27096,-22.89853
1487100843,-43.271,-22.89848
1487100856,-43.27071,-22.89897
1487100861,-43.27096,-22.89853
1487100871,-43.27096,-22.89853
1487100882,-43.27096,-22.89853
1487100893,-43.27096,-22.89853
1487100907,-43.27096,-22.89853
1487100918,-43.27096,-22.89853
1487100932,-43.27096,-22.89853
1487100955,-43.27096,-22.89853
1487100966,-43.271,-22.89848
1487100969,-43.2716,-22.89769
1487100979,-43.2716,-22.89769
1487100982,-43.27096,-22.89853
1487101033,-43.27096,-22.89853
1487101043,-43.27096,-22.89853
1487101053,-43.27096,-22.89853
1487101064,-43.271,-22.89848
1487101076,-43.271,-22.89848
1487101087,-43.27096,-22.89853
1487101098,-43.27096,-22.89853
1487101124,-43.27096,-22.89853
1487101150,-43.27096,-22.89853
1487101160,-43.27146,-22.89786
1487101165,-43.27092,-22.8985
1487101187,-43.27096,-22.89853
1487101190,-43.27134,-22.89796
1487101200,-43.27132,-22.89796
1487101210,-43.27132,-22.89796
1487101221,-43.27132,-22.89796
1487101232,-43.27128,-22.89798
1487101245,-43.27129,-22.89798
1487101255,-43.27129,-22.89797
1487101265,-43.271,-22.89848
1487101276,-43.271,-22.89848
1487101288,-43.271,-22.89848
1487101299,-43.271,-22.89848
1487101305,-43.2707,-22.89866
1487101328,-43.27066,-22.89878
1487101338,-43.27066,-22.89878
1487101346,-43.27055,-22.89856
1487101357,-43.27055,-22.89856
1487101362,-43.27069,-22.89885
1487101374,-43.27069,-22.89886
1487101387,-43.2707,-22.89888
1487101408,-43.27076,-22.89899
1487101418,-43.27078,-22.89894
1487101421,-43.27098,-22.89858
1487101431,-43.27098,-22.89858
1487101443,-43.27101,-22.89856
1487101456,-43.27104,-22.89854
1487101481,-43.27104,-22.89853
1487101487,-43.27085,-22.89845
1487101498,-43.27088,-22.89831
1487101503,-43.27111,-22.89809
1487101514,-43.27112,-22.89809
1487101524,-43.2712,-22.89801
1487101533,-43.27135,-22.89786
1487101544,-43.27138,-22.89783
1487101554,-43.27138,-22.89783
1487101568,-43.27169,-22.89751
1487101574,-43.27186,-22.89734
1487101580,-43.27208,-22.89713
1487101585,-43.27224,-22.89695
1487101595,-43.27226,-22.89693
1487101606,-43.27226,-22.89693
1487101621,-43.27226,-22.89693
1487101626,-43.27242,-22.89677
1487101630,-43.27258,-22.8966
1487101651,-43.27269,-22.89645
1487101662,-43.27273,-22.89641
1487101678,-43.27304,-22.89599
1487101684,-43.27326,-22.89576
1487101687,-43.27351,-22.89561
1487101692,-43.2737,-22.8955
1487101702,-43.27373,-22.89549
1487101713,-43.27373,-22.89549
1487101723,-43.27373,-22.89549
1487101733,-43.27383,-22.89546
1487101738,-43.2741,-22.89533
1487101743,-43.27437,-22.89519
1487101746,-43.27461,-22.89518
1487101750,-43.27486,-22.89534
1487101754,-43.27507,-22.89534
1487101763,-43.27538,-22.89485
1487101766,-43.2755,-22.89463
1487101770,-43.27561,-22.89446
1487101774,-43.27573,-22.89427
1487101781,-43.27593,-22.8939
1487101784,-43.27605,-22.89373
1487101789,-43.27627,-22.89384
1487101794,-43.27646,-22.89408
1487101797,-43.27658,-22.89424
1487101799,-43.27674,-22.89443
1487101811,-43.27743,-22.89532
1487101814,-43.27762,-22.89556
1487101816,-43.27774,-22.89572
1487101826,-43.27844,-22.8966
1487101829,-43.27855,-22.89675
1487101833,-43.27877,-22.89702
1487101838,-43.27907,-22.8974
1487101843,-43.27926,-22.89767
1487101849,-43.27949,-22.898
1487101857,-43.2796,-22.89816
1487101870,-43.27961,-22.89818
1487101880,-43.27959,-22.89818
1487101891,-43.27959,-22.89818
1487101901,-43.27959,-22.89818
1487101908,-43.27957,-22.89838
1487101919,-43.27953,-22.89838
1487101931,-43.27953,-22.89838
1487101934,-43.27969,-22.89823
1487101935,-43.27946,-22.89842
1487101945,-43.27944,-22.89845
1487101955,-43.27944,-22.89845
1487101966,-43.27944,-22.89845
1487101976,-43.27944,-22.89845
1487101986,-43.27944,-22.89845
1487101996,-43.27946,-22.89851
1487102002,-43.27928,-22.89866
1487102018,-43.27906,-22.89884
1487102029,-43.27906,-22.89884
1487102039,-43.27906,-22.89884
1487102052,-43.27906,-22.89884
1487102063,-43.27906,-22.89884
1487102075,-43.27896,-22.89889
1487102089,-43.27887,-22.89898
1487102101,-43.27877,-22.89906
1487102112,-43.27876,-22.89908
1487102125,-43.27876,-22.89908
1487102136,-43.27876,-22.89908
1487102147,-43.27876,-22.89909
1487102159,-43.2787,-22.89919
1487102166,-43.27853,-22.8993
1487102179,-43.27794,-22.89987
1487102180,-43.2778,-22.9
1487102186,-43.27747,-22.9003
1487102190,-43.27723,-22.90053
1487102201,-43.27704,-22.90075
1487102206,-43.27708,-22.901
1487102209,-43.27722,-22.90112
1487102214,-43.27745,-22.90131
1487102218,-43.27764,-22.90148
1487102228,-43.27766,-22.9015
1487102240,-43.27766,-22.9015
1487102250,-43.2777,-22.90153
1487102256,-43.27786,-22.90171
1487102259,-43.27769,-22.90187
1487102263,-43.27746,-22.90208
1487102274,-43.27677,-22.90251
1487102278,-43.2766,-22.90229
1487102284,-43.27652,-22.9021
1487102289,-43.27643,-22.90193
1487102302,-43.27633,-22.90176
1487102311,-43.27616,-22.90146
1487102314,-43.27604,-22.90126
1487102321,-43.27587,-22.9009
1487102331,-43.2758,-22.90081
1487102347,-43.27568,-22.90057
1487102353,-43.27558,-22.90034
1487102360,-43.27556,-22.90012
1487102364,-43.27574,-22.89993
1487102373,-43.27627,-22.89949
1487102375,-43.2765,-22.89931
1487102384,-43.27709,-22.89884
1487102387,-43.27732,-22.89868
1487102389,-43.27752,-22.89855
1487102399,-43.27759,-22.89857
1487102410,-43.27759,-22.89857
1487102421,-43.27759,-22.89857
1487102432,-43.27759,-22.89857
1487102442,-43.27776,-22.89868
1487102447,-43.2779,-22.89881
1487102466,-43.27817,-22.89907
1487102477,-43.27817,-22.89907
1487102499,-43.27817,-22.89907
1487102510,-43.27828,-22.89919
1487102517,-43.2784,-22.89936
1487102532,-43.27791,-22.89994
1487102536,-43.27767,-22.90017
1487102543,-43.27741,-22.90043
1487102545,-43.27722,-22.90056
1487102548,-43.27707,-22.90069
1487102554,-43.277,-22.90088
1487102557,-43.27727,-22.90108
1487102561,-43.27756,-22.90133
1487102568,-43.27783,-22.90171
1487102572,-43.2776,-22.90191
1487102583,-43.27709,-22.90231
1487102588,-43.27691,-22.90242
1487102610,-43.27688,-22.90243
1487102619,-43.27668,-22.90238
1487102622,-43.27668,-22.90238
1487102626,-43.27647,-22.90194
1487102631,-43.27636,-22.90177
1487102635,-43.27622,-22.90152
1487102639,-43.27608,-22.90127
1487102643,-43.27591,-22.90099
1487102648,-43.27574,-22.90074
1487102672,-43.27676,-22.89913
1487102685,-43.27765,-22.89842
1487102695,-43.27773,-22.89836
1487102701,-43.27796,-22.89821
1487102707,-43.27833,-22.89794
1487102732,-43.2788,-22.89756
1487102760,-43.27918,-22.89727
1487102762,-43.27934,-22.89715
1487102771,-43.27991,-22.8967
1487102778,-43.28045,-22.89624
1487102788,-43.28059,-22.89572
1487102808,-43.28033,-22.89534
1487102811,-43.28018,-22.89513
1487102817,-43.27994,-22.89477
1487102820,-43.27982,-22.89459
1487102838,-43.279,-22.89334
1487102842,-43.27888,-22.89316
1487102857,-43.27887,-22.89314
1487102868,-43.27881,-22.89302
1487102876,-43.27873,-22.89283
1487102898,-43.27872,-22.8928
1487102908,-43.27872,-22.8928
1487102919,-43.27872,-22.8928
1487102929,-43.27872,-22.8928
1487102935,-43.27857,-22.89258
1487102941,-43.2784,-22.89234
1487102954,-43.27795,-22.89159
1487102957,-43.27776,-22.89131
1487102963,-43.27756,-22.891
1487102969,-43.27734,-22.89073
1487102981,-43.27668,-22.88988
1487102989,-43.27631,-22.88939
1487102998,-43.27616,-22.88919
1487103008,-43.27616,-22.88919
1487103018,-43.27603,-22.88901
1487103040,-43.27577,-22.88866
1487103051,-43.27577,-22.88866
1487103071,-43.27577,-22.88866
1487103084,-43.27577,-22.88866
1487103099,-43.27577,-22.88866
1487103114,-43.27569,-22.88856
1487103129,-43.27569,-22.88856
1487103139,-43.27569,-22.88856
1487103149,-43.27569,-22.88856
1487103159,-43.27569,-22.88856
1487103170,-43.27569,-22.88856
1487103181,-43.27569,-22.88856
1487103191,-43.27569,-22.88856
1487103201,-43.27569,-22.88856
1487103212,-43.27569,-22.88856
1487103219,-43.27561,-22.88839
1487103230,-43.27555,-22.88834
1487103240,-43.27546,-22.88822
1487103249,-43.27556,-22.88806
1487103257,-43.27571,-22.8879
1487103262,-43.2759,-22.88771
1487103266,-43.27613,-22.88746
1487103271,-43.27637,-22.88712
1487103278,-43.27672,-22.8866
1487103284,-43.27696,-22.88625
1487103286,-43.2771,-22.88603
1487103294,-43.27741,-22.88556
1487103306,-43.27746,-22.88546
1487103317,-43.27746,-22.88546
1487103327,-43.27746,-22.88546
1487103347,-43.27771,-22.88504
1487103355,-43.27748,-22.88457
1487103358,-43.27724,-22.88437
1487103365,-43.27661,-22.88381
1487103368,-43.27643,-22.88363
1487103369,-43.2763,-22.88345
1487103375,-43.27608,-22.88313
1487103381,-43.27596,-22.88295
1487103388,-43.27577,-22.88257
1487103390,-43.27564,-22.88239
1487103394,-43.27541,-22.88221
1487103399,-43.2752,-22.88203
1487103402,-43.27502,-22.88186
1487103408,-43.27478,-22.88164
1487103412,-43.2746,-22.8815
1487103422,-43.27442,-22.88138
1487103433,-43.27442,-22.88138
1487103444,-43.27442,-22.88138
1487103450,-43.27426,-22.88127
1487103456,-43.27381,-22.88109
1487103458,-43.27361,-22.88104
1487103462,-43.27318,-22.88099
1487103464,-43.27298,-22.88099
1487103469,-43.2724,-22.88105
1487103472,-43.27205,-22.8811
1487103475,-43.27181,-22.88112
1487103477,-43.27151,-22.88115
1487103484,-43.27086,-22.8811
1487103487,-43.27046,-22.88106
1487103492,-43.27012,-22.88097
1487103495,-43.26998,-22.88081
1487103504,-43.27045,-22.88072
1487103514,-43.27064,-22.88074
1487103524,-43.27064,-22.88074
1487103534,-43.2712,-22.88085
1487103542,-43.27193,-22.88085
1487103546,-43.27233,-22.88081
1487103547,-43.27255,-22.88078
1487103550,-43.27283,-22.88074
1487103554,-43.27312,-22.88073
1487103556,-43.27341,-22.88078
1487103559,-43.27369,-22.88085
1487103563,-43.27395,-22.88093
1487103578,-43.27523,-22.88168
1487103579,-43.27542,-22.88185
1487103600,-43.27553,-22.88197
1487103611,-43.27553,-22.88197
1487103621,-43.27553,-22.88197
1487103631,-43.27564,-22.88211
1487103636,-43.27583,-22.88233
1487103647,-43.27593,-22.88243
1487103657,-43.27593,-22.88243
1487103668,-43.27593,-22.88243
1487103679,-43.27593,-22.88243
1487103685,-43.27602,-22.88262
1487103716,-43.27779,-22.88462
1487103726,-43.27779,-22.88462
1487103737,-43.27779,-22.88462
1487103748,-43.27779,-22.88462
1487103759,-43.27779,-22.88462
1487103769,-43.27779,-22.88462
1487103775,-43.27801,-22.8848
1487103781,-43.27824,-22.88503
1487103784,-43.27843,-22.88523
1487103795,-43.27843,-22.88526
1487103816,-43.2783,-22.8853
1487103818,-43.27812,-22.88517
1487103820,-43.27792,-22.885
1487103824,-43.27768,-22.88479
1487103828,-43.27742,-22.88458
1487103829,-43.27728,-22.88445
1487103830,-43.27713,-22.88432
1487103837,-43.27673,-22.88408
1487103847,-43.2766,-22.88414
1487103888,-43.2766,-22.88414
1487103900,-43.2766,-22.88414
1487103911,-43.2766,-22.88414
1487103921,-43.2766,-22.88414
1487103933,-43.2766,-22.88414
1487103944,-43.2766,-22.88414
1487103955,-43.2766,-22.88414
1487103966,-43.2766,-22.88414
1487103976,-43.2766,-22.88414
1487103987,-43.2766,-22.88414
1487104002,-43.2766,-22.88414
1487104013,-43.2766,-22.88414
1487104024,-43.2766,-22.88414
1487104035,-43.2766,-22.88414
1487104045,-43.2766,-22.88414
1487104056,-43.2766,-22.88414
1487104067,-43.2766,-22.88414
1487104079,-43.2766,-22.88414
1487104090,-43.2766,-22.88414
1487104101,-43.2766,-22.88414
1487104117,-43.27657,-22.88393
1487104124,-43.27643,-22.88366
1487104131,-43.27618,-22.88329
1487104134,-43.27607,-22.8831
1487104142,-43.27601,-22.88292
1487104147,-43.27592,-22.88274
1487104152,-43.27581,-22.88258
1487104156,-43.27564,-22.88237
1487104160,-43.27543,-22.88218
1487104163,-43.27527,-22.88203
1487104168,-43.27498,-22.88177
1487104172,-43.2745,-22.88138
1487104177,-43.27404,-22.88113
1487104178,-43.27378,-22.88104
1487104183,-43.27323,-22.88094
1487104185,-43.27284,-22.88099
1487104188,-43.27243,-22.88106
1487104190,-43.27217,-22.88109
1487104193,-43.27193,-22.88112
1487104194,-43.27172,-22.88115
1487104199,-43.2715,-22.88134
1487104202,-43.27133,-22.88163
1487104209,-43.27107,-22.88205
1487104210,-43.27097,-22.88221
1487104217,-43.27065,-22.88273
1487104222,-43.2705,-22.883
1487104225,-43.27034,-22.88329
1487104231,-43.27012,-22.88367
1487104235,-43.26989,-22.88385
1487104246,-43.26894,-22.88408
1487104247,-43.26878,-22.88422
1487104252,-43.26842,-22.88465
1487104255,-43.26826,-22.88482
1487104257,-43.2681,-22.88497
1487104259,-43.26785,-22.88514
1487104263,-43.26776,-22.88537
1487104270,-43.26823,-22.88566
1487104271,-43.26841,-22.88577
1487104273,-43.26857,-22.88589
1487104276,-43.26871,-22.88606
1487104288,-43.26934,-22.88733
1487104290,-43.26942,-22.88752
1487104296,-43.26972,-22.8881
1487104300,-43.2698,-22.88827
1487104304,-43.26988,-22.88848
1487104314,-43.26991,-22.88855
1487104335,-43.27001,-22.88876
1487104345,-43.27008,-22.8889
1487104356,-43.27008,-22.8889
1487104366,-43.27008,-22.8889
1487104387,-43.27019,-22.88908
1487104394,-43.27027,-22.88927
1487104415,-43.27032,-22.88938
1487104418,-43.2704,-22.8896
1487104423,-43.27049,-22.88983
1487104433,-43.27055,-22.88996
1487104444,-43.27059,-22.89003
1487104454,-43.27059,-22.89003
1487104463,-43.27066,-22.89021
1487104471,-43.27076,-22.8904
1487104477,-43.27086,-22.89063
1487104486,-43.27105,-22.89105
1487104490,-43.27114,-22.89125
1487104494,-43.27125,-22.89146
1487104499,-43.27136,-22.89166
1487104510,-43.27143,-22.89179
1487104520,-43.27143,-22.89179
1487104529,-43.27153,-22.892
1487104534,-43.27154,-22.89221
1487104538,-43.27128,-22.89236
1487104548,-43.27056,-22.89266
1487104552,-43.27036,-22.89273
1487104558,-43.27035,-22.89294
1487104562,-43.27043,-22.89312
1487104583,-43.27046,-22.89316
1487104593,-43.27046,-22.89316
1487104604,-43.27046,-22.89316
1487104614,-43.27044,-22.89326
1487104625,-43.27054,-22.89326
1487104635,-43.27054,-22.89326
1487104639,-43.27017,-22.89317
1487104651,-43.27054,-22.89326
1487104659,-43.27024,-22.89314
1487104661,-43.27066,-22.89314
1487104671,-43.27066,-22.89314
1487104682,-43.27066,-22.89314
1487104702,-43.27065,-22.89315
1487104713,-43.27065,-22.89315
1487104735,-43.27057,-22.89322
1487104745,-43.27057,-22.89322
1487104756,-43.27057,-22.89322
1487104767,-43.27057,-22.89322
1487104780,-43.27057,-22.89322
1487104794,-43.27058,-22.8934
1487104799,-43.27067,-22.89359
1487104804,-43.27077,-22.89381
1487104809,-43.27082,-22.89403
1487104813,-43.27087,-22.89426
1487104818,-43.27092,-22.89444
1487104829,-43.27104,-22.89449
1487104838,-43.27177,-22.89412
1487104858,-43.27249,-22.89398
1487104868,-43.27259,-22.89398
1487104875,-43.27241,-22.89378
1487104883,-43.2722,-22.89343
1487104889,-43.27212,-22.89323
1487104901,-43.27208,-22.89317
1487104912,-43.27208,-22.89317
1487104915,-43.27193,-22.89301
1487104919,-43.27184,-22.89279
1487104925,-43.27176,-22.89257
1487104935,-43.27172,-22.8925
1487104956,-43.27172,-22.8925
1487104966,-43.27172,-22.8925
1487104976,-43.27172,-22.8925
1487104987,-43.27172,-22.8925
1487104997,-43.27167,-22.89232
1487105003,-43.27204,-22.89209
1487105006,-43.27227,-22.892
1487105012,-43.27269,-22.89186
1487105019,-43.27338,-22.89163
1487105022,-43.27365,-22.89154
1487105033,-43.27365,-22.89154
1487105043,-43.27365,-22.89154
1487105051,-43.27364,-22.89133
1487105061,-43.27376,-22.89137
1487105076,-43.27384,-22.89133
1487105086,-43.27379,-22.89138
1487105097,-43.27379,-22.89138
1487105107,-43.27379,-22.89138
1487105112,-43.27402,-22.8909
1487105123,-43.27402,-22.8909
1487105132,-43.2741,-22.8911
1487105142,-43.2741,-22.8911
1487105144,-43.27328,-22.89158
1487105145,-43.27381,-22.89137
1487105156,-43.27381,-22.89137
1487105168,-43.27381,-22.89137
1487105179,-43.27381,-22.89137
1487105189,-43.27381,-22.89137
1487105199,-43.27381,-22.89137
1487105211,-43.27381,-22.89137
1487105222,-43.27381,-22.89137
1487105233,-43.27389,-22.89137
1487105244,-43.27389,-22.89137
1487105255,-43.27389,-22.89137
1487105265,-43.27389,-22.89137
1487105277,-43.27389,-22.89137
1487105287,-43.27389,-22.89137
1487105301,-43.27389,-22.89137
1487105313,-43.27389,-22.89137
1487105324,-43.27389,-22.89137
1487105334,-43.27389,-22.89137
1487105344,-43.2739,-22.89118
1487105354,-43.27395,-22.89116
1487105375,-43.27388,-22.89111
1487105386,-43.27388,-22.89112
1487112824,-43.56004,-22.89428
