1490628745,-35.00223,-8.07014
1490628754,-35.00223,-8.07014
1490628760,-35.00223,-8.07014
1490628770,-35.00223,-8.07014
1490628780,-35.00223,-8.07014
1490628811,-35.00223,-8.07014
1490628821,-35.00223,-8.07014
1490628841,-35.00223,-8.07014
1490628851,-35.00223,-8.07014
1490628862,-35.00223,-8.07014
1490628882,-35.00223,-8.07014
1490628892,-35.00223,-8.07014
1490628902,-35.00223,-8.07014
1490628933,-35.00223,-8.07014
1490628943,-35.00223,-8.07014
1490628963,-35.00223,-8.07014
1490628974,-35.00223,-8.07014
1490628984,-35.00223,-8.07014
1490629014,-35.00223,-8.07014
1490629024,-35.00223,-8.07014
1490629035,-35.00223,-8.07014
1490629045,-35.00223,-8.07014
1490629055,-35.00223,-8.07014
1490629065,-35.00223,-8.07014
1490629075,-35.00223,-8.07014
1490629096,-35.00223,-8.07014
1490629107,-35.00223,-8.07014
1490629117,-35.00223,-8.07014
1490629138,-35.00223,-8.07014
1490629148,-35.00223,-8.07014
1490629158,-35.00223,-8.07014
1490629189,-35.0022,-8.07016
1490629199,-35.00222,-8.07014
1490629230,-35.00224,-8.07012
1490629240,-35.00222,-8.07014
1490629270,-35.00222,-8.07014
1490629281,-35.00222,-8.07014
1490629311,-35.00222,-8.07014
1490629321,-35.00222,-8.07014
1490629332,-35.00222,-8.07014
1490629342,-35.00222,-8.07014
1490629352,-35.00222,-8.07014
1490629362,-35.00222,-8.07014
1490629372,-35.00222,-8.07014
1490629403,-35.00222,-8.07014
1490629413,-35.00222,-8.07014
1490629454,-35.00222,-8.07014
1490629484,-35.00222,-8.07014
1490629495,-35.00222,-8.07014
1490629525,-35.00222,-8.07014
1490629535,-35.00222,-8.07014
1490629566,-35.00222,-8.07014
1490629576,-35.00222,-8.07014
1490629587,-35.00222,-8.07014
1490629608,-35.00222,-8.07014
1490629618,-35.00222,-8.07014
1490629628,-35.00222,-8.07014
1490629648,-35.00222,-8.07014
1490629659,-35.00222,-8.07015
1490629669,-35.00222,-8.07015
1490629699,-35.00222,-8.07014
1490629709,-35.00222,-8.07014
1490629740,-35.00222,-8.07014
1490629751,-35.00222,-8.07014
1490629781,-35.00222,-8.07015
1490629792,-35.00222,-8.07015
1490629802,-35.00222,-8.07015
1490629832,-35.00222,-8.07015
1490629843,-35.00222,-8.07015
1490629863,-35.00222,-8.07015
1490629873,-35.00222,-8.07015
1490629884,-35.00222,-8.07015
1490629914,-35.00222,-8.07015
1490629924,-35.00222,-8.07015
1490629956,-35.00222,-8.07015
1490629966,-35.00222,-8.07015
1490630012,-35.00222,-8.07015
1490630023,-35.00222,-8.07015
1490630033,-35.00222,-8.07015
1490630044,-35.00222,-8.07015
1490630055,-35.00211,-8.07002
1490630082,-35.0024,-8.06984
1490630094,-35.00253,-8.06983
1490630127,-35.00258,-8.06986
1490630132,-35.00282,-8.06982
1490630137,-35.00308,-8.06979
1490630142,-35.00334,-8.06975
1490630147,-35.00354,-8.06973
1490630169,-35.00321,-8.07042
1490630173,-35.00299,-8.07048
1490630178,-35.0028,-8.07053
1490630206,-35.00199,-8.06993
1490630211,-35.00187,-8.06975
1490630214,-35.00176,-8.06952
1490630219,-35.00159,-8.06921
1490630224,-35.00146,-8.06896
1490630227,-35.00139,-8.06875
1490630248,-35.00066,-8.06802
1490630253,-35.00054,-8.06788
1490630258,-35.00041,-8.06772
1490630262,-35.00029,-8.06752
1490630266,-35.00014,-8.06736
1490630270,-34.99995,-8.06729
1490630295,-34.99896,-8.06702
1490630300,-34.99882,-8.06716
1490630311,-34.99869,-8.06759
1490630313,-34.99931,-8.06709
1490630321,-34.99849,-8.06817
1490630332,-34.99827,-8.0689
1490630340,-34.99808,-8.06939
1490630345,-34.998,-8.06966
1490630349,-34.99793,-8.06987
1490630353,-34.99841,-8.06851
1490630364,-34.99769,-8.07055
1490630371,-34.99748,-8.07093
1490630381,-34.99724,-8.07143
1490630385,-34.99719,-8.07161
1490630390,-34.99714,-8.07179
1490630394,-34.9971,-8.07197
1490630398,-34.99707,-8.07224
1490630415,-34.99654,-8.07346
1490630420,-34.99636,-8.0737
1490630429,-34.99596,-8.07426
1490630436,-34.99576,-8.0743
1490630465,-34.99466,-8.07301
1490630471,-34.99443,-8.07285
1490630476,-34.99422,-8.07284
1490630481,-34.99396,-8.07291
1490630485,-34.9937,-8.073
1490630501,-34.99298,-8.07319
1490630505,-34.99273,-8.07326
1490630509,-34.99252,-8.07334
1490630517,-34.99233,-8.07338
1490630543,-34.99184,-8.07337
1490630549,-34.99172,-8.07286
1490630552,-34.99166,-8.07258
1490630556,-34.99154,-8.07217
1490630559,-34.99146,-8.07182
1490630561,-34.9914,-8.07157
1490630563,-34.99133,-8.07132
1490630567,-34.99115,-8.07062
1490630584,-34.99039,-8.06813
1490630591,-34.98998,-8.0673
1490630596,-34.9899,-8.06648
1490630598,-34.98993,-8.06614
1490630599,-34.98998,-8.0658
1490630604,-34.99,-8.06511
1490630607,-34.98995,-8.0646
1490630609,-34.98998,-8.06424
1490630634,-34.99138,-8.06007
1490630636,-34.99163,-8.05978
1490630637,-34.99177,-8.05964
1490630638,-34.9919,-8.0595
1490630640,-34.99216,-8.05923
1490630645,-34.99285,-8.05859
1490630646,-34.99299,-8.05848
1490630650,-34.99359,-8.05805
1490630662,-34.99557,-8.05695
1490630665,-34.99612,-8.05669
1490630668,-34.99683,-8.05636
1490630681,-34.99871,-8.05545
1490630683,-34.99912,-8.05523
1490630687,-34.99954,-8.05503
1490630689,-34.99981,-8.05489
1490630690,-35.0001,-8.05474
1490630699,-35.00135,-8.054
1490630710,-35.00283,-8.05291
1490630714,-35.00338,-8.05245
1490630716,-35.00366,-8.05222
1490630719,-35.00407,-8.05185
1490630721,-35.00435,-8.0516
1490630727,-35.00523,-8.0508
1490630743,-35.00768,-8.04853
1490630745,-35.00793,-8.04822
1490630756,-35.00935,-8.04638
1490630759,-35.00984,-8.04591
1490630765,-35.01093,-8.04519
1490630767,-35.01128,-8.04496
1490630769,-35.01183,-8.04461
1490630771,-35.01201,-8.04449
1490630774,-35.01261,-8.04419
1490630776,-35.01282,-8.04411
1490630783,-35.01458,-8.04382
1490630786,-35.01541,-8.04374
1490630793,-35.01682,-8.04357
1490630796,-35.01721,-8.04353
1490630797,-35.01741,-8.04351
1490630803,-35.01858,-8.04337
1490630807,-35.01936,-8.04322
1490630809,-35.01975,-8.04313
1490630811,-35.02014,-8.04302
1490630817,-35.02134,-8.04265
1490630841,-35.02578,-8.04111
1490630843,-35.02609,-8.04099
1490630845,-35.0264,-8.04087
1490630847,-35.02671,-8.04073
1490630851,-35.02733,-8.04043
1490630855,-35.02797,-8.04007
1490630857,-35.02827,-8.03988
1490630859,-35.0286,-8.03966
1490630860,-35.02892,-8.03943
1490630883,-35.03212,-8.03599
1490630889,-35.03275,-8.03493
1490630890,-35.03297,-8.0346
1490630895,-35.03336,-8.0339
1490630896,-35.03347,-8.03373
1490630899,-35.0338,-8.03314
1490630900,-35.03391,-8.03295
1490630902,-35.03413,-8.03258
1490630915,-35.03562,-8.03031
1490630923,-35.0365,-8.02898
1490630927,-35.0369,-8.02832
1490630928,-35.037,-8.02815
1490630935,-35.03769,-8.02702
1490630936,-35.03787,-8.0267
1490630938,-35.03796,-8.02654
1490630940,-35.03815,-8.02622
1490630941,-35.03832,-8.02589
1490630944,-35.0385,-8.02557
1490630945,-35.03858,-8.02542
1490630970,-35.04067,-8.02156
1490630972,-35.04079,-8.02125
1490630974,-35.04092,-8.02093
1490630977,-35.04108,-8.02047
1490630980,-35.04122,-8.01999
1490630983,-35.04136,-8.01946
1490630984,-35.0414,-8.01928
1490630986,-35.04151,-8.01872
1490630988,-35.04154,-8.01853
1490631003,-35.04195,-8.01545
1490631005,-35.04201,-8.01503
1490631017,-35.04228,-8.01267
1490631019,-35.04232,-8.01223
1490631022,-35.04244,-8.01135
1490631030,-35.04265,-8.0098
1490631033,-35.04279,-8.00917
1490631055,-35.0429,-8.00531
1490631057,-35.04278,-8.00488
1490631061,-35.0427,-8.00447
1490631063,-35.0426,-8.00409
1490631066,-35.04254,-8.00384
1490631069,-35.04246,-8.00348
1490631072,-35.04243,-8.00311
1490631078,-35.04249,-8.00248
1490631091,-35.04136,-8.002
1490631099,-35.04073,-8.00161
1490631103,-35.04045,-8.00144
1490631106,-35.04015,-8.00128
1490631112,-35.03994,-8.00115
1490631131,-35.03855,-8.00069
1490631133,-35.03834,-8.00069
1490631136,-35.03816,-8.00067
1490631145,-35.03765,-8.00067
1490631149,-35.03737,-8.00073
1490631153,-35.03713,-8.00077
1490631157,-35.03691,-8.00083
1490631174,-35.03634,-8.00112
1490631177,-35.03611,-8.00094
1490631180,-35.0359,-8.0008
1490631187,-35.03578,-8.00027
1490631190,-35.03579,-7.99987
1490631193,-35.03579,-7.99966
1490631195,-35.03578,-7.99944
1490631196,-35.03578,-7.99921
1490631199,-35.03576,-8.00047
1490631218,-35.03557,-7.99703
1490631219,-35.03542,-7.99741
1490631221,-35.0355,-7.99681
1490631223,-35.03545,-7.99658
1490631227,-35.03538,-7.99626
1490631231,-35.0353,-7.99599
1490631235,-35.03524,-7.99579
1490631241,-35.0352,-7.99555
1490631245,-35.03514,-7.99531
1490631259,-35.03538,-7.99485
1490631262,-35.03559,-7.99485
1490631265,-35.03579,-7.99483
1490631269,-35.03607,-7.99482
1490631272,-35.03627,-7.99481
1490631276,-35.03648,-7.99479
1490631281,-35.0367,-7.99476
1490631308,-35.03716,-7.99471
1490631312,-35.03738,-7.99469
1490631321,-35.03784,-7.99468
1490631325,-35.03813,-7.99465
1490631346,-35.04001,-7.99454
1490631348,-35.0402,-7.99452
1490631352,-35.04039,-7.99451
1490631358,-35.04091,-7.99447
1490631362,-35.04117,-7.99446
1490631365,-35.04138,-7.99445
1490631367,-35.04161,-7.99442
1490631393,-35.04295,-7.99389
1490631398,-35.04313,-7.99373
1490631402,-35.0433,-7.99358
1490631406,-35.04346,-7.99345
1490631435,-35.04397,-7.99302
1490631445,-35.04397,-7.99302
1490631462,-35.04448,-7.99261
1490631474,-35.04499,-7.99219
1490631478,-35.04531,-7.99207
1490631491,-35.04659,-7.99164
1490631495,-35.04677,-7.99159
1490631515,-35.04763,-7.99125
1490631519,-35.04787,-7.99121
1490631522,-35.04806,-7.99118
1490631530,-35.04858,-7.99106
1490631533,-35.04881,-7.99101
1490631536,-35.04905,-7.99096
1490631555,-35.05095,-7.99051
1490631564,-35.05169,-7.98992
1490631568,-35.05184,-7.98973
1490631571,-35.05199,-7.98952
1490631574,-35.05221,-7.98924
1490631578,-35.05235,-7.98903
1490631606,-35.05249,-7.9888
1490631617,-35.05249,-7.9888
1490631653,-35.05227,-7.9892
1490631657,-35.0521,-7.98944
1490631659,-35.05199,-7.98959
1490631660,-35.05189,-7.98974
1490631662,-35.05172,-7.98995
1490631683,-35.0504,-7.99072
1490631688,-35.04988,-7.99082
1490631694,-35.04922,-7.99097
1490631696,-35.049,-7.99103
1490631699,-35.04865,-7.99111
1490631702,-35.04833,-7.99119
1490631705,-35.04803,-7.99125
1490631729,-35.04664,-7.99169
1490631734,-35.04633,-7.99179
1490631738,-35.04599,-7.99191
1490631740,-35.0458,-7.99197
1490631742,-35.04562,-7.99203
1490631746,-35.04532,-7.99212
1490631771,-35.04503,-7.99222
1490631778,-35.0448,-7.99238
1490631781,-35.04464,-7.99251
1490631785,-35.04488,-7.99239
1490631786,-35.04425,-7.99286
1490631805,-35.04311,-7.99378
1490631809,-35.04289,-7.99399
1490631813,-35.0427,-7.99424
1490631825,-35.04243,-7.99478
1490631828,-35.04236,-7.99496
1490631830,-35.04227,-7.99513
1490631851,-35.0417,-7.99639
1490631857,-35.04167,-7.99688
1490631859,-35.04167,-7.99707
1490631860,-35.04164,-7.99726
1490631864,-35.04156,-7.99755
1490631868,-35.04145,-7.99785
1490631872,-35.04139,-7.99805
1490631904,-35.03945,-7.99813
1490631905,-35.03926,-7.99807
1490631908,-35.03907,-7.99801
1490631911,-35.03881,-7.99793
1490631914,-35.03855,-7.99786
1490631916,-35.03837,-7.9978
1490631918,-35.0382,-7.99775
1490631942,-35.03774,-7.99764
1490631952,-35.03763,-7.99762
1490631959,-35.03741,-7.99759
1490631986,-35.0357,-7.99798
1490631990,-35.03547,-7.99811
1490631995,-35.03508,-7.99834
1490631997,-35.0349,-7.99842
1490631999,-35.03471,-7.99847
1490632001,-35.03451,-7.99854
1490632020,-35.03225,-7.99934
1490632022,-35.03205,-7.99946
1490632023,-35.03189,-7.99961
1490632028,-35.03157,-7.99995
1490632031,-35.03131,-8.00021
1490632034,-35.03106,-8.00048
1490632036,-35.03089,-8.00063
1490632041,-35.03043,-8.00106
1490632069,-35.0284,-8.00203
1490632072,-35.02817,-8.00206
1490632077,-35.02769,-8.00205
1490632079,-35.02745,-8.002
1490632081,-35.0272,-8.00195
1490632083,-35.02694,-8.00191
1490632084,-35.02667,-8.00185
1490632106,-35.02359,-8.00164
1490632110,-35.02305,-8.00191
1490632111,-35.02277,-8.00205
1490632114,-35.02251,-8.00218
1490632118,-35.02207,-8.00251
1490632120,-35.02192,-8.00271
1490632125,-35.02171,-8.00311
1490632128,-35.02157,-8.0034
1490632133,-35.02146,-8.00371
1490632145,-35.02121,-8.00477
1490632146,-35.02114,-8.005
1490632149,-35.02109,-8.00525
1490632151,-35.02105,-8.0055
1490632154,-35.02099,-8.00571
1490632164,-35.02097,-8.00579
1490632185,-35.02096,-8.00579
1490632193,-35.02091,-8.00609
1490632197,-35.02085,-8.00632
1490632204,-35.02056,-8.00711
1490632207,-35.02047,-8.00733
1490632210,-35.02028,-8.00779
1490632233,-35.01933,-8.01016
1490632242,-35.01893,-8.01098
1490632245,-35.01885,-8.0112
1490632249,-35.01871,-8.0118
1490632253,-35.01862,-8.01231
1490632269,-35.01795,-8.01431
1490632274,-35.01765,-8.01499
1490632276,-35.01752,-8.01527
1490632287,-35.01614,-8.01591
1490632290,-35.01589,-8.01588
1490632292,-35.01565,-8.01587
1490632293,-35.0154,-8.01585
1490632316,-35.0128,-8.01566
1490632320,-35.01228,-8.01562
1490632322,-35.01203,-8.0156
1490632326,-35.01151,-8.01558
1490632330,-35.01102,-8.01564
1490632332,-35.01081,-8.01568
1490632334,-35.01059,-8.01574
1490632336,-35.01042,-8.01584
1490632338,-35.01026,-8.01597
1490632360,-35.00814,-8.01728
1490632361,-35.00796,-8.01743
1490632365,-35.00782,-8.01755
1490632371,-35.00766,-8.01768
1490632375,-35.00749,-8.01783
1490632379,-35.00724,-8.01804
1490632403,-35.00515,-8.01988
1490632405,-35.00498,-8.02001
1490632407,-35.0048,-8.02017
1490632409,-35.00462,-8.02032
1490632414,-35.00415,-8.02072
1490632416,-35.00397,-8.02088
1490632418,-35.0038,-8.02103
1490632419,-35.0037,-8.0212
1490632423,-35.00354,-8.02149
1490632448,-35.00324,-8.02195
1490632459,-35.00323,-8.02196
1490632465,-35.00308,-8.02223
1490632485,-35.00215,-8.02387
1490632488,-35.00199,-8.02415
1490632491,-35.00181,-8.0244
1490632492,-35.00165,-8.02451
1490632496,-35.0014,-8.0246
1490632499,-35.0012,-8.02465
1490632530,-35.00103,-8.02467
1490632540,-35.00092,-8.0247
1490632550,-35.00041,-8.02478
1490632569,-34.99864,-8.02478
1490632572,-34.99829,-8.02477
1490632574,-34.99805,-8.02478
1490632576,-34.99782,-8.02476
1490632578,-34.99752,-8.0247
1490632589,-34.99741,-8.02465
1490632616,-34.99718,-8.02455
1490632622,-34.99679,-8.02437
1490632625,-34.99647,-8.02423
1490632626,-34.99625,-8.02412
1490632630,-34.99591,-8.02396
1490632632,-34.99568,-8.02386
1490632635,-34.99532,-8.02369
1490632651,-34.99336,-8.02284
1490632655,-34.99282,-8.0227
1490632657,-34.99254,-8.02265
1490632659,-34.99226,-8.02259
1490632664,-34.99158,-8.02247
1490632667,-34.99121,-8.0224
1490632670,-34.99083,-8.02232
1490632671,-34.9906,-8.02227
1490632675,-34.99011,-8.02214
1490632679,-34.98971,-8.02207
1490632689,-34.98821,-8.02178
1490632699,-34.98704,-8.02157
1490632706,-34.98625,-8.02141
1490632710,-34.98587,-8.02133
1490632712,-34.98567,-8.02128
1490632714,-34.98547,-8.02125
1490632717,-34.9851,-8.02118
1490632720,-34.98492,-8.02114
1490632731,-34.98405,-8.02096
1490632742,-34.98352,-8.02084
1490632749,-34.98333,-8.02081
1490632756,-34.98307,-8.02077
1490632759,-34.98289,-8.02073
1490632762,-34.98268,-8.02067
1490632778,-34.98179,-8.02051
1490632781,-34.98154,-8.02046
1490632785,-34.98131,-8.02043
1490632788,-34.98108,-8.02038
1490632791,-34.98087,-8.02035
1490632802,-34.98077,-8.02037
1490632817,-34.9806,-8.02031
1490632822,-34.9804,-8.02026
1490632825,-34.98021,-8.0202
1490632828,-34.97999,-8.02014
1490632831,-34.97973,-8.02007
1490632837,-34.9792,-8.01995
1490632847,-34.97905,-8.01991
1490632868,-34.97906,-8.01991
1490632878,-34.97898,-8.01988
1490632882,-34.97877,-8.01983
1490632884,-34.97858,-8.01979
1490632910,-34.97623,-8.01924
1490632913,-34.97589,-8.01926
1490632920,-34.97509,-8.0194
1490632923,-34.97476,-8.01941
1490632924,-34.97455,-8.01937
1490632927,-34.97434,-8.01933
1490632930,-34.974,-8.01925
1490632950,-34.97161,-8.01869
1490632952,-34.97137,-8.01867
1490632953,-34.97113,-8.01867
1490632956,-34.97091,-8.01868
1490632960,-34.97043,-8.01878
1490632962,-34.97021,-8.01884
1490632966,-34.96999,-8.01895
1490632976,-34.96985,-8.01904
1490632992,-34.96936,-8.01942
1490632999,-34.96908,-8.01971
1490633005,-34.9689,-8.01985
1490633009,-34.9687,-8.01997
1490633012,-34.96851,-8.02005
1490633030,-34.96724,-8.02062
1490633033,-34.96703,-8.02072
1490633036,-34.96673,-8.02085
1490633040,-34.9665,-8.02094
1490633044,-34.96626,-8.02105
1490633049,-34.96578,-8.02127
1490633052,-34.96549,-8.02139
1490633053,-34.96528,-8.02148
1490633062,-34.96437,-8.02189
1490633086,-34.96245,-8.02359
1490633089,-34.96229,-8.02384
1490633093,-34.9621,-8.02414
1490633095,-34.96196,-8.02435
1490633101,-34.96172,-8.02476
1490633118,-34.96086,-8.02612
1490633120,-34.96068,-8.0264
1490633123,-34.96057,-8.02661
1490633126,-34.9604,-8.02692
1490633130,-34.96019,-8.02731
1490633132,-34.96009,-8.0275
1490633134,-34.95995,-8.02769
1490633139,-34.95966,-8.02819
1490633158,-34.95848,-8.02989
1490633162,-34.95815,-8.0301
1490633168,-34.95772,-8.03032
1490633173,-34.95755,-8.0304
1490633178,-34.95732,-8.03052
1490633181,-34.95716,-8.03061
1490633193,-34.95655,-8.03097
1490633197,-34.95626,-8.03112
1490633203,-34.95579,-8.03138
1490633206,-34.95551,-8.03156
1490633207,-34.95531,-8.03166
1490633210,-34.95512,-8.03177
1490633213,-34.95485,-8.03192
1490633215,-34.95466,-8.03203
1490633218,-34.95438,-8.03216
1490633231,-34.95321,-8.03284
1490633241,-34.95237,-8.03329
1490633243,-34.9522,-8.03339
1490633251,-34.95156,-8.03375
1490633252,-34.95137,-8.03385
1490633254,-34.95118,-8.03396
1490633258,-34.95084,-8.03415
1490633261,-34.95058,-8.03429
1490633274,-34.94942,-8.03493
1490633286,-34.94891,-8.03536
1490633296,-34.94893,-8.03547
1490633302,-34.94893,-8.03547
