1485987009,-38.45184,-12.97462
1485987012,-38.4521,-12.97474
1485987017,-38.45221,-12.97481
1485987018,-38.45227,-12.97484
1485987026,-38.45246,-12.97493
1485987043,-38.45309,-12.97528
1485987049,-38.45328,-12.97538
1485987053,-38.45347,-12.97545
1485987066,-38.45387,-12.97564
1485987072,-38.45406,-12.97569
1485987080,-38.45443,-12.97576
1485987086,-38.45467,-12.97576
1485987097,-38.45481,-12.97573
1485987101,-38.45538,-12.97565
1485987107,-38.45584,-12.97553
1485987110,-38.45607,-12.97554
1485987118,-38.45661,-12.97548
1485987121,-38.45688,-12.97544
1485987136,-38.45833,-12.97528
1485987139,-38.45866,-12.97523
1485987144,-38.45918,-12.97528
1485987145,-38.45946,-12.97529
1485987150,-38.45992,-12.97529
1485987159,-38.46059,-12.97607
1485987165,-38.46042,-12.97666
1485987169,-38.46028,-12.97688
1485987170,-38.46017,-12.97704
1485987190,-38.46086,-12.97703
1485987195,-38.46065,-12.9766
1485987199,-38.46052,-12.97643
1485987203,-38.46013,-12.97615
1485987207,-38.45986,-12.97603
1485987211,-38.45941,-12.9759
1485987215,-38.45901,-12.97584
1485987217,-38.45881,-12.97585
1485987221,-38.45844,-12.97587
1485987225,-38.45784,-12.97594
1485987228,-38.45763,-12.97596
1485987240,-38.45616,-12.97611
1485987242,-38.456,-12.9762
1485987245,-38.45586,-12.97632
1485987247,-38.45574,-12.97652
1485987251,-38.45555,-12.97676
1485987260,-38.4554,-12.97707
1485987270,-38.4554,-12.97707
1485987280,-38.4554,-12.97707
1485987291,-38.4554,-12.97707
1485987301,-38.4554,-12.97707
1485987309,-38.45624,-12.97677
1485987319,-38.45617,-12.97683
1485987322,-38.45632,-12.97697
1485987324,-38.45651,-12.97729
1485987334,-38.45651,-12.97729
1485987336,-38.45681,-12.97764
1485987346,-38.4567,-12.97758
1485987356,-38.4566,-12.97752
1485987367,-38.45659,-12.97751
1485987377,-38.45658,-12.97749
1485987387,-38.45658,-12.97749
1485987397,-38.45658,-12.97749
1485987408,-38.45658,-12.97749
1485987428,-38.45662,-12.97748
1485987439,-38.45664,-12.97748
1485987449,-38.45664,-12.97748
1485987480,-38.45663,-12.97748
1485987490,-38.45664,-12.97748
1485987501,-38.45664,-12.97748
1485987511,-38.45664,-12.97748
1485987521,-38.45664,-12.97747
1485987531,-38.45664,-12.97747
1485987542,-38.45664,-12.97747
1485987552,-38.45664,-12.97747
1485987562,-38.45664,-12.97747
1485987572,-38.45664,-12.97746
1485987583,-38.45664,-12.97746
1485987593,-38.45664,-12.97746
1485987603,-38.45665,-12.97746
1485987614,-38.45665,-12.97746
1485987624,-38.45665,-12.97745
1485987634,-38.45665,-12.97745
1485987644,-38.45666,-12.97745
1485987655,-38.45666,-12.97745
1485987665,-38.45666,-12.97744
1485987675,-38.45667,-12.97744
1485987696,-38.45667,-12.97743
1485987706,-38.45667,-12.97743
1485987717,-38.45667,-12.97743
1485987727,-38.45665,-12.97746
1485987737,-38.45664,-12.97745
1485987748,-38.45664,-12.97744
1485987758,-38.45664,-12.97745
1485987769,-38.45664,-12.97745
1485987780,-38.45664,-12.97745
1485987791,-38.45664,-12.97745
1485987802,-38.45664,-12.97745
1485987813,-38.45664,-12.97745
1485987824,-38.45664,-12.97744
1485987835,-38.45664,-12.97744
1485987845,-38.45664,-12.97744
1485987857,-38.45664,-12.97744
1485987868,-38.45665,-12.97744
1485987880,-38.45665,-12.97744
1485987891,-38.45665,-12.97744
1485987901,-38.45665,-12.97744
1485987911,-38.45665,-12.97744
1485987922,-38.45665,-12.97744
1485987932,-38.45665,-12.97744
1485987943,-38.45665,-12.97744
1485987953,-38.45662,-12.97745
1485987963,-38.45659,-12.97747
1485987973,-38.45658,-12.97748
1485987984,-38.45656,-12.97749
1485987994,-38.45656,-12.97749
1485988015,-38.45656,-12.97749
1485988035,-38.45656,-12.97748
1485988046,-38.45656,-12.97748
1485988056,-38.45656,-12.97748
1485988066,-38.45656,-12.97748
1485988077,-38.45656,-12.97748
1485988087,-38.45656,-12.97748
1485988097,-38.45656,-12.97748
1485988107,-38.45657,-12.97748
1485988118,-38.45659,-12.97749
1485988128,-38.4566,-12.9775
1485988139,-38.4566,-12.9775
1485988149,-38.4566,-12.9775
1485988159,-38.4566,-12.9775
1485988170,-38.4566,-12.9775
1485988180,-38.4566,-12.9775
1485988190,-38.4566,-12.9775
1485988201,-38.45661,-12.9775
1485988232,-38.45663,-12.97746
1485988242,-38.45663,-12.97746
1485988252,-38.45663,-12.97745
1485988262,-38.45663,-12.97745
1485988273,-38.45663,-12.97745
1485988283,-38.45664,-12.97745
1485988293,-38.45664,-12.97745
1485988304,-38.45664,-12.97745
1485988314,-38.45664,-12.97745
1485988324,-38.45664,-12.97745
1485988335,-38.45664,-12.97745
1485988345,-38.45664,-12.97745
1485988355,-38.45664,-12.97745
1485988366,-38.45664,-12.97744
1485988377,-38.45664,-12.97744
1485988389,-38.45664,-12.97744
1485988399,-38.45664,-12.97744
1485988410,-38.45664,-12.97744
1485988421,-38.45665,-12.97744
1485988431,-38.45665,-12.97744
1485988463,-38.45665,-12.97744
1485988473,-38.45665,-12.97744
1485988483,-38.45665,-12.97744
1485988504,-38.45665,-12.97744
1485988514,-38.45665,-12.97744
1485988524,-38.45665,-12.97744
1485988535,-38.45665,-12.97744
1485988545,-38.45665,-12.97744
1485988555,-38.45665,-12.97744
1485988565,-38.45665,-12.97744
1485988576,-38.45665,-12.97743
1485988586,-38.45666,-12.97743
1485988596,-38.45666,-12.97743
1485988607,-38.45666,-12.97743
1485988617,-38.45666,-12.97743
1485988627,-38.45666,-12.97743
1485988637,-38.45666,-12.97743
1485988648,-38.45666,-12.97743
1485988658,-38.45666,-12.97743
1485988668,-38.45666,-12.97743
1485988679,-38.45666,-12.97743
1485988689,-38.45666,-12.97743
1485988699,-38.45666,-12.97743
1485988710,-38.45667,-12.97743
1485988738,-38.4567,-12.97742
1485988748,-38.4567,-12.97742
1485988773,-38.45669,-12.97743
1485988783,-38.45671,-12.97742
1485988793,-38.45671,-12.97742
1485988814,-38.45671,-12.97742
1485988825,-38.45671,-12.97742
1485988835,-38.45671,-12.97742
1485988848,-38.45671,-12.97742
1485988858,-38.45671,-12.97743
1485988869,-38.45671,-12.97743
1485988890,-38.4567,-12.97743
1485988900,-38.4567,-12.97743
1485988910,-38.4567,-12.97743
1485988920,-38.4567,-12.97743
1485988931,-38.4567,-12.97743
1485988941,-38.45667,-12.97746
1485988951,-38.45666,-12.97747
1485988962,-38.45666,-12.97746
1485988972,-38.45666,-12.97747
1485988982,-38.45666,-12.97747
1485988993,-38.45666,-12.97747
1485989003,-38.45666,-12.97747
1485989013,-38.45665,-12.97747
1485989044,-38.45663,-12.97746
1485989054,-38.45663,-12.97746
1485989065,-38.45663,-12.97746
1485989085,-38.45663,-12.97746
1485989095,-38.45663,-12.97746
1485989106,-38.45663,-12.97746
1485989116,-38.45663,-12.97746
1485989126,-38.45663,-12.97746
1485989137,-38.45663,-12.97746
1485989147,-38.45663,-12.97746
1485989157,-38.45663,-12.97746
1485989167,-38.45663,-12.97746
1485989188,-38.45663,-12.97746
1485989198,-38.45663,-12.97746
1485989209,-38.45663,-12.97746
1485989219,-38.45663,-12.97746
1485989240,-38.45663,-12.97746
1485989250,-38.45663,-12.97746
1485989260,-38.45663,-12.97746
1485989271,-38.45663,-12.97746
1485989281,-38.45663,-12.97746
1485989291,-38.45663,-12.97746
1485989302,-38.45663,-12.97746
1485989312,-38.45663,-12.97746
1485989322,-38.45663,-12.97746
1485989332,-38.45663,-12.97746
1485989343,-38.45663,-12.97746
1485989353,-38.45663,-12.97746
1485989363,-38.45663,-12.97746
1485989374,-38.45663,-12.97746
1485989384,-38.45663,-12.97746
1485989405,-38.45663,-12.97746
1485989415,-38.45663,-12.97746
1485989425,-38.45662,-12.97746
1485989446,-38.45662,-12.97746
1485989456,-38.45662,-12.97746
1485989466,-38.45662,-12.97745
1485989507,-38.45662,-12.97745
1485989518,-38.45662,-12.97745
1485989528,-38.45662,-12.97745
1485989538,-38.45662,-12.97745
1485989548,-38.45662,-12.97745
1485989559,-38.45663,-12.97745
1485989579,-38.45664,-12.97745
1485989590,-38.45664,-12.97745
1485989610,-38.45664,-12.97745
1485989621,-38.45664,-12.97745
1485989631,-38.45664,-12.97745
1485989651,-38.45666,-12.97746
1485989662,-38.45666,-12.97746
1485989672,-38.45666,-12.97746
1485989682,-38.45666,-12.97746
1485989693,-38.45666,-12.97746
1485989703,-38.4566,-12.97749
1485989713,-38.4566,-12.97749
1485989723,-38.4566,-12.97749
1485989734,-38.4566,-12.97749
1485989754,-38.4566,-12.97749
1485989765,-38.4566,-12.97749
1485989775,-38.4566,-12.97749
1485989785,-38.4566,-12.97749
1485989796,-38.45658,-12.97748
1485989806,-38.45658,-12.97748
1485989816,-38.45659,-12.97748
1485989837,-38.45659,-12.97747
1485989847,-38.45659,-12.97747
1485989858,-38.45659,-12.97747
1485989868,-38.45659,-12.97747
1485989888,-38.45659,-12.97748
1485989899,-38.45659,-12.97748
1485989909,-38.45659,-12.97748
1485989919,-38.45659,-12.97748
1485989930,-38.45663,-12.97747
1485989940,-38.45662,-12.97748
1485989950,-38.45662,-12.97748
1485989961,-38.45662,-12.97748
1485989971,-38.45662,-12.97748
1485989981,-38.45663,-12.97748
1485989991,-38.45663,-12.97749
1485990002,-38.45663,-12.97749
1485990012,-38.45665,-12.97749
1485990022,-38.45665,-12.97749
1485990033,-38.45665,-12.97749
1485990043,-38.45666,-12.97748
1485990053,-38.45667,-12.97748
1485990063,-38.45668,-12.97748
1485990074,-38.45668,-12.97748
1485990084,-38.45667,-12.9775
1485990094,-38.45665,-12.97753
1485990105,-38.45665,-12.97753
1485990115,-38.45665,-12.97753
1485990125,-38.45665,-12.97753
1485990136,-38.45665,-12.97753
1485990146,-38.45665,-12.97753
1485990156,-38.45668,-12.97752
1485990167,-38.4567,-12.97752
1485990177,-38.45671,-12.97751
1485990187,-38.45672,-12.97751
1485990198,-38.45672,-12.97751
1485990208,-38.45673,-12.97751
1485990218,-38.45673,-12.97751
1485990228,-38.45673,-12.9775
1485990239,-38.45675,-12.97752
1485990250,-38.45691,-12.97746
1485990270,-38.45692,-12.97746
1485990281,-38.45692,-12.97746
1485990291,-38.45693,-12.97746
1485990301,-38.45694,-12.97745
1485990311,-38.45694,-12.97745
1485990322,-38.45694,-12.97745
1485990332,-38.45695,-12.97745
1485990342,-38.45695,-12.97745
1485990353,-38.45696,-12.97745
1485990363,-38.45696,-12.97745
1485990373,-38.45696,-12.97745
1485990384,-38.45697,-12.97745
1485990394,-38.45697,-12.97745
1485990404,-38.45697,-12.97745
1485990414,-38.45696,-12.97745
1485990425,-38.45696,-12.97745
1485990435,-38.45696,-12.97745
1485990445,-38.45696,-12.97745
1485990456,-38.45696,-12.97745
1485990466,-38.45696,-12.97745
1485990476,-38.45696,-12.97745
1485990487,-38.45696,-12.97745
1485990507,-38.4569,-12.97751
1485990517,-38.4569,-12.97751
1485990528,-38.45692,-12.97751
1485990538,-38.45694,-12.97754
1485990548,-38.45691,-12.97755
1485990559,-38.45692,-12.97755
1485990569,-38.45694,-12.97754
1485990579,-38.45695,-12.97754
1485990589,-38.45695,-12.97754
1485990600,-38.45696,-12.97754
1485990610,-38.45696,-12.97754
1485990620,-38.45695,-12.97754
1485990631,-38.45695,-12.97756
1485990650,-38.4567,-12.97756
1485990661,-38.45661,-12.97753
1485990681,-38.45659,-12.97753
1485990691,-38.45659,-12.97753
1485990698,-38.45637,-12.97727
1485990702,-38.45608,-12.9769
1485990714,-38.45568,-12.97696
1485990720,-38.45548,-12.97701
1485990730,-38.45538,-12.97705
1485990750,-38.45511,-12.9772
1485990760,-38.45494,-12.9773
1485990770,-38.45493,-12.97732
1485990772,-38.45482,-12.97754
1485990782,-38.45503,-12.97751
1485990791,-38.4552,-12.97738
1485990802,-38.45522,-12.97737
1485990812,-38.45518,-12.97741
1485990822,-38.45521,-12.97739
1485990833,-38.45522,-12.97737
1485990843,-38.45523,-12.97737
1485990853,-38.45523,-12.97736
1485990864,-38.45523,-12.97736
1485990874,-38.45522,-12.97735
1485990884,-38.45522,-12.97735
1485990895,-38.45522,-12.97735
1485990905,-38.45522,-12.97735
1485990915,-38.45522,-12.97735
1485990925,-38.45522,-12.97733
1485990936,-38.45522,-12.97733
1485990946,-38.45522,-12.97733
1485990956,-38.45522,-12.97733
1485990967,-38.45522,-12.97733
1485990977,-38.45522,-12.97733
1485990987,-38.45522,-12.97733
1485990997,-38.45522,-12.97733
1485991008,-38.45522,-12.97733
1485991018,-38.45522,-12.97732
1485991028,-38.45522,-12.97733
1485991039,-38.45522,-12.97733
1485991049,-38.45522,-12.97733
1485991059,-38.45522,-12.97732
1485991069,-38.45522,-12.97732
1485991080,-38.45531,-12.97736
1485991090,-38.45531,-12.97737
1485991100,-38.45531,-12.97737
1485991111,-38.45531,-12.97737
1485991121,-38.45531,-12.97737
1485991131,-38.45531,-12.97737
1485991142,-38.45531,-12.97737
1485991152,-38.45531,-12.97737
1485991172,-38.45532,-12.97733
1485991183,-38.45537,-12.97731
1485991193,-38.45537,-12.97726
1485991203,-38.45537,-12.97726
1485991214,-38.45537,-12.97725
1485991224,-38.45537,-12.97724
1485991234,-38.45536,-12.97723
1485991245,-38.45538,-12.97727
1485991255,-38.45538,-12.97727
1485991265,-38.45538,-12.97726
1485991275,-38.45538,-12.97726
1485991286,-38.45538,-12.97726
1485991296,-38.45537,-12.97725
1485991306,-38.45536,-12.97724
1485991316,-38.45539,-12.97719
1485991327,-38.45542,-12.97715
1485991337,-38.45542,-12.97715
1485991347,-38.45542,-12.97715
1485991368,-38.45542,-12.97715
1485991378,-38.45542,-12.97715
1485991389,-38.45542,-12.97715
1485991399,-38.45542,-12.97715
1485991409,-38.45541,-12.97715
1485991419,-38.45541,-12.97713
1485991440,-38.45535,-12.97723
1485991461,-38.45536,-12.97723
1485991471,-38.45536,-12.97723
1485991481,-38.45536,-12.97722
1485991491,-38.45541,-12.97723
1485991502,-38.45542,-12.97721
1485991512,-38.45542,-12.97721
1485991533,-38.45539,-12.97714
1485991543,-38.45539,-12.97714
1485991553,-38.4554,-12.97714
1485991563,-38.4554,-12.9771
1485991574,-38.4554,-12.9771
1485991584,-38.4554,-12.9771
1485991594,-38.4554,-12.9771
1485991605,-38.45538,-12.97703
1485991615,-38.45535,-12.97701
1485991625,-38.45535,-12.97701
1485991636,-38.45535,-12.97701
1485991646,-38.45535,-12.97701
1485991656,-38.45535,-12.97701
1485991666,-38.45535,-12.97701
1485991677,-38.45535,-12.97701
1485991687,-38.45533,-12.97699
1485991697,-38.45531,-12.97696
1485991708,-38.45531,-12.97696
1485991718,-38.45531,-12.97696
1485991728,-38.4553,-12.97694
1485991739,-38.45531,-12.97694
1485991749,-38.45531,-12.97694
1485991759,-38.45531,-12.97694
1485991770,-38.45531,-12.97694
1485991780,-38.45531,-12.97694
1485991790,-38.45531,-12.97694
1485991800,-38.45531,-12.97694
1485991811,-38.45531,-12.97694
1485991821,-38.45531,-12.97694
1485991831,-38.45531,-12.97694
1485991842,-38.45531,-12.97694
1485991852,-38.45531,-12.97694
1485991862,-38.45531,-12.97694
1485991874,-38.45531,-12.97694
1485991887,-38.45531,-12.97694
1485991899,-38.45531,-12.97694
1485991921,-38.45534,-12.97707
1485991932,-38.45533,-12.97707
1485991944,-38.45533,-12.97706
1485991955,-38.45533,-12.97706
1485991967,-38.45533,-12.97706
1485991977,-38.45532,-12.97705
1485991988,-38.45534,-12.97711
1485991999,-38.45538,-12.97716
1485992012,-38.45538,-12.97716
1485992022,-38.45538,-12.97716
1485992033,-38.45537,-12.97716
1485992043,-38.45537,-12.97716
1485992054,-38.45537,-12.97716
1485992064,-38.45537,-12.97716
1485992074,-38.45537,-12.97716
1485992098,-38.45543,-12.97721
1485992110,-38.45541,-12.97718
1485992121,-38.45541,-12.97721
1485992131,-38.45539,-12.9772
1485992152,-38.45539,-12.9772
1485992162,-38.45539,-12.97719
1485992176,-38.45538,-12.97719
1485992197,-38.45538,-12.97719
1485992207,-38.45537,-12.97719
1485992218,-38.45537,-12.97719
1485992230,-38.45537,-12.97718
1485992240,-38.45536,-12.97718
1485992251,-38.45536,-12.97718
1485992263,-38.45536,-12.97718
1485992273,-38.45536,-12.97718
1485992284,-38.45536,-12.97718
1485992296,-38.45536,-12.97718
1485992307,-38.45536,-12.97718
1485992317,-38.45536,-12.97718
1485992328,-38.45536,-12.97718
1485992340,-38.45536,-12.97718
1485992350,-38.45536,-12.97718
1485992371,-38.4554,-12.97717
1485992383,-38.45546,-12.97723
1485992393,-38.45549,-12.97729
1485992403,-38.45548,-12.97729
1485992414,-38.45553,-12.97732
1485992424,-38.45552,-12.97732
1485992434,-38.45552,-12.97732
1485992445,-38.45552,-12.97732
1485992454,-38.4553,-12.97719
1485992459,-38.45496,-12.9773
1485992474,-38.45463,-12.97752
1485992477,-38.4542,-12.978
1485992483,-38.45386,-12.97798
1485992488,-38.45369,-12.97808
1485992492,-38.45352,-12.97818
1485992499,-38.45342,-12.97834
1485992515,-38.45323,-12.97845
1485992520,-38.45297,-12.97858
1485992525,-38.45267,-12.97869
1485992527,-38.45254,-12.97884
1485992530,-38.45231,-12.97898
1485992533,-38.45215,-12.97909
1485992543,-38.45186,-12.97909
1485992546,-38.45206,-12.97896
1485992550,-38.45235,-12.97861
1485992559,-38.45335,-12.97803
1485992562,-38.45365,-12.97777
1485992570,-38.45432,-12.97704
1485992572,-38.45444,-12.97676
1485992574,-38.45456,-12.97652
1485992577,-38.45461,-12.9763
1485992578,-38.45447,-12.97608
1485992580,-38.45437,-12.97584
1485992590,-38.45364,-12.97566
1485992591,-38.45339,-12.97541
1485992594,-38.45299,-12.97521
1485992598,-38.45237,-12.97507
1485992599,-38.45218,-12.97503
1485992605,-38.45135,-12.97446
1485992615,-38.44979,-12.97392
1485992626,-38.44862,-12.97336
1485992628,-38.44832,-12.97345
1485992630,-38.4481,-12.97354
1485992632,-38.44813,-12.97377
1485992634,-38.44802,-12.97397
1485992644,-38.44872,-12.97441
1485992648,-38.44899,-12.97422
1485992649,-38.44917,-12.97411
1485992651,-38.44937,-12.97394
1485992654,-38.44957,-12.97378
1485992656,-38.44977,-12.97357
1485992658,-38.44994,-12.97343
1485992660,-38.45014,-12.97327
1485992664,-38.45027,-12.97302
1485992669,-38.45035,-12.97249
1485992673,-38.45022,-12.9723
1485992676,-38.45002,-12.97227
1485992678,-38.44975,-12.97237
1485992680,-38.44957,-12.97247
1485992683,-38.44959,-12.97285
1485992686,-38.44969,-12.97316
1485992699,-38.45099,-12.97403
1485992700,-38.45117,-12.97411
1485992702,-38.4514,-12.97424
1485992706,-38.45182,-12.97448
1485992710,-38.4524,-12.97477
1485992714,-38.45271,-12.97492
1485992715,-38.45295,-12.97505
1485992717,-38.45319,-12.9752
1485992720,-38.45351,-12.97534
1485992724,-38.45372,-12.9754
1485992734,-38.4539,-12.97538
1485992745,-38.4541,-12.97548
1485992746,-38.45398,-12.97532
1485992751,-38.45397,-12.97509
1485992759,-38.45414,-12.975
1485992769,-38.45425,-12.97447
1485992773,-38.45397,-12.97391
1485992784,-38.45399,-12.97391
1485992788,-38.45418,-12.97386
1485992794,-38.45435,-12.9737
1485992805,-38.45436,-12.97347
1485992810,-38.45455,-12.97337
1485992816,-38.45474,-12.9732
1485992824,-38.45492,-12.97308
1485992830,-38.45512,-12.97283
1485992840,-38.45544,-12.97246
1485992846,-38.45561,-12.97233
1485992863,-38.45576,-12.97228
1485992875,-38.45644,-12.9721
1485992931,-38.45748,-12.9716
1485992953,-38.45786,-12.97143
1485992962,-38.45769,-12.97149
1485992993,-38.45753,-12.97164
1485993006,-38.45753,-12.97164
1485993018,-38.45753,-12.97164
1485993028,-38.4573,-12.97179
1485993036,-38.45709,-12.97189
1485993049,-38.45667,-12.97199
1485993057,-38.4565,-12.97207
1485993075,-38.45632,-12.9721
1485993082,-38.45598,-12.9723
1485993086,-38.45584,-12.97242
1485993093,-38.45571,-12.97256
1485993097,-38.45547,-12.97255
1485993103,-38.45515,-12.97276
1485993110,-38.4549,-12.97303
1485993119,-38.45463,-12.9734
1485993131,-38.4543,-12.97369
1485993136,-38.45415,-12.9738
1485993141,-38.45404,-12.97401
1485993150,-38.45387,-12.9741
1485993160,-38.45385,-12.97432
1485993166,-38.45394,-12.97449
1485993177,-38.45391,-12.97453
1485993187,-38.45385,-12.97475
1485993190,-38.45382,-12.97494
1485993198,-38.45386,-12.97513
1485993201,-38.45393,-12.97531
1485993211,-38.45394,-12.9755
1485993228,-38.45435,-12.97567
1485993230,-38.45456,-12.9757
1485993231,-38.45478,-12.97569
1485993235,-38.45532,-12.97564
1485993241,-38.45617,-12.97548
1485993245,-38.45685,-12.97547
1485993246,-38.45705,-12.97548
1485993247,-38.45743,-12.97547
1485993250,-38.45776,-12.97534
1485993254,-38.45873,-12.9753
1485993255,-38.45915,-12.97528
1485993261,-38.4602,-12.97543
1485993263,-38.46051,-12.97559
1485993267,-38.46059,-12.97614
1485993269,-38.46049,-12.97643
1485993272,-38.4603,-12.97686
1485993276,-38.46002,-12.97729
1485993280,-38.46021,-12.97771
1485993282,-38.46044,-12.97774
1485993284,-38.46068,-12.97768
1485993287,-38.46088,-12.97737
1485993292,-38.46072,-12.97674
1485993299,-38.46022,-12.97608
1485993301,-38.45976,-12.97588
1485993303,-38.45949,-12.97579
1485993306,-38.45915,-12.9757
1485993310,-38.45835,-12.9759
1485993311,-38.45791,-12.97599
1485993315,-38.45734,-12.97601
1485993316,-38.45699,-12.97605
1485993319,-38.45664,-12.97609
1485993322,-38.4561,-12.97621
1485993329,-38.45573,-12.97662
1485993331,-38.45559,-12.97676
1485993334,-38.45538,-12.97696
1485993345,-38.45534,-12.97712
1485993366,-38.45534,-12.97712
1485993379,-38.45534,-12.97712
1485993387,-38.45622,-12.9771
1485993392,-38.45605,-12.977
1485993402,-38.4562,-12.97692
1485993412,-38.45628,-12.97703
1485993419,-38.45641,-12.97724
1485993422,-38.45653,-12.97738
1485993443,-38.45661,-12.97761
1485993453,-38.45664,-12.97761
1485993463,-38.45664,-12.97761
1485993474,-38.45664,-12.97761
1485993485,-38.45665,-12.97761
1485993495,-38.45665,-12.97761
1485993506,-38.45665,-12.97761
1485993516,-38.45665,-12.97761
1485993527,-38.45665,-12.97761
1485993538,-38.45665,-12.97761
1485993551,-38.45664,-12.97761
1485993573,-38.45665,-12.97762
1485993583,-38.45665,-12.97762
1485993604,-38.45665,-12.97763
1485993615,-38.45665,-12.97763
1485993625,-38.45665,-12.97763
1485993636,-38.45665,-12.97763
1485993657,-38.45664,-12.97763
1485993667,-38.45664,-12.97763
1485993678,-38.45664,-12.97763
1485993689,-38.45664,-12.97763
1485993700,-38.45664,-12.97763
1485993722,-38.45664,-12.97763
1485993733,-38.45664,-12.97763
1485993744,-38.45665,-12.97763
1485993754,-38.45664,-12.97763
1485993765,-38.45664,-12.97763
1485993776,-38.45665,-12.97763
1485993786,-38.45665,-12.97763
1485993797,-38.45665,-12.97763
1485993808,-38.45664,-12.97763
1485993819,-38.45664,-12.97762
1485993833,-38.45664,-12.97763
1485993844,-38.45664,-12.97762
1485993855,-38.45664,-12.97762
1485993878,-38.45664,-12.97762
1485993888,-38.45664,-12.97762
1485993909,-38.45664,-12.97762
1485993921,-38.45664,-12.97762
1485993946,-38.45664,-12.97762
1485993956,-38.45664,-12.97762
1485993967,-38.45665,-12.97762
1485993990,-38.45665,-12.97762
1485994001,-38.45665,-12.97762
1485994011,-38.45665,-12.97762
1485994022,-38.45665,-12.97762
1485994032,-38.45665,-12.97762
1485994042,-38.45665,-12.97762
1485994053,-38.45666,-12.97762
1485994063,-38.45666,-12.97762
1485994075,-38.45666,-12.97762
1485994085,-38.45666,-12.97762
1485994096,-38.45666,-12.97762
1485994107,-38.45666,-12.97762
1485994117,-38.45666,-12.97762
1485994127,-38.45666,-12.97762
1485994138,-38.45666,-12.97762
1485994151,-38.45666,-12.97762
1485994163,-38.45667,-12.97761
1485994173,-38.45667,-12.97761
1485994184,-38.45667,-12.97761
1485994194,-38.45667,-12.97761
1485994205,-38.45667,-12.97761
1485996623,-38.45662,-12.97764
1485996626,-38.45662,-12.97764
