1490153586,-46.48035,-23.42553
1490153587,-46.48035,-23.42554
1490153594,-46.48035,-23.42554
1490153597,-46.48035,-23.42553
1490153608,-46.48035,-23.42554
1490153619,-46.48,-23.426
1490153632,-46.48035,-23.42554
1490153642,-46.48035,-23.42554
1490153653,-46.48035,-23.42554
1490153674,-46.48035,-23.42554
1490153685,-46.48,-23.426
1490153687,-46.48035,-23.42554
1490153709,-46.48035,-23.42553
1490153729,-46.48,-23.426
1490153743,-46.48035,-23.42553
1490153754,-46.48035,-23.42554
1490153760,-46.48,-23.426
1490153762,-46.48035,-23.42554
1490153773,-46.48035,-23.42553
1490153785,-46.48035,-23.42554
1490153800,-46.48,-23.426
1490153802,-46.48035,-23.42554
1490153804,-46.48,-23.426
1490153806,-46.48035,-23.42553
1490153811,-46.48,-23.426
1490153820,-46.48,-23.426
1490153822,-46.48035,-23.42554
1490153831,-46.48232,-23.45239
1490153841,-46.48232,-23.45239
1490153852,-46.48232,-23.45239
1490153863,-46.48232,-23.45239
1490153867,-46.47934,-23.42471
1490153870,-46.4796,-23.42399
1490153874,-46.48004,-23.42251
1490153880,-46.48188,-23.42183
1490153881,-46.48232,-23.42186
1490153883,-46.48315,-23.42206
1490153885,-46.48399,-23.4223
1490153892,-46.48677,-23.42306
1490153893,-46.48725,-23.42319
1490153897,-46.48915,-23.42368
1490153907,-46.49256,-23.42612
1490153913,-46.49296,-23.42849
1490153915,-46.493,-23.4289
1490153919,-46.49319,-23.43052
1490153922,-46.49328,-23.43133
1490153924,-46.49336,-23.43213
1490153928,-46.49353,-23.43385
1490153932,-46.49383,-23.43559
1490153934,-46.49399,-23.43645
1490153935,-46.49383,-23.43559
1490153937,-46.49425,-23.43779
1490153940,-46.49444,-23.43875
1490153941,-46.49462,-23.43969
1490153944,-46.495,-23.441
1490153952,-46.49451,-23.44459
1490153953,-46.49432,-23.44506
1490153955,-46.49412,-23.44555
1490153960,-46.493,-23.448
1490153966,-46.49174,-23.45142
1490153978,-46.49082,-23.45724
1490153980,-46.49103,-23.45825
1490153982,-46.49122,-23.45923
1490153984,-46.49134,-23.46018
1490153986,-46.49133,-23.46115
1490153988,-46.491,-23.462
1490153996,-46.49074,-23.46534
1490153999,-46.49093,-23.46634
1490154005,-46.49192,-23.46993
1490154007,-46.49229,-23.47099
1490154009,-46.49286,-23.47192
1490154020,-46.49899,-23.4722
1490154078,-46.52278,-23.48067
1490154079,-46.52317,-23.48085
1490154092,-46.52733,-23.48377
1490154093,-46.52764,-23.48406
1490154094,-46.52797,-23.48436
1490154095,-46.52828,-23.48465
1490154096,-46.52859,-23.48493
1490154097,-46.52888,-23.4852
1490154098,-46.52917,-23.48546
1490154099,-46.52946,-23.48573
1490154100,-46.52976,-23.48601
1490154101,-46.53006,-23.48629
1490154102,-46.53037,-23.48658
1490154103,-46.5307,-23.48689
1490154104,-46.53103,-23.48721
1490154105,-46.53135,-23.48749
1490154106,-46.5317,-23.48779
1490154107,-46.53204,-23.48806
1490154108,-46.53236,-23.48832
1490154111,-46.53302,-23.48882
1490154112,-46.53337,-23.48907
1490154113,-46.5337,-23.48931
1490154114,-46.53405,-23.48956
1490154115,-46.53438,-23.4898
1490154116,-46.5347,-23.49004
1490154117,-46.53504,-23.49029
1490154118,-46.535,-23.491
1490154119,-46.53574,-23.49077
1490154120,-46.53607,-23.491
1490154121,-46.53642,-23.49124
1490154122,-46.53676,-23.49148
1490154123,-46.5371,-23.49174
1490154124,-46.53744,-23.49198
1490154125,-46.53777,-23.49222
1490154126,-46.53813,-23.49248
1490154147,-46.5439,-23.49785
1490154189,-46.55382,-23.50747
1490154233,-46.56,-23.523
1490154244,-46.56525,-23.52337
1490154245,-46.56567,-23.52354
1490154247,-46.5665,-23.52393
1490154249,-46.5673,-23.52436
1490154260,-46.57168,-23.52591
1490154263,-46.573,-23.526
1490154276,-46.57952,-23.52648
1490154279,-46.58103,-23.52674
1490154282,-46.58248,-23.52703
1490154284,-46.58351,-23.52729
1490154287,-46.5846,-23.52757
1490154293,-46.58814,-23.52838
1490154295,-46.58933,-23.52854
1490154297,-46.59098,-23.52793
1490154299,-46.59158,-23.52785
1490154306,-46.59497,-23.52688
1490154307,-46.59614,-23.52652
1490154308,-46.59655,-23.52615
1490154310,-46.48232,-23.45238
1490154320,-46.48232,-23.45238
