1487664751,-46.63724,-23.6294
1487664752,-46.63802,-23.62936
1487664753,-46.63832,-23.62933
1487664756,-46.63861,-23.6293
1487664759,-46.63899,-23.62927
1487664760,-46.63927,-23.62922
1487664766,-46.6402,-23.6292
1487664768,-46.64051,-23.62918
1487664771,-46.64098,-23.62915
1487664773,-46.6413,-23.62915
1487664776,-46.64159,-23.62917
1487664779,-46.64204,-23.62926
1487664780,-46.64263,-23.62902
1487664784,-46.64286,-23.62966
1487664790,-46.64352,-23.63015
1487664795,-46.64434,-23.6307
1487664798,-46.64467,-23.63076
1487664801,-46.64536,-23.63067
1487664804,-46.64584,-23.63053
1487664807,-46.64615,-23.63041
1487664809,-46.64645,-23.6303
1487664811,-46.6469,-23.63012
1487664813,-46.64716,-23.62994
1487664817,-46.64744,-23.62959
1487664819,-46.64757,-23.6293
1487664824,-46.64783,-23.62862
1487664826,-46.64794,-23.62833
1487664827,-46.64805,-23.62805
1487664831,-46.64825,-23.62751
1487664837,-46.64853,-23.62682
1487664839,-46.64861,-23.62661
1487664843,-46.64873,-23.62635
1487664847,-46.64892,-23.62586
1487664851,-46.64911,-23.62547
1487664854,-46.64922,-23.62526
1487664855,-46.64935,-23.62506
1487664857,-46.64948,-23.62487
1487664860,-46.64962,-23.62468
1487664864,-46.64999,-23.62422
1487664869,-46.65039,-23.62382
1487664872,-46.65055,-23.62367
1487664874,-46.65073,-23.62352
1487664875,-46.65091,-23.6234
1487664878,-46.65118,-23.62321
1487664882,-46.65145,-23.62303
1487664887,-46.65202,-23.62267
1487664889,-46.6522,-23.62257
1487664893,-46.65263,-23.62231
1487664895,-46.65286,-23.62216
1487664898,-46.65309,-23.62201
1487664900,-46.65333,-23.62186
1487664903,-46.65384,-23.62153
1487664906,-46.65407,-23.62137
1487664908,-46.65431,-23.62121
1487664909,-46.65456,-23.62106
1487664916,-46.65533,-23.62058
1487664917,-46.65558,-23.62042
1487664919,-46.65584,-23.62025
1487664923,-46.65626,-23.61997
1487664925,-46.65652,-23.61981
1487664926,-46.6568,-23.61965
1487664932,-46.65753,-23.61928
1487664934,-46.65781,-23.61915
1487664935,-46.65807,-23.61903
1487664937,-46.6583,-23.61892
1487664942,-46.65876,-23.61871
1487664947,-46.65947,-23.61837
1487664950,-46.65966,-23.61827
1487664954,-46.6602,-23.61802
1487664957,-46.66043,-23.61791
1487664959,-46.66063,-23.61782
1487664960,-46.6608,-23.6177
1487664964,-46.66112,-23.61757
1487664970,-46.66158,-23.61735
1487664972,-46.66178,-23.61726
1487664975,-46.66215,-23.61707
1487664980,-46.66245,-23.61692
1487664988,-46.6622,-23.61648
1487664990,-46.66212,-23.61619
1487664995,-46.66189,-23.61613
1487664999,-46.66179,-23.61595
1487665001,-46.66192,-23.6158
1487665003,-46.66208,-23.61565
1487665007,-46.66229,-23.61549
1487665010,-46.66245,-23.61536
1487665013,-46.66265,-23.61533
1487665017,-46.66284,-23.61557
1487665024,-46.66321,-23.61594
1487665027,-46.66338,-23.6161
1487665037,-46.66345,-23.61617
1487665042,-46.66386,-23.61619
1487665048,-46.66357,-23.61664
1487665050,-46.6634,-23.61677
1487665053,-46.66321,-23.61688
1487665055,-46.66303,-23.61697
1487665057,-46.66279,-23.61709
1487665066,-46.66214,-23.61738
1487665070,-46.66206,-23.61759
1487665076,-46.66227,-23.61813
1487665081,-46.6623,-23.61854
1487665085,-46.66224,-23.61913
1487665087,-46.66221,-23.61932
1487665090,-46.66216,-23.61951
1487665099,-46.66196,-23.62047
1487665101,-46.66193,-23.6207
1487665103,-46.66189,-23.62109
1487665105,-46.66187,-23.62134
1487665110,-46.66183,-23.62187
1487665114,-46.66178,-23.62254
1487665117,-46.66175,-23.62293
1487665120,-46.66173,-23.62319
1487665122,-46.66171,-23.62343
1487665125,-46.66168,-23.62385
1487665130,-46.66168,-23.62418
1487665132,-46.66168,-23.62451
1487665137,-46.66168,-23.62512
1487665142,-46.66166,-23.62579
1487665146,-46.66154,-23.6264
1487665157,-46.66154,-23.6264
1487665158,-46.66109,-23.62798
1487665160,-46.66114,-23.62833
1487665169,-46.66099,-23.62886
1487665172,-46.66071,-23.62888
1487665173,-46.6605,-23.6288
1487665176,-46.66024,-23.62864
1487665184,-46.65986,-23.62831
1487665187,-46.65974,-23.62817
1487665194,-46.65945,-23.6277
1487665199,-46.65935,-23.62738
1487665201,-46.65935,-23.62715
1487665209,-46.65957,-23.62655
1487665213,-46.65978,-23.62637
1487665217,-46.66009,-23.62621
1487665220,-46.66044,-23.62615
1487665224,-46.6608,-23.62616
1487665232,-46.66118,-23.62599
1487665237,-46.66118,-23.6258
1487665247,-46.66117,-23.62579
1487665249,-46.66117,-23.62579
