1487848422,-46.69479,-23.61097
1487848434,-46.69446,-23.6105
1487848437,-46.69427,-23.61044
1487848441,-46.69406,-23.61049
1487848445,-46.69384,-23.61058
1487848450,-46.6936,-23.61062
1487848484,-46.69377,-23.6115
1487848499,-46.69378,-23.61163
1487848504,-46.69378,-23.61163
1487848528,-46.69368,-23.61206
1487848534,-46.69376,-23.61213
1487848544,-46.69388,-23.61236
1487848548,-46.69395,-23.61262
1487848554,-46.69399,-23.61281
1487848579,-46.69411,-23.61328
1487848584,-46.69419,-23.6135
1487848591,-46.69427,-23.61368
1487848602,-46.69428,-23.61369
1487848632,-46.69429,-23.61371
1487848641,-46.69455,-23.61361
1487848643,-46.69482,-23.61352
1487848645,-46.69504,-23.61346
1487848673,-46.69648,-23.61301
1487848681,-46.69694,-23.61281
1487848685,-46.69719,-23.61266
1487848690,-46.69738,-23.61248
1487848693,-46.69751,-23.61234
1487848721,-46.69792,-23.61072
1487848732,-46.69787,-23.61052
1487848762,-46.69772,-23.60952
1487848772,-46.69776,-23.60951
1487848782,-46.69773,-23.6093
1487848786,-46.69767,-23.60912
1487848811,-46.69745,-23.60836
1487848822,-46.69746,-23.60826
1487848832,-46.69752,-23.60818
1487848858,-46.69723,-23.60744
1487848867,-46.69714,-23.60721
1487848871,-46.69706,-23.60702
1487848878,-46.69702,-23.60684
1487848906,-46.69689,-23.60628
1487848917,-46.69686,-23.60615
1487848923,-46.6968,-23.60593
1487848927,-46.69669,-23.60577
1487848955,-46.69661,-23.60537
1487848964,-46.69658,-23.60518
1487848971,-46.69652,-23.60498
1487849002,-46.69648,-23.6044
1487849006,-46.6964,-23.60412
1487849009,-46.69633,-23.60394
1487849015,-46.6961,-23.60328
1487849020,-46.69592,-23.60282
1487849022,-46.69579,-23.60245
1487849052,-46.69431,-23.59929
1487849057,-46.69413,-23.59909
1487849062,-46.69401,-23.59893
1487849092,-46.69287,-23.5971
1487849102,-46.69264,-23.59639
1487849110,-46.69259,-23.59597
1487849116,-46.69258,-23.59573
1487849142,-46.69258,-23.59451
1487849146,-46.69256,-23.5942
1487849152,-46.69256,-23.59371
1487849157,-46.69251,-23.59347
1487849161,-46.6925,-23.5932
1487849178,-46.69201,-23.5917
1487849188,-46.69166,-23.5907
1487849190,-46.6916,-23.59048
1487849193,-46.69151,-23.59026
1487849194,-46.69143,-23.59003
1487849196,-46.69136,-23.58981
1487849198,-46.69128,-23.58958
1487849201,-46.6912,-23.58935
1487849202,-46.69112,-23.58911
1487849211,-46.69086,-23.58818
1487849212,-46.69082,-23.58795
1487849236,-46.69122,-23.58457
1487849239,-46.69141,-23.58418
1487849241,-46.69155,-23.58391
1487849244,-46.6917,-23.58362
1487849248,-46.6921,-23.58291
1487849250,-46.69228,-23.58261
1487849253,-46.69244,-23.58232
1487849254,-46.69261,-23.58203
1487849256,-46.69277,-23.58176
1487849258,-46.69292,-23.58148
1487849283,-46.6947,-23.57841
1487849287,-46.69507,-23.57779
1487849290,-46.69521,-23.57753
1487849295,-46.69563,-23.57683
1487849300,-46.69591,-23.57637
1487849302,-46.69603,-23.57612
1487849303,-46.69618,-23.5759
1487849305,-46.69636,-23.57568
1487849308,-46.69662,-23.57534
1487849339,-46.69857,-23.57353
1487849347,-46.69872,-23.57337
1487849351,-46.699,-23.57317
1487849354,-46.69919,-23.57305
1487849357,-46.69963,-23.57278
1487849359,-46.69985,-23.57266
1487849380,-46.70098,-23.57134
1487849384,-46.70107,-23.57117
1487849387,-46.70118,-23.57088
1487849391,-46.70128,-23.57069
1487849396,-46.70135,-23.57049
1487849404,-46.70144,-23.57029
1487849436,-46.70206,-23.56873
1487849450,-46.70232,-23.56804
1487849453,-46.70239,-23.56787
1487849471,-46.7032,-23.56573
1487849475,-46.70334,-23.5653
1487849478,-46.70351,-23.56486
1487849482,-46.7038,-23.56407
1487849488,-46.70422,-23.56314
1487849490,-46.70439,-23.56283
1487849496,-46.70478,-23.56219
1487849529,-46.70819,-23.55922
1487849535,-46.70837,-23.55913
1487849545,-46.71143,-23.55774
1487849576,-46.71818,-23.55437
1487849578,-46.71836,-23.55428
1487849589,-46.72054,-23.55314
1487849594,-46.7211,-23.55288
1487849598,-46.72149,-23.55271
1487849615,-46.72553,-23.55072
1487849640,-46.7286,-23.549
1487849675,-46.73432,-23.5451
1487849680,-46.73503,-23.54448
1487849683,-46.73591,-23.54371
1487849690,-46.73679,-23.54293
1487849698,-46.73794,-23.54192
1487849720,-46.7409,-23.53928
1487849728,-46.74163,-23.53863
1487849731,-46.74192,-23.53837
1487849772,-46.74788,-23.53189
1487849775,-46.74798,-23.53135
1487849777,-46.74801,-23.531
1487849779,-46.74801,-23.53063
1487849781,-46.74801,-23.53008
1487849783,-46.74801,-23.5299
1487849785,-46.74801,-23.52953
1487849786,-46.748,-23.52917
1487849788,-46.74802,-23.52881
1487849825,-46.74754,-23.52284
1487849829,-46.74708,-23.52162
1487849857,-46.7444,-23.51858
1487849868,-46.74284,-23.51807
1487849874,-46.74029,-23.51804
1487849909,-46.73643,-23.51823
1487849917,-46.73616,-23.51825
1487849919,-46.73516,-23.51828
1487849952,-46.73028,-23.51747
1487849955,-46.72993,-23.5173
1487849966,-46.72911,-23.51683
1487849970,-46.72889,-23.51669
1487849972,-46.72873,-23.51658
1487849992,-46.72775,-23.51599
1487849999,-46.72753,-23.51585
1487850023,-46.72679,-23.51545
1487850027,-46.72626,-23.51515
1487850056,-46.72469,-23.51425
1487850061,-46.72449,-23.51414
1487850065,-46.72428,-23.51401
1487850068,-46.72408,-23.5139
1487850071,-46.72381,-23.51374
1487850099,-46.72218,-23.51244
1487850103,-46.72201,-23.51223
1487850106,-46.72189,-23.51208
1487850110,-46.72175,-23.51188
1487850112,-46.72162,-23.51168
1487850115,-46.72151,-23.51151
1487850145,-46.72033,-23.50986
1487850149,-46.72015,-23.5097
1487850152,-46.71992,-23.50953
1487850155,-46.71961,-23.50934
1487850163,-46.71897,-23.50902
1487850166,-46.71871,-23.50893
1487850168,-46.71851,-23.50887
1487850205,-46.71621,-23.50864
1487850210,-46.71586,-23.50866
1487850212,-46.71546,-23.50869
1487850215,-46.71509,-23.50872
1487850219,-46.71457,-23.50876
1487850249,-46.7114,-23.50903
1487850252,-46.71117,-23.50905
1487850255,-46.71083,-23.50908
1487850261,-46.71014,-23.50914
1487850262,-46.70991,-23.50916
1487850264,-46.70968,-23.50918
1487850267,-46.70945,-23.5092
1487850269,-46.70911,-23.50923
1487850296,-46.70535,-23.50919
1487850298,-46.70504,-23.50916
1487850299,-46.70472,-23.50915
1487850302,-46.70424,-23.5091
1487850305,-46.70392,-23.50907
1487850306,-46.70359,-23.50904
1487850308,-46.70326,-23.50903
1487850311,-46.70293,-23.509
1487850312,-46.70259,-23.50897
1487850318,-46.70174,-23.50891
1487850343,-46.69737,-23.50857
1487850345,-46.69696,-23.50853
1487850347,-46.69676,-23.50852
1487850352,-46.69645,-23.50852
1487850356,-46.69623,-23.50851
1487850361,-46.69599,-23.50851
1487850392,-46.69294,-23.50891
1487850397,-46.6923,-23.50904
1487850399,-46.69193,-23.50912
1487850401,-46.69169,-23.50917
1487850404,-46.69147,-23.50921
1487850405,-46.69123,-23.50925
1487850407,-46.69102,-23.50929
1487850442,-46.68992,-23.5095
1487850454,-46.68878,-23.50972
1487850459,-46.68808,-23.50987
1487850484,-46.685,-23.51047
1487850488,-46.68439,-23.5106
1487850491,-46.68393,-23.51074
1487850494,-46.68364,-23.51085
1487850496,-46.68336,-23.51098
1487850499,-46.68281,-23.51127
1487850502,-46.68257,-23.51142
1487850504,-46.68236,-23.51157
1487850530,-46.67947,-23.51366
1487850534,-46.67883,-23.51394
1487850537,-46.67856,-23.51405
1487850540,-46.67799,-23.51426
1487850544,-46.67757,-23.51437
1487850545,-46.6773,-23.51442
1487850553,-46.67631,-23.51455
1487850555,-46.67607,-23.51458
1487850558,-46.67581,-23.51462
1487850572,-46.67399,-23.51483
1487850576,-46.67378,-23.51486
1487850579,-46.67356,-23.5149
1487850582,-46.67332,-23.51494
1487850589,-46.67274,-23.51502
1487850592,-46.67254,-23.51504
1487850594,-46.67226,-23.51509
1487850620,-46.66968,-23.51541
1487850622,-46.66947,-23.51543
1487850628,-46.66889,-23.51551
1487850631,-46.6686,-23.51554
1487850635,-46.66829,-23.51559
1487850637,-46.66795,-23.51562
1487850640,-46.66761,-23.51566
1487850643,-46.66739,-23.51569
1487850654,-46.66593,-23.51591
1487850657,-46.66566,-23.51595
1487850658,-46.66537,-23.51598
1487850663,-46.6648,-23.51604
1487850664,-46.66451,-23.51607
1487850669,-46.66383,-23.51615
1487850674,-46.66333,-23.51621
1487850675,-46.66307,-23.51626
1487850678,-46.66269,-23.51629
1487850681,-46.66231,-23.51633
1487850690,-46.66143,-23.51645
1487850693,-46.6609,-23.51651
1487850694,-46.66065,-23.51654
1487850697,-46.66038,-23.51658
1487850699,-46.65997,-23.51663
1487850703,-46.65955,-23.51669
1487850706,-46.65897,-23.51675
1487850708,-46.65867,-23.51678
1487850711,-46.65823,-23.51683
1487850713,-46.65793,-23.51686
1487850727,-46.65599,-23.51712
1487850730,-46.65541,-23.5172
1487850733,-46.65511,-23.51725
1487850737,-46.6543,-23.51733
1487850746,-46.65287,-23.51752
1487850749,-46.65256,-23.51756
1487850751,-46.65227,-23.5176
1487850752,-46.65197,-23.51764
1487850754,-46.65168,-23.51768
1487850756,-46.65138,-23.51772
1487850764,-46.65016,-23.51787
1487850785,-46.64686,-23.51829
1487850790,-46.64633,-23.51836
1487850791,-46.64607,-23.51839
1487850793,-46.64581,-23.51843
1487850815,-46.64265,-23.51894
1487850820,-46.64193,-23.51897
1487850821,-46.64167,-23.51897
1487850826,-46.6411,-23.51896
1487850830,-46.64032,-23.51894
1487850834,-46.63987,-23.51894
1487850838,-46.63915,-23.51895
1487850858,-46.63682,-23.51902
1487850860,-46.63657,-23.51904
1487850862,-46.63627,-23.51906
1487850866,-46.63565,-23.51909
1487850872,-46.63481,-23.51914
1487850874,-46.63445,-23.51917
1487850878,-46.63413,-23.51919
1487850883,-46.63388,-23.51924
1487850885,-46.63367,-23.51926
1487850920,-46.63062,-23.51977
1487850923,-46.63028,-23.5198
1487850927,-46.62976,-23.51984
1487850930,-46.62947,-23.5198
1487850931,-46.62917,-23.51979
1487850936,-46.62844,-23.5198
1487850941,-46.62773,-23.51985
1487850964,-46.62436,-23.52002
1487850966,-46.62404,-23.52003
1487850969,-46.62343,-23.52004
1487850972,-46.62311,-23.52003
1487850973,-46.6228,-23.52001
1487850977,-46.62234,-23.51996
1487850979,-46.6219,-23.51989
1487850989,-46.62036,-23.5196
1487851001,-46.61869,-23.51955
1487851012,-46.6171,-23.52003
1487851017,-46.61634,-23.52047
1487851020,-46.61611,-23.52064
1487851044,-46.61335,-23.5228
1487851054,-46.61221,-23.5235
1487851058,-46.61183,-23.52368
1487851060,-46.61148,-23.52381
1487851063,-46.61112,-23.52392
1487851066,-46.61093,-23.52397
1487851067,-46.61072,-23.52402
1487851092,-46.61049,-23.52548
1487851096,-46.61076,-23.52569
1487851098,-46.61092,-23.52582
1487851103,-46.6114,-23.52575
1487851107,-46.61141,-23.52551
1487851114,-46.61142,-23.5251
1487851140,-46.61084,-23.52194
1487851144,-46.61077,-23.52172
1487851148,-46.61064,-23.5215
1487851154,-46.61036,-23.52143
1487851190,-46.61005,-23.5217
1487851213,-46.61002,-23.52185
1487851225,-46.61004,-23.52201
1487851256,-46.61026,-23.52218
1487851266,-46.61036,-23.5222
1487851286,-46.61074,-23.52221
1487851297,-46.61123,-23.52198
1487851301,-46.61162,-23.52187
1487851306,-46.61201,-23.52167
1487851307,-46.61219,-23.52154
1487851310,-46.6124,-23.52141
1487851324,-46.61315,-23.52077
1487851332,-46.6132,-23.52059
1487851338,-46.61339,-23.52046
1487851344,-46.61357,-23.52033
1487851348,-46.61363,-23.52027
