1489906575,-46.69742,-23.58617
1489906576,-46.69765,-23.58616
1489906581,-46.69827,-23.58639
1489906583,-46.69847,-23.58655
1489906586,-46.69877,-23.58682
1489906591,-46.69927,-23.58757
1489906596,-46.69958,-23.58814
1489906598,-46.69979,-23.58834
1489906608,-46.70098,-23.58929
1489906609,-46.70125,-23.58945
1489906612,-46.70139,-23.58968
1489906614,-46.70159,-23.58987
1489906616,-46.70189,-23.59012
1489906619,-46.70211,-23.59032
1489906622,-46.70239,-23.59066
1489906625,-46.70257,-23.59105
1489906636,-46.70257,-23.59105
1489906646,-46.70257,-23.59105
1489906656,-46.70257,-23.59105
1489906666,-46.70257,-23.59105
1489906677,-46.70257,-23.59105
1489906687,-46.70257,-23.59105
1489906697,-46.70257,-23.59105
1489906707,-46.70257,-23.59105
1489906720,-46.70257,-23.59105
1489906741,-46.70257,-23.59105
1489906752,-46.70257,-23.59105
1489906762,-46.70257,-23.59105
1489906773,-46.70257,-23.59105
1489906783,-46.70257,-23.59105
1489906794,-46.70257,-23.59105
1489906804,-46.70257,-23.59105
1489906814,-46.70257,-23.59105
1489906824,-46.70257,-23.59105
1489906835,-46.70257,-23.59105
1489906845,-46.70257,-23.59105
1489906851,-46.70303,-23.60387
1489906854,-46.70297,-23.6036
1489906859,-46.70293,-23.60313
1489906866,-46.70296,-23.60253
1489906875,-46.70309,-23.60212
1489906876,-46.70314,-23.60197
1489906879,-46.70317,-23.60174
1489906886,-46.70304,-23.60107
1489906889,-46.70301,-23.60077
1489906892,-46.70306,-23.60048
1489906896,-46.70318,-23.60011
1489906900,-46.70327,-23.59973
1489906905,-46.70329,-23.59924
1489906909,-46.70345,-23.59913
1489906913,-46.70376,-23.59905
1489906914,-46.70398,-23.59899
1489906917,-46.7042,-23.59893
1489906919,-46.70443,-23.5989
1489906921,-46.70472,-23.59883
1489906930,-46.70546,-23.59865
1489906931,-46.70572,-23.59858
1489906936,-46.706,-23.59851
1489906939,-46.70628,-23.59842
1489906944,-46.70684,-23.59833
1489906950,-46.70761,-23.59816
1489906954,-46.70817,-23.59807
1489906961,-46.70866,-23.59792
1489906964,-46.70865,-23.59762
1489906968,-46.70857,-23.59706
1489906971,-46.70849,-23.59679
1489906973,-46.7084,-23.59653
1489906975,-46.70828,-23.59624
1489906981,-46.70776,-23.59541
1489906986,-46.70727,-23.59479
1489906992,-46.70678,-23.59404
1489906994,-46.7065,-23.59371
1489906998,-46.70628,-23.59341
1489907003,-46.70607,-23.59293
1489907006,-46.70595,-23.59244
1489907008,-46.70584,-23.59208
1489907013,-46.70577,-23.59184
1489907016,-46.70571,-23.59161
1489907021,-46.70555,-23.59108
1489907028,-46.70573,-23.59013
1489907030,-46.70584,-23.5899
1489907033,-46.70596,-23.5895
1489907035,-46.70596,-23.58922
1489907041,-46.70596,-23.58878
1489907045,-46.70594,-23.5884
1489907052,-46.70591,-23.58759
1489907055,-46.70589,-23.58726
1489907060,-46.70589,-23.58667
1489907065,-46.7062,-23.58618
1489907069,-46.70626,-23.58592
1489907074,-46.70681,-23.58555
1489907077,-46.70704,-23.5854
1489907079,-46.70737,-23.58512
1489907082,-46.70759,-23.58494
1489907084,-46.70781,-23.58478
1489907085,-46.70804,-23.58461
1489907088,-46.70826,-23.58444
1489907093,-46.709,-23.58385
1489907098,-46.70945,-23.58349
1489907101,-46.70977,-23.58321
1489907103,-46.71,-23.583
1489907105,-46.71023,-23.58284
1489907111,-46.71066,-23.58248
1489907114,-46.71089,-23.5823
1489907119,-46.71147,-23.58183
1489907122,-46.71163,-23.5817
1489907129,-46.71178,-23.58157
1489907135,-46.71207,-23.5816
1489907138,-46.71229,-23.58178
1489907142,-46.71266,-23.58209
1489907144,-46.71287,-23.58223
1489907146,-46.71312,-23.58238
1489907149,-46.71332,-23.58245
1489907159,-46.71375,-23.58177
1489907162,-46.71383,-23.5816
1489907166,-46.71401,-23.58135
1489907181,-46.71434,-23.58145
1489907191,-46.71442,-23.5815
1489907193,-46.71442,-23.5815
1489907201,-46.71442,-23.5815
1489907212,-46.71442,-23.5815
1489907222,-46.71442,-23.5815
1489907232,-46.71442,-23.5815
1489907242,-46.71449,-23.58154
1489907250,-46.71498,-23.58174
1489907253,-46.71515,-23.58183
1489907257,-46.71518,-23.58204
1489907261,-46.71507,-23.58225
1489907264,-46.71493,-23.58248
1489907266,-46.71483,-23.58264
1489907273,-46.71468,-23.58311
1489907276,-46.71494,-23.58325
1489907281,-46.71549,-23.58346
1489907286,-46.71613,-23.58368
1489907288,-46.71634,-23.58376
1489907295,-46.71713,-23.58408
1489907298,-46.71741,-23.58428
1489907300,-46.71759,-23.58441
1489907308,-46.71853,-23.58476
1489907314,-46.71924,-23.58485
1489907316,-46.71945,-23.58486
1489907320,-46.71988,-23.58494
1489907326,-46.72044,-23.58501
1489907333,-46.72087,-23.58469
1489907338,-46.7209,-23.58449
1489907341,-46.72078,-23.58432
1489907344,-46.72063,-23.58416
1489907348,-46.72035,-23.5842
1489907354,-46.71983,-23.58449
1489907356,-46.71964,-23.58461
1489907368,-46.71887,-23.5849
1489907369,-46.71866,-23.58488
1489907376,-46.71799,-23.58471
1489907378,-46.71778,-23.58463
1489907381,-46.71746,-23.58447
1489907383,-46.71715,-23.58426
1489907386,-46.71693,-23.58413
1489907389,-46.71668,-23.58404
1489907398,-46.7165,-23.58436
1489907403,-46.71647,-23.58467
1489907406,-46.71645,-23.585
1489907412,-46.7164,-23.58553
1489907416,-46.71633,-23.58593
1489907420,-46.71628,-23.58632
1489907423,-46.71625,-23.58659
1489907426,-46.71616,-23.58689
1489907430,-46.71604,-23.58727
1489907433,-46.71594,-23.58747
1489907448,-46.71595,-23.58807
1489907457,-46.71614,-23.58801
