1486754492,-46.69104,-23.60045
1486754495,-46.69095,-23.6002
1486754500,-46.69085,-23.59994
1486754506,-46.69079,-23.59974
1486754516,-46.69078,-23.59971
1486754526,-46.69078,-23.59971
1486754537,-46.69078,-23.59971
1486754547,-46.69078,-23.59971
1486754553,-46.69078,-23.59971
1486754557,-46.69078,-23.59971
1486754567,-46.69078,-23.59971
1486754578,-46.69078,-23.59971
1486754582,-46.69081,-23.59964
1486754588,-46.69081,-23.59964
1486754598,-46.69077,-23.59953
1486754610,-46.69077,-23.59953
1486754626,-46.69075,-23.59944
1486754636,-46.69075,-23.59944
1486754656,-46.69075,-23.59944
1486754667,-46.69075,-23.59944
1486754677,-46.69075,-23.59944
1486754687,-46.69075,-23.59944
1486754698,-46.69075,-23.59944
1486754708,-46.69075,-23.59944
1486754718,-46.69075,-23.59944
1486754729,-46.6907,-23.59932
1486754741,-46.69065,-23.59919
1486754746,-46.69064,-23.59898
1486754753,-46.69072,-23.59881
1486754764,-46.69072,-23.59881
1486754776,-46.69072,-23.59881
1486754787,-46.69072,-23.59881
1486754798,-46.69082,-23.59872
1486754806,-46.69083,-23.59868
1486754823,-46.69083,-23.59867
1486754833,-46.69083,-23.59864
1486754843,-46.69083,-23.59864
1486754849,-46.69094,-23.59842
1486754860,-46.69097,-23.59833
1486754880,-46.69097,-23.59833
1486754887,-46.69109,-23.59815
1486754891,-46.69107,-23.59786
1486754895,-46.69109,-23.59757
1486754897,-46.69124,-23.59744
1486754906,-46.69154,-23.59766
1486754908,-46.69158,-23.59791
1486754915,-46.69126,-23.59855
1486754919,-46.69109,-23.59906
1486754921,-46.69103,-23.59926
1486754925,-46.691,-23.59955
1486754928,-46.69102,-23.59986
1486754930,-46.6911,-23.60015
1486754935,-46.69124,-23.60051
1486754939,-46.69139,-23.60083
1486754942,-46.69151,-23.60102
1486754954,-46.69225,-23.60085
1486754956,-46.69245,-23.6008
1486754958,-46.69272,-23.60074
1486754960,-46.69292,-23.60071
1486754969,-46.69333,-23.60067
1486754979,-46.69337,-23.60064
1486754989,-46.69337,-23.60064
1486755000,-46.69337,-23.60064
1486755010,-46.69337,-23.60064
1486755020,-46.69337,-23.60064
1486755030,-46.69337,-23.60064
1486755041,-46.69337,-23.60064
1486755051,-46.69337,-23.60064
1486755061,-46.69337,-23.60064
1486755063,-46.69351,-23.60051
1486755074,-46.69351,-23.60051
1486755094,-46.69351,-23.60051
1486755104,-46.69359,-23.60047
1486755115,-46.69359,-23.60047
1486755135,-46.69359,-23.60047
1486755145,-46.69359,-23.60047
1486755156,-46.69359,-23.60047
1486755176,-46.69373,-23.60045
1486755197,-46.69373,-23.60045
1486755207,-46.69383,-23.6004
1486755217,-46.69383,-23.6004
1486755228,-46.69397,-23.60034
1486755238,-46.69408,-23.6003
1486755248,-46.69408,-23.6003
1486755256,-46.69429,-23.60027
1486755267,-46.69433,-23.60026
1486755277,-46.69433,-23.60026
1486755287,-46.69446,-23.60025
1486755297,-46.69457,-23.60016
1486755309,-46.69425,-23.59962
1486755314,-46.69398,-23.59925
1486755317,-46.69377,-23.59899
1486755318,-46.69364,-23.59882
1486755320,-46.69351,-23.59866
1486755323,-46.69338,-23.5985
1486755325,-46.69325,-23.59834
1486755330,-46.69292,-23.59782
1486755333,-46.69282,-23.59764
1486755336,-46.69268,-23.59736
1486755337,-46.69259,-23.59715
1486755340,-46.69248,-23.59683
1486755345,-46.69236,-23.5964
1486755355,-46.69227,-23.59553
1486755359,-46.69227,-23.59532
1486755376,-46.69223,-23.59498
1486755386,-46.69223,-23.59475
1486755396,-46.69224,-23.59456
1486755412,-46.69223,-23.59425
1486755417,-46.69221,-23.59399
1486755420,-46.69219,-23.59377
1486755424,-46.69216,-23.59356
1486755432,-46.69209,-23.59316
1486755438,-46.69202,-23.59296
1486755442,-46.69194,-23.59276
1486755446,-46.69186,-23.59258
1486755454,-46.69164,-23.59219
1486755462,-46.69154,-23.592
1486755467,-46.69147,-23.59178
1486755488,-46.69142,-23.59145
1486755496,-46.69065,-23.59159
1486755506,-46.69064,-23.59156
1486755516,-46.69064,-23.59156
1486755527,-46.69065,-23.59159
1486755547,-46.69064,-23.59156
1486755558,-46.69065,-23.59159
1486755576,-46.69104,-23.59163
1486755587,-46.69104,-23.59163
1486755597,-46.69104,-23.59163
1486755607,-46.69104,-23.59163
1486755618,-46.69104,-23.59163
1486755628,-46.69087,-23.59164
1486755631,-46.69065,-23.59159
1486755642,-46.6908,-23.59124
1486755643,-46.69125,-23.59182
1486755654,-46.69049,-23.59147
1486755664,-46.69034,-23.59162
1486755676,-46.69034,-23.59162
1486755678,-46.69063,-23.5913
1486755689,-46.69064,-23.59118
1486755692,-46.69064,-23.59118
1486755708,-46.69064,-23.59118
1486755719,-46.69064,-23.59118
1486755729,-46.69064,-23.59118
1486755740,-46.69064,-23.59118
1486755750,-46.69062,-23.59124
1486755760,-46.69071,-23.59132
1486755770,-46.69078,-23.59133
1486755781,-46.6908,-23.59133
1486755789,-46.69081,-23.59133
1486755799,-46.69117,-23.59134
1486755803,-46.69112,-23.59154
1486755809,-46.69102,-23.59174
1486755814,-46.69063,-23.59188
1486755819,-46.69043,-23.59192
1486755824,-46.69018,-23.59203
1486755827,-46.6899,-23.5921
1486755831,-46.68965,-23.59218
1486755838,-46.68942,-23.59223
1486755858,-46.6894,-23.59222
1486755868,-46.68924,-23.59229
1486755877,-46.68916,-23.59248
1486755885,-46.68924,-23.59309
1486755889,-46.68931,-23.59339
1486755893,-46.68943,-23.59357
1486755898,-46.68954,-23.59373
1486755918,-46.68954,-23.59373
1486755929,-46.68954,-23.59373
1486755940,-46.68959,-23.59394
1486755945,-46.68932,-23.59409
1486755948,-46.68912,-23.59417
1486755952,-46.68897,-23.59428
1486755962,-46.68887,-23.59434
1486755970,-46.68858,-23.59436
1486755983,-46.6886,-23.59452
1486755993,-46.6886,-23.59452
1486756005,-46.6886,-23.59452
1486756030,-46.6886,-23.59452
1486756034,-46.68889,-23.59475
1486756044,-46.68896,-23.59491
1486756054,-46.68896,-23.59491
1486756065,-46.68896,-23.59491
1486756077,-46.68896,-23.59491
1486756088,-46.68896,-23.59491
1486756099,-46.68916,-23.59533
1486756101,-46.68928,-23.59554
1486756106,-46.68939,-23.59576
1486756109,-46.68945,-23.596
1486756128,-46.68929,-23.59638
1486756135,-46.6885,-23.59672
1486756137,-46.6883,-23.59682
1486756139,-46.6881,-23.59691
1486756141,-46.68789,-23.597
1486756145,-46.68743,-23.59719
1486756148,-46.68722,-23.59728
1486756149,-46.68701,-23.59738
1486756151,-46.68682,-23.59745
1486756153,-46.68663,-23.59754
1486756155,-46.68643,-23.59763
1486756159,-46.68617,-23.59775
1486756164,-46.68584,-23.59792
1486756174,-46.68564,-23.59804
1486756183,-46.68516,-23.59825
1486756188,-46.6849,-23.59838
1486756192,-46.6846,-23.59854
1486756195,-46.68437,-23.59866
1486756200,-46.68408,-23.59876
1486756207,-46.68362,-23.59896
1486756211,-46.68344,-23.59905
1486756221,-46.68327,-23.59911
1486756233,-46.68327,-23.59911
1486756244,-46.68285,-23.59932
1486756251,-46.68241,-23.59954
1486756254,-46.68221,-23.59958
1486756257,-46.68198,-23.59965
1486756261,-46.68178,-23.59974
1486756291,-46.68173,-23.59982
1486756301,-46.68173,-23.59982
1486756322,-46.68173,-23.59982
1486756332,-46.68154,-23.59994
1486756337,-46.68134,-23.60002
1486756347,-46.68124,-23.60008
1486756359,-46.68124,-23.60008
1486756369,-46.68124,-23.60008
1486756379,-46.68124,-23.60008
1486756389,-46.68124,-23.60008
1486756399,-46.68098,-23.60021
1486756403,-46.68077,-23.60031
1486756421,-46.68057,-23.60039
1486756427,-46.68038,-23.60049
1486756435,-46.68016,-23.60062
1486756455,-46.67989,-23.60074
1486756465,-46.67989,-23.60074
1486756475,-46.67989,-23.60074
1486756489,-46.67965,-23.60084
1486756494,-46.67944,-23.60093
1486756500,-46.67915,-23.60107
1486756505,-46.67892,-23.60118
1486756510,-46.67865,-23.60128
1486756515,-46.67845,-23.60138
1486756520,-46.67827,-23.60145
1486756526,-46.67809,-23.60154
1486756536,-46.678,-23.6016
1486756546,-46.678,-23.6016
1486756553,-46.67781,-23.60171
1486756564,-46.67766,-23.60175
1486756574,-46.6775,-23.60183
1486756579,-46.67733,-23.60195
1486756589,-46.67722,-23.60201
1486756600,-46.67722,-23.60201
1486756610,-46.67722,-23.60201
1486756620,-46.67722,-23.60201
1486756630,-46.67722,-23.60201
1486756641,-46.67708,-23.60206
1486756651,-46.67704,-23.60206
1486756661,-46.67704,-23.60206
1486756670,-46.67685,-23.60215
1486756691,-46.67679,-23.60218
1486756701,-46.67679,-23.60218
1486756711,-46.67679,-23.60218
1486756722,-46.67679,-23.60218
1486756732,-46.67659,-23.60224
1486756742,-46.67646,-23.60228
1486756750,-46.6763,-23.60238
1486756755,-46.67644,-23.60263
1486756765,-46.67656,-23.60277
1486756775,-46.67662,-23.60291
1486756781,-46.67671,-23.6031
1486756785,-46.67678,-23.60328
1486756788,-46.67689,-23.60346
1486756796,-46.67696,-23.60363
1486756806,-46.67697,-23.60366
1486756817,-46.67705,-23.60381
1486756827,-46.67699,-23.60387
1486756837,-46.67699,-23.60387
1486756858,-46.67672,-23.60399
1486756868,-46.67672,-23.60399
1486756878,-46.67663,-23.60403
1486756888,-46.67663,-23.60403
1486756899,-46.67663,-23.60403
1486756909,-46.67663,-23.60403
1486756919,-46.67656,-23.60406
1486756929,-46.67652,-23.60408
1486756940,-46.67652,-23.60408
1486756946,-46.67633,-23.60415
1486756956,-46.67622,-23.60421
1486756966,-46.67622,-23.60421
1486756977,-46.67609,-23.60424
1486756987,-46.67609,-23.60424
1486756997,-46.67609,-23.60424
1486757007,-46.67609,-23.60424
1486757018,-46.67609,-23.60424
1486757028,-46.67602,-23.60428
1486757038,-46.67602,-23.60428
1486757048,-46.67602,-23.60428
1486757059,-46.67594,-23.60438
1486757069,-46.67589,-23.60438
1486757089,-46.67574,-23.60444
1486757100,-46.67574,-23.60444
1486757110,-46.67574,-23.60444
1486757120,-46.67574,-23.60444
1486757130,-46.67568,-23.60445
1486757141,-46.67562,-23.6045
1486757151,-46.67548,-23.60459
1486757161,-46.67547,-23.60459
1486757171,-46.67533,-23.60464
1486757182,-46.67527,-23.60471
1486757192,-46.67527,-23.60473
1486757202,-46.67529,-23.6048
1486757212,-46.67529,-23.6048
1486757221,-46.67535,-23.60497
1486757225,-46.67544,-23.60524
1486757227,-46.67554,-23.60548
1486757230,-46.67564,-23.60572
1486757239,-46.67596,-23.60653
1486757242,-46.67606,-23.60679
1486757245,-46.67615,-23.60697
1486757247,-46.67625,-23.60715
1486757249,-46.67636,-23.60741
1486757253,-46.6765,-23.60772
1486757257,-46.67659,-23.60793
1486757261,-46.6767,-23.60814
1486757267,-46.6765,-23.60826
1486757274,-46.67623,-23.60786
1486757278,-46.6761,-23.60757
1486757282,-46.67599,-23.60737
1486757289,-46.67572,-23.60753
1486757293,-46.67555,-23.60765
1486757297,-46.67531,-23.60784
1486757299,-46.67515,-23.60798
1486757304,-46.67499,-23.60811
1486757317,-46.67456,-23.60775
1486757321,-46.67436,-23.60773
1486757324,-46.67415,-23.60789
1486757327,-46.67396,-23.60802
1486757337,-46.6736,-23.60833
1486757341,-46.67337,-23.6085
1486757345,-46.67314,-23.60867
1486757350,-46.67294,-23.60884
1486757358,-46.6728,-23.60899
1486757363,-46.67261,-23.60912
1486757366,-46.67244,-23.60927
1486757370,-46.67227,-23.60941
1486757373,-46.67209,-23.60956
1486757376,-46.67189,-23.6097
1486757386,-46.67186,-23.60988
1486757390,-46.672,-23.61002
1486757395,-46.67218,-23.61022
1486757402,-46.67214,-23.6104
1486757407,-46.67196,-23.61052
1486757412,-46.67179,-23.61069
1486757415,-46.67161,-23.61081
1486757419,-46.67141,-23.61097
1486757429,-46.67129,-23.61108
1486757435,-46.67108,-23.61124
1486757437,-46.67088,-23.61139
1486757441,-46.67062,-23.61158
1486757445,-46.67042,-23.61173
1486757451,-46.67029,-23.61187
1486757456,-46.67044,-23.61211
1486757459,-46.67063,-23.61231
1486757463,-46.67082,-23.61252
1486757474,-46.67082,-23.61252
1486757475,-46.6706,-23.61274
1486757479,-46.67044,-23.61263
1486757484,-46.67029,-23.61249
1486757494,-46.67022,-23.6124
1486757504,-46.67006,-23.61222
1486757525,-46.66993,-23.61216
1486757545,-46.66993,-23.61216
1486757555,-46.66985,-23.61224
1486757566,-46.66985,-23.61224
1486757576,-46.66985,-23.61224
1486757586,-46.66976,-23.61232
1486757594,-46.6696,-23.61244
1486757601,-46.66944,-23.61259
1486757608,-46.66926,-23.61275
1486757621,-46.6689,-23.613
1486757632,-46.66886,-23.61303
1486757643,-46.66886,-23.61303
1486757654,-46.66886,-23.61303
1486757665,-46.66875,-23.61314
1486757675,-46.66875,-23.61314
1486757685,-46.66869,-23.6132
1486757696,-46.66869,-23.6132
1486757706,-46.66869,-23.6132
1486757716,-46.66863,-23.61325
1486757726,-46.66863,-23.61325
1486757737,-46.66863,-23.61325
1486757747,-46.66863,-23.61325
1486757757,-46.66852,-23.6133
1486757768,-46.66852,-23.6133
1486757778,-46.66846,-23.61333
1486757788,-46.66836,-23.61342
1486757798,-46.66837,-23.61347
1486757809,-46.6683,-23.61351
1486757829,-46.66819,-23.6135
1486757839,-46.66815,-23.6135
1486757860,-46.66816,-23.61352
1486757870,-46.66826,-23.61352
1486757880,-46.66824,-23.61351
1486757891,-46.66819,-23.61351
1486757901,-46.66818,-23.6135
1486757911,-46.66818,-23.6135
1486757921,-46.6682,-23.6135
1486757932,-46.66821,-23.6135
1486757942,-46.6682,-23.61351
1486757952,-46.66813,-23.61355
1486757962,-46.66804,-23.61363
1486757973,-46.66803,-23.61364
1486757983,-46.66804,-23.61369
1486757993,-46.66803,-23.61369
1486758003,-46.66803,-23.61369
1486758014,-46.66802,-23.61369
1486758024,-46.66803,-23.6137
1486758044,-46.66803,-23.61369
1486758055,-46.668,-23.61372
1486758065,-46.66798,-23.61374
1486758075,-46.66796,-23.61373
1486758085,-46.66796,-23.61372
1486758096,-46.66795,-23.61372
1486758106,-46.66794,-23.61372
1486758116,-46.6679,-23.61376
1486758126,-46.66784,-23.61384
1486758137,-46.6678,-23.61389
1486758147,-46.66778,-23.61388
1486758157,-46.66776,-23.6139
1486758167,-46.66774,-23.61394
1486758188,-46.66773,-23.61396
1486758198,-46.66765,-23.61403
1486758208,-46.66762,-23.61402
1486758219,-46.66763,-23.61401
1486758229,-46.66761,-23.61412
1486758239,-46.6677,-23.61424
1486758249,-46.66764,-23.61434
1486758260,-46.66763,-23.61433
1486758283,-46.66798,-23.61461
1486758288,-46.66814,-23.61478
1486758292,-46.66835,-23.615
1486758302,-46.66871,-23.6154
1486758310,-46.66889,-23.61561
1486758313,-46.66907,-23.61579
1486758316,-46.66922,-23.61596
1486758319,-46.66938,-23.61614
1486758326,-46.66974,-23.61652
1486758331,-46.66988,-23.61672
1486758335,-46.66975,-23.61687
1486758343,-46.66942,-23.61713
1486758353,-46.66939,-23.61715
1486758363,-46.66939,-23.61715
1486758373,-46.66906,-23.61743
1486758377,-46.6688,-23.61763
1486758384,-46.66829,-23.61804
1486758386,-46.66814,-23.61816
1486758388,-46.66798,-23.61829
1486758393,-46.66766,-23.61854
1486758400,-46.66719,-23.61891
1486758404,-46.66697,-23.61908
1486758408,-46.66677,-23.61922
1486758411,-46.66663,-23.61935
1486758415,-46.66643,-23.6195
1486758426,-46.66598,-23.61987
1486758434,-46.66558,-23.6202
1486758438,-46.66538,-23.62035
1486758442,-46.6651,-23.62052
1486758445,-46.66476,-23.6206
1486758452,-46.66427,-23.62058
1486758458,-46.6641,-23.62078
1486758460,-46.66407,-23.62099
1486758467,-46.66401,-23.62149
1486758473,-46.664,-23.62179
1486758478,-46.66394,-23.62219
1486758486,-46.66392,-23.62264
1486758490,-46.6639,-23.62293
1486758496,-46.66385,-23.62312
1486758501,-46.66363,-23.62313
1486758503,-46.6634,-23.62312
1486758508,-46.66313,-23.62309
1486758518,-46.66294,-23.62309
1486758525,-46.66273,-23.62306
1486758529,-46.66252,-23.62302
1486758536,-46.6623,-23.62297
1486758544,-46.66205,-23.62293
1486758554,-46.66195,-23.62295
1486758562,-46.66184,-23.62314
1486758568,-46.66178,-23.62342
1486758575,-46.66175,-23.62361
1486758578,-46.66174,-23.62382
1486758588,-46.66172,-23.62392
1486758592,-46.66179,-23.62441
1486758594,-46.66179,-23.62459
1486758605,-46.66178,-23.62465
1486758610,-46.66176,-23.62492
1486758618,-46.66175,-23.62514
1486758635,-46.66171,-23.62562
1486758650,-46.66163,-23.62603
1486758658,-46.66159,-23.62621
1486758668,-46.66157,-23.62628
1486758676,-46.72024,-23.43199
1486758686,-46.72024,-23.43199
1486758697,-46.72024,-23.43199
1486758707,-46.72024,-23.43199
1486758728,-46.72024,-23.43199
1486758731,-46.66118,-23.62769
1486758754,-46.66115,-23.62818
1486758759,-46.66113,-23.62838
1486758763,-46.66111,-23.62856
1486758785,-46.66085,-23.62892
1486758790,-46.66063,-23.62887
1486758800,-46.6605,-23.62878
1486758811,-46.6604,-23.62871
1486758826,-46.66035,-23.62868
1486758835,-46.66022,-23.62854
1486758856,-46.65996,-23.62838
1486758866,-46.65991,-23.62833
1486758876,-46.65981,-23.62824
1486758885,-46.65968,-23.62809
1486758895,-46.65966,-23.62804
1486758905,-46.65957,-23.6279
1486758915,-46.6595,-23.62777
1486758926,-46.65946,-23.62762
1486758936,-46.65942,-23.62745
1486758945,-46.65939,-23.62727
1486758951,-46.65941,-23.62706
1486758960,-46.65946,-23.62689
1486758970,-46.65948,-23.62673
1486758990,-46.65968,-23.62647
1486759001,-46.65969,-23.62646
1486759011,-46.65969,-23.62646
1486759021,-46.65969,-23.62646
1486759031,-46.6598,-23.62637
1486759042,-46.6598,-23.62637
1486759052,-46.6598,-23.62637
1486759063,-46.65991,-23.62629
1486759071,-46.65991,-23.62626
