1486910434,-38.659,-3.73544
1486910439,-38.659,-3.73544
1486910449,-38.659,-3.73544
1486910460,-38.65899,-3.73546
1486910464,-38.65898,-3.73546
1486910470,-38.65886,-3.73552
1486910475,-38.65888,-3.73579
1486910480,-38.65886,-3.73598
1486910485,-38.65884,-3.73621
1486910489,-38.65884,-3.73639
1486910493,-38.65885,-3.73664
1486910496,-38.65884,-3.73688
1486910499,-38.65882,-3.73725
1486910505,-38.65882,-3.73776
1486910510,-38.65889,-3.73804
1486910514,-38.65901,-3.73821
1486910520,-38.65919,-3.73839
1486910522,-38.6593,-3.73853
1486910525,-38.65944,-3.73871
1486910529,-38.65965,-3.739
1486910539,-38.66019,-3.73966
1486910543,-38.66024,-3.7399
1486910544,-38.66025,-3.74009
1486910546,-38.66027,-3.74027
1486910551,-38.66031,-3.74061
1486910554,-38.66034,-3.74089
1486910556,-38.66036,-3.74108
1486910558,-38.6604,-3.74136
1486910561,-38.66043,-3.74158
1486910569,-38.66046,-3.74178
1486910573,-38.66048,-3.74203
1486910582,-38.66057,-3.74281
1486910585,-38.66059,-3.74302
1486910589,-38.66067,-3.74351
1486910591,-38.66071,-3.74374
1486910594,-38.66075,-3.74393
1486910597,-38.6608,-3.74419
1486910601,-38.66082,-3.74447
1486910606,-38.66082,-3.7449
1486910612,-38.66083,-3.7454
1486910614,-38.66082,-3.74568
1486910623,-38.66078,-3.7463
1486910626,-38.66077,-3.74652
1486910628,-38.66075,-3.7467
1486910631,-38.66075,-3.74689
1486910633,-38.66077,-3.74709
1486910635,-38.66084,-3.7474
1486910637,-38.66089,-3.74759
1486910642,-38.661,-3.74801
1486910645,-38.66109,-3.74833
1486910647,-38.66119,-3.74868
1486910651,-38.6613,-3.74911
1486910654,-38.66133,-3.74934
1486910656,-38.66134,-3.74957
1486910657,-38.66128,-3.74981
1486910669,-38.66037,-3.7507
1486910670,-38.66015,-3.75083
1486910672,-38.65995,-3.75094
1486910676,-38.65967,-3.75108
1486910679,-38.65929,-3.75129
1486910683,-38.65905,-3.75144
1486910688,-38.65851,-3.75172
1486910694,-38.65801,-3.75205
1486910696,-38.6577,-3.75225
1486910698,-38.65749,-3.75237
1486910702,-38.65711,-3.7526
1486910704,-38.65693,-3.75271
1486910715,-38.6559,-3.75334
1486910718,-38.65558,-3.75353
1486910719,-38.65537,-3.75367
1486910722,-38.65508,-3.75396
1486910728,-38.65479,-3.75454
1486910730,-38.65469,-3.75479
1486910731,-38.65459,-3.75504
1486910736,-38.65433,-3.75569
1486910739,-38.65419,-3.75607
1486910741,-38.65409,-3.75634
1486910745,-38.65394,-3.75674
1486910749,-38.65379,-3.75714
1486910752,-38.65351,-3.75786
1486910758,-38.65327,-3.75849
1486910760,-38.65316,-3.75874
1486910761,-38.65306,-3.75898
1486910763,-38.65295,-3.75925
1486910767,-38.6528,-3.75961
1486910769,-38.65271,-3.75986
1486910771,-38.65264,-3.76009
1486910773,-38.6526,-3.76036
1486910783,-38.6526,-3.76051
1486910793,-38.65265,-3.76107
1486910796,-38.65266,-3.76126
1486910801,-38.65266,-3.76149
1486910805,-38.65264,-3.76171
1486910809,-38.65263,-3.76202
1486910811,-38.65262,-3.7623
1486910815,-38.65262,-3.76257
1486910817,-38.65263,-3.76284
1486910821,-38.65266,-3.76309
1486910824,-38.65268,-3.76334
1486910827,-38.65272,-3.76367
1486910830,-38.65272,-3.76391
1486910835,-38.65271,-3.76426
1486910839,-38.65272,-3.76452
1486910849,-38.65271,-3.76458
1486910859,-38.65271,-3.76458
1486910870,-38.65271,-3.76458
1486910880,-38.65271,-3.76458
1486910893,-38.65271,-3.76458
1486910904,-38.65271,-3.76458
1486910915,-38.65271,-3.76458
1486910926,-38.65271,-3.76458
1486910942,-38.65289,-3.76502
1486910946,-38.65281,-3.76531
1486910950,-38.65274,-3.76553
1486910952,-38.65273,-3.76572
1486910954,-38.65273,-3.7659
1486910961,-38.65272,-3.76656
1486910962,-38.65271,-3.76679
1486910967,-38.65271,-3.76731
1486910971,-38.65271,-3.7676
1486910974,-38.65271,-3.76782
1486910977,-38.65272,-3.76806
1486910982,-38.65273,-3.76829
1486910990,-38.6527,-3.7685
1486910998,-38.65272,-3.76875
1486911002,-38.65271,-3.76895
1486911005,-38.65262,-3.76913
1486911008,-38.65245,-3.76945
1486911011,-38.65237,-3.76963
1486911014,-38.65227,-3.76985
1486911016,-38.65218,-3.77005
1486911019,-38.65209,-3.77024
1486911032,-38.65224,-3.77127
1486911039,-38.65242,-3.77193
1486911042,-38.65248,-3.77212
1486911044,-38.65254,-3.77231
1486911046,-38.6526,-3.77252
1486911048,-38.65267,-3.77279
1486911051,-38.65265,-3.77305
1486911055,-38.65268,-3.77329
1486911062,-38.65288,-3.77388
1486911066,-38.65298,-3.7741
1486911069,-38.65307,-3.77433
1486911071,-38.65316,-3.77456
1486911075,-38.65325,-3.77478
1486911077,-38.65332,-3.77499
1486911080,-38.6534,-3.7752
1486911091,-38.65363,-3.77591
1486911093,-38.65369,-3.77611
1486911097,-38.65375,-3.7763
1486911099,-38.65382,-3.77652
1486911106,-38.65395,-3.77694
1486911110,-38.65404,-3.77726
1486911113,-38.65414,-3.77751
1486911117,-38.65424,-3.77778
1486911134,-38.65455,-3.77904
1486911136,-38.65462,-3.77925
1486911141,-38.65471,-3.77955
1486911143,-38.65478,-3.77979
1486911147,-38.65485,-3.78002
1486911150,-38.65494,-3.78032
1486911157,-38.65513,-3.78085
1486911161,-38.65521,-3.78109
1486911170,-38.65543,-3.78155
1486911173,-38.65553,-3.78177
1486911178,-38.65562,-3.78203
1486911181,-38.65572,-3.78228
1486911185,-38.65582,-3.78256
1486911189,-38.65596,-3.78287
1486911196,-38.65609,-3.78315
1486911201,-38.65618,-3.78332
1486911206,-38.65629,-3.78347
1486911216,-38.6563,-3.78349
1486911234,-38.65632,-3.78368
1486911239,-38.65631,-3.78387
1486911246,-38.65624,-3.78408
1486911253,-38.65615,-3.78424
1486911255,-38.65605,-3.7844
1486911264,-38.6556,-3.78521
1486911267,-38.65547,-3.78543
1486911269,-38.65533,-3.78565
1486911271,-38.65508,-3.78601
1486911274,-38.65486,-3.78643
1486911276,-38.65472,-3.78671
1486911279,-38.65457,-3.78699
1486911280,-38.65442,-3.78727
1486911286,-38.65381,-3.78814
1486911289,-38.65358,-3.78842
1486911295,-38.65286,-3.78928
1486911298,-38.65238,-3.78986
1486911302,-38.65189,-3.79041
1486911303,-38.65177,-3.79055
1486911306,-38.65155,-3.79082
1486911309,-38.6512,-3.79124
1486911310,-38.65097,-3.79153
1486911314,-38.65048,-3.79208
1486911318,-38.6501,-3.79246
1486911321,-38.6496,-3.79299
1486911323,-38.64934,-3.79327
1486911330,-38.64859,-3.79421
1486911335,-38.64819,-3.79472
1486911340,-38.64759,-3.79548
1486911344,-38.64729,-3.79583
1486911346,-38.647,-3.79619
1486911351,-38.64662,-3.79666
1486911352,-38.64644,-3.79688
1486911354,-38.64626,-3.79711
1486911358,-38.64601,-3.79741
1486911359,-38.64585,-3.79759
1486911361,-38.64569,-3.79774
1486911374,-38.64474,-3.79856
1486911375,-38.64459,-3.79874
1486911377,-38.64443,-3.79893
1486911389,-38.64355,-3.79999
1486911391,-38.64338,-3.80019
1486911395,-38.64294,-3.80072
1486911398,-38.64275,-3.80093
1486911400,-38.64247,-3.80127
1486911404,-38.64211,-3.80175
1486911406,-38.64193,-3.80196
1486911410,-38.64166,-3.80229
1486911413,-38.64129,-3.80275
1486911417,-38.64099,-3.8031
1486911419,-38.6408,-3.80335
1486911421,-38.64051,-3.80373
1486911424,-38.64022,-3.80413
1486911431,-38.63974,-3.80498
1486911433,-38.63958,-3.80527
1486911435,-38.63934,-3.8057
1486911437,-38.63919,-3.80598
1486911440,-38.63895,-3.80642
1486911444,-38.63872,-3.80682
1486911446,-38.63857,-3.8071
1486911448,-38.63833,-3.80751
1486911450,-38.63818,-3.80778
1486911455,-38.63788,-3.80832
1486911458,-38.63766,-3.80871
1486911466,-38.63708,-3.80978
1486911468,-38.63686,-3.81018
1486911470,-38.63672,-3.81044
1486911474,-38.63651,-3.81081
1486911477,-38.63632,-3.81116
1486911478,-38.63619,-3.81139
1486911481,-38.636,-3.81174
1486911484,-38.6358,-3.81206
1486911486,-38.63566,-3.81228
1486911491,-38.63541,-3.81271
1486911493,-38.63523,-3.81302
1486911495,-38.63511,-3.81323
1486911498,-38.63499,-3.81344
1486911500,-38.63487,-3.81366
1486911501,-38.63474,-3.81389
1486911509,-38.63418,-3.81485
1486911511,-38.63405,-3.81508
1486911519,-38.63354,-3.81601
1486911526,-38.63315,-3.81672
1486911528,-38.63303,-3.81695
1486911530,-38.63284,-3.8173
1486911532,-38.6327,-3.81753
1486911538,-38.63236,-3.8181
1486911539,-38.63221,-3.81834
1486911542,-38.63205,-3.81857
1486911544,-38.63182,-3.81889
1486911546,-38.63167,-3.81911
1486911550,-38.63141,-3.81944
1486911552,-38.63124,-3.81968
1486911569,-38.62953,-3.82186
1486911571,-38.62934,-3.82211
1486911574,-38.62908,-3.82247
1486911577,-38.62891,-3.82273
1486911581,-38.62845,-3.82336
1486911586,-38.62806,-3.82388
1486911591,-38.62759,-3.8245
1486911593,-38.62741,-3.82474
1486911596,-38.62702,-3.8252
1486911600,-38.62674,-3.82548
1486911602,-38.62657,-3.82563
1486911603,-38.6264,-3.8258
1486911606,-38.62614,-3.82605
1486911609,-38.62596,-3.8262
1486911611,-38.62579,-3.82634
1486911612,-38.62559,-3.82651
1486911619,-38.62518,-3.82681
1486911621,-38.62502,-3.82693
1486911625,-38.62488,-3.82714
1486911631,-38.62482,-3.82735
1486911635,-38.62486,-3.82766
1486911644,-38.62453,-3.82807
1486911651,-38.62405,-3.82798
1486911654,-38.62377,-3.82795
1486911659,-38.62336,-3.82821
1486911660,-38.62318,-3.82835
1486911664,-38.62278,-3.82863
1486911667,-38.62257,-3.82877
1486911670,-38.62226,-3.82895
1486911673,-38.62181,-3.8292
1486911676,-38.62157,-3.82932
1486911681,-38.62095,-3.82964
1486911683,-38.62068,-3.82978
1486911685,-38.62027,-3.83
1486911687,-38.62,-3.83014
1486911691,-38.61944,-3.83043
1486911697,-38.61864,-3.83087
1486911702,-38.61809,-3.83116
1486911704,-38.61768,-3.83138
1486911708,-38.61724,-3.83161
1486911709,-38.61695,-3.83175
1486911712,-38.61665,-3.83191
1486911715,-38.61606,-3.83222
1486911717,-38.61578,-3.83237
1486911720,-38.61549,-3.83253
1486911722,-38.6152,-3.83269
1486911724,-38.61491,-3.83285
1486911726,-38.61447,-3.83309
1486911733,-38.61346,-3.83361
1486911736,-38.61303,-3.83384
1486911740,-38.61274,-3.834
1486911741,-38.61244,-3.83415
1486911744,-38.61183,-3.83444
1486911748,-38.61124,-3.83469
1486911756,-38.6103,-3.83509
1486911757,-38.61003,-3.83521
1486911767,-38.60866,-3.83578
1486911774,-38.60784,-3.83612
1486911776,-38.6076,-3.83623
1486911777,-38.60737,-3.83633
1486911779,-38.60716,-3.83642
1486911783,-38.60697,-3.83653
1486911788,-38.60693,-3.83672
1486911796,-38.60714,-3.83707
1486911800,-38.60732,-3.83737
1486911803,-38.60742,-3.83754
1486911805,-38.60752,-3.83772
1486911807,-38.60767,-3.83797
1486911810,-38.60776,-3.83815
1486911814,-38.6079,-3.83843
1486911818,-38.60802,-3.83865
1486911829,-38.6085,-3.83958
1486911831,-38.60859,-3.83976
1486911834,-38.60879,-3.84011
1486911838,-38.60893,-3.84037
1486911851,-38.60939,-3.84126
1486911853,-38.60953,-3.84152
1486911855,-38.60962,-3.84169
1486911858,-38.60972,-3.84186
1486911860,-38.60982,-3.84204
1486911868,-38.60998,-3.84239
1486911873,-38.61007,-3.8426
1486911879,-38.61026,-3.84298
1486911881,-38.61038,-3.84322
1486911883,-38.61046,-3.8434
1486911887,-38.61059,-3.84368
1486911892,-38.61079,-3.84415
1486911895,-38.61093,-3.84446
1486911899,-38.61106,-3.84471
1486911904,-38.6112,-3.84497
1486911907,-38.61131,-3.84517
1486911913,-38.61125,-3.84537
1486911917,-38.61104,-3.84546
1486911931,-38.61009,-3.84601
1486911934,-38.60971,-3.84622
1486911936,-38.60952,-3.84632
1486911939,-38.60933,-3.84642
1486911944,-38.60897,-3.84663
1486911951,-38.60911,-3.84689
1486911954,-38.60922,-3.84708
1486911959,-38.60936,-3.84736
1486911960,-38.60945,-3.84751
1486911963,-38.60957,-3.84776
1486911966,-38.6097,-3.84799
1486911971,-38.60972,-3.84836
1486911974,-38.60968,-3.84875
1486911977,-38.6097,-3.849
1486911980,-38.60981,-3.84919
1486911987,-38.6101,-3.84975
1486911995,-38.61033,-3.85027
1486912003,-38.61056,-3.85068
1486912007,-38.61064,-3.85087
1486912010,-38.61072,-3.85106
1486912014,-38.61088,-3.85137
1486912017,-38.61101,-3.8516
1486912022,-38.61111,-3.85178
1486912027,-38.61124,-3.85199
1486912033,-38.61127,-3.8522
1486912037,-38.61107,-3.85238
1486912041,-38.6108,-3.85263
1486912045,-38.61066,-3.85283
1486912047,-38.61058,-3.85301
1486912048,-38.61053,-3.8532
1486912056,-38.61091,-3.85389
1486912059,-38.61103,-3.85407
