1487267439,-47.8951,-15.84546
1487267441,-47.89467,-15.84532
1487267443,-47.8946,-15.8453
1487267446,-47.89446,-15.84526
1487267451,-47.89414,-15.84515
1487267452,-47.89394,-15.84508
1487267454,-47.89373,-15.84501
1487267458,-47.89327,-15.84485
1487267461,-47.89293,-15.84473
1487267463,-47.89271,-15.84465
1487267466,-47.89248,-15.84457
1487267467,-47.89223,-15.8445
1487267473,-47.89174,-15.84433
1487267475,-47.89149,-15.84427
1487267479,-47.89126,-15.84422
1487267483,-47.89109,-15.84437
1487267486,-47.891,-15.84461
1487267494,-47.89077,-15.84513
1487267504,-47.89073,-15.84526
1487267514,-47.89072,-15.84528
1487267523,-47.89063,-15.84553
1487267530,-47.89049,-15.84596
1487267534,-47.89041,-15.84614
1487267537,-47.89036,-15.84636
1487267547,-47.89031,-15.8465
1487267568,-47.8903,-15.84649
1487267579,-47.89041,-15.84648
1487267581,-47.8901,-15.84704
1487267583,-47.89002,-15.84727
1487267593,-47.89016,-15.84764
1487267595,-47.89042,-15.84773
1487267598,-47.89073,-15.84783
1487267601,-47.89094,-15.84791
1487267602,-47.89117,-15.848
1487267605,-47.89149,-15.8481
1487267609,-47.89191,-15.84824
1487267612,-47.89219,-15.84833
1487267615,-47.89239,-15.84839
1487267621,-47.8924,-15.8482
1487267624,-47.89244,-15.84799
1487267627,-47.89253,-15.84773
1487267630,-47.89264,-15.84748
1487267634,-47.89276,-15.84714
1487267637,-47.89286,-15.84693
1487267641,-47.89307,-15.84687
1487267647,-47.89337,-15.84695
1487267655,-47.89356,-15.84686
1487267660,-47.89362,-15.84667
1487267667,-47.89368,-15.84646
1487267674,-47.89376,-15.84627
1487267693,-47.89403,-15.84602
1487267703,-47.89406,-15.84598
1487267714,-47.89406,-15.84596
1487267731,-47.89411,-15.84599
1487267742,-47.89411,-15.84599
1487267753,-47.89408,-15.84597
1487267774,-47.894,-15.84597
1487267784,-47.89402,-15.84596
1487267794,-47.89404,-15.84597
1487267801,-47.89458,-15.846
1487267802,-47.89405,-15.84598
1487267812,-47.89405,-15.84598
1487267823,-47.89405,-15.84598
1487267833,-47.89405,-15.84598
1487267844,-47.89405,-15.84598
1487267854,-47.89405,-15.84598
1487267865,-47.89405,-15.84599
1487267875,-47.89406,-15.84599
1487267884,-47.89416,-15.84579
1487267888,-47.8942,-15.84561
1487267899,-47.89424,-15.84551
1487267909,-47.89423,-15.84548
1487267919,-47.89424,-15.84546
1487267930,-47.89425,-15.84537
1487267935,-47.89416,-15.84518
1487267937,-47.89393,-15.84507
1487267939,-47.89375,-15.84501
1487267948,-47.89264,-15.84464
1487267952,-47.89208,-15.84447
1487267954,-47.89182,-15.84439
1487267956,-47.89156,-15.8443
1487267958,-47.89136,-15.84425
1487267963,-47.89112,-15.84424
1487267971,-47.89101,-15.84447
1487267977,-47.89094,-15.84468
1487267981,-47.89088,-15.84485
1487267983,-47.89419,-15.8454
1487267985,-47.8908,-15.84507
1487267989,-47.89071,-15.84534
1487267993,-47.89063,-15.84555
1487267996,-47.89054,-15.84571
1487268000,-47.89047,-15.84596
1487268006,-47.89039,-15.8462
1487268022,-47.8903,-15.84653
1487268033,-47.8903,-15.84653
1487268044,-47.89056,-15.84629
1487268046,-47.89022,-15.84673
1487268054,-47.89,-15.84731
1487268058,-47.88988,-15.84751
1487268062,-47.88962,-15.84751
1487268065,-47.88936,-15.84742
1487268071,-47.8888,-15.84723
1487268072,-47.88855,-15.84715
1487268075,-47.88818,-15.84704
1487268078,-47.88791,-15.84694
1487268088,-47.88753,-15.84684
1487268093,-47.88726,-15.84682
1487268097,-47.88695,-15.84701
1487268098,-47.8868,-15.84715
1487268104,-47.88624,-15.84762
1487268110,-47.8856,-15.84812
1487268112,-47.8854,-15.84831
1487268117,-47.88494,-15.84865
1487268118,-47.88469,-15.84882
1487268122,-47.88426,-15.84918
1487268124,-47.88404,-15.84935
1487268128,-47.88359,-15.84968
1487268131,-47.88337,-15.84984
1487268132,-47.88314,-15.85003
1487268134,-47.88291,-15.85021
1487268136,-47.88268,-15.8504
1487268141,-47.88212,-15.85084
1487268143,-47.88187,-15.85102
1487268147,-47.88149,-15.85131
1487268148,-47.88123,-15.85152
1487268150,-47.88097,-15.85174
1487268155,-47.88029,-15.85226
1487268161,-47.87972,-15.85271
1487268162,-47.8795,-15.85288
1487268164,-47.87926,-15.85307
1487268168,-47.87876,-15.85347
1487268172,-47.8784,-15.85375
1487268173,-47.87818,-15.85394
1487268175,-47.87794,-15.85413
1487268178,-47.87771,-15.85432
1487268183,-47.87704,-15.8548
1487268188,-47.87671,-15.85502
1487268191,-47.87655,-15.85517
1487268193,-47.87647,-15.85537
1487268198,-47.87623,-15.85603
1487268203,-47.87593,-15.85665
1487268204,-47.87571,-15.85697
1487268205,-47.87559,-15.85712
1487268208,-47.87536,-15.85744
1487268210,-47.87496,-15.85786
1487268213,-47.87468,-15.85812
1487268214,-47.87453,-15.85825
1487268218,-47.8739,-15.85868
1487268219,-47.87357,-15.85887
1487268222,-47.87304,-15.8591
1487268226,-47.87256,-15.85925
1487268227,-47.87231,-15.85931
1487268230,-47.8721,-15.85936
1487268233,-47.87187,-15.85941
1487268243,-47.87183,-15.85942
1487268254,-47.87173,-15.85943
1487268259,-47.8715,-15.85948
1487268264,-47.87119,-15.85952
1487268266,-47.871,-15.85953
1487268267,-47.87078,-15.85952
1487268272,-47.87013,-15.85951
1487268274,-47.86985,-15.8595
1487268277,-47.86958,-15.85948
1487268278,-47.86932,-15.85945
1487268280,-47.86908,-15.85942
1487268283,-47.86884,-15.85938
1487268284,-47.86862,-15.85934
1487268294,-47.868,-15.8592
1487268297,-47.86781,-15.85916
1487268301,-47.86757,-15.85909
1487268313,-47.86633,-15.85872
1487268315,-47.86609,-15.85864
1487268318,-47.86573,-15.85849
1487268320,-47.86548,-15.8584
1487268323,-47.86507,-15.85824
1487268326,-47.8648,-15.85812
1487268329,-47.86441,-15.85797
1487268333,-47.86385,-15.85777
1487268334,-47.86355,-15.85765
1487268336,-47.86326,-15.85753
1487268339,-47.86279,-15.85734
1487268341,-47.86247,-15.85722
1487268344,-47.86214,-15.85709
1487268353,-47.86068,-15.85653
1487268357,-47.85989,-15.85623
1487268362,-47.85934,-15.85597
1487268363,-47.85909,-15.85582
1487268367,-47.8587,-15.85556
1487268371,-47.85806,-15.85507
1487268374,-47.85782,-15.85484
1487268375,-47.8576,-15.8546
1487268381,-47.857,-15.85378
1487268384,-47.85684,-15.85349
1487268392,-47.85641,-15.85226
1487268394,-47.85631,-15.85176
1487268396,-47.85623,-15.85142
1487268398,-47.85615,-15.85109
1487268401,-47.85602,-15.85058
1487268406,-47.85587,-15.84992
1487268407,-47.85581,-15.84959
1487268414,-47.85558,-15.84848
1487268416,-47.85551,-15.84818
1487268419,-47.85545,-15.84788
1487268421,-47.85534,-15.84743
1487268424,-47.8552,-15.84699
1487268428,-47.85496,-15.84645
1487268431,-47.85474,-15.84608
1487268437,-47.85419,-15.84538
1487268443,-47.85364,-15.84485
1487268444,-47.85341,-15.84465
1487268446,-47.85316,-15.8445
1487268451,-47.85248,-15.84408
1487268454,-47.85216,-15.84393
1487268457,-47.85173,-15.84377
1487268458,-47.85144,-15.84369
1487268463,-47.85086,-15.84356
1487268466,-47.85234,-15.84469
1487268469,-47.85051,-15.84374
1487268470,-47.85045,-15.84395
1487268472,-47.85041,-15.84418
1487268476,-47.8503,-15.8447
1487268482,-47.85012,-15.8456
1487268484,-47.85004,-15.84593
1487268489,-47.84992,-15.84659
1487268490,-47.84988,-15.84692
1487268495,-47.84977,-15.84758
1487268498,-47.84965,-15.84823
1487268501,-47.84959,-15.84855
1487268502,-47.84952,-15.84887
1487268504,-47.84947,-15.84916
1487268512,-47.84906,-15.85027
1487268515,-47.84879,-15.85066
1487268518,-47.8486,-15.85092
1487268521,-47.84815,-15.85137
1487268524,-47.84788,-15.85152
1487268526,-47.85033,-15.84641
1487268527,-47.84726,-15.85171
1487268530,-47.84696,-15.85183
1487268534,-47.84622,-15.85219
1487268538,-47.84563,-15.85246
1487268540,-47.84532,-15.85259
1487268543,-47.84488,-15.85282
1487268546,-47.84457,-15.85295
1487268551,-47.84373,-15.85334
1487268554,-47.84344,-15.85346
1487268556,-47.84305,-15.85364
1487268559,-47.84264,-15.85384
1487268562,-47.84218,-15.85404
1487268565,-47.84174,-15.85426
1487268568,-47.84141,-15.85441
1487268569,-47.84107,-15.85455
1487268574,-47.84041,-15.85486
1487268579,-47.83954,-15.85528
1487268582,-47.83883,-15.85561
1487268584,-47.83867,-15.8557
1487268586,-47.83833,-15.85588
1487268588,-47.83799,-15.85604
1487268589,-47.83763,-15.85619
1487268590,-47.83744,-15.85629
1487268594,-47.83673,-15.85662
1487268596,-47.83637,-15.85679
1487268597,-47.83619,-15.85687
1487268601,-47.83552,-15.85717
1487268604,-47.83504,-15.85739
1487268607,-47.83476,-15.85751
1487268610,-47.8343,-15.85774
1487268613,-47.83407,-15.8579
1487268617,-47.83385,-15.85809
1487268621,-47.83337,-15.85837
1487268631,-47.83205,-15.85876
1487268634,-47.83177,-15.8589
1487268639,-47.83102,-15.85926
1487268640,-47.83069,-15.85941
1487268642,-47.83037,-15.85955
1487268646,-47.82986,-15.85978
1487268647,-47.82952,-15.85993
1487268648,-47.82935,-15.86002
1487268651,-47.82883,-15.86027
1487268653,-47.82846,-15.86044
1487268657,-47.82793,-15.86068
1487268658,-47.82757,-15.86085
1487268668,-47.8325,-15.85741
1487268669,-47.82558,-15.86176
1487268672,-47.82522,-15.86193
1487268674,-47.82466,-15.86217
1487268677,-47.82431,-15.86235
1487268678,-47.82413,-15.86243
1487268679,-47.82378,-15.8626
1487268680,-47.82361,-15.86268
1487268683,-47.82326,-15.86284
1487268684,-47.82293,-15.863
1487268686,-47.82259,-15.86316
1487268689,-47.82225,-15.86331
1487268690,-47.8219,-15.86347
1487268693,-47.82142,-15.86372
1487268698,-47.82095,-15.86406
1487268706,-47.82094,-15.86518
1487268710,-47.82104,-15.86559
1487268711,-47.82111,-15.86587
1487268718,-47.82141,-15.86686
1487268720,-47.82148,-15.86712
1487268724,-47.82165,-15.86766
1487268726,-47.82173,-15.86792
1487268729,-47.8218,-15.86817
1487268730,-47.82188,-15.86843
1487268735,-47.82208,-15.86905
1487268737,-47.82216,-15.86932
1487268739,-47.82225,-15.86959
1487268742,-47.82236,-15.87001
1487268745,-47.82245,-15.87029
1487268752,-47.82275,-15.87155
1487268758,-47.82294,-15.87251
1487268762,-47.82301,-15.87296
1487268763,-47.82306,-15.87325
1487268765,-47.82309,-15.87354
1487268768,-47.82209,-15.87075
1487268771,-47.8232,-15.87451
1487268774,-47.82322,-15.87484
1487268775,-47.82325,-15.87516
1487268778,-47.82327,-15.8755
1487268779,-47.82329,-15.87584
1487268784,-47.82332,-15.87672
1487268790,-47.82331,-15.87768
1487268791,-47.8233,-15.87808
1487268799,-47.82319,-15.87953
1487268802,-47.82316,-15.87987
1487268803,-47.82312,-15.8802
1487268806,-47.82305,-15.88065
1487268809,-47.82301,-15.88092
1487268810,-47.82296,-15.8812
1487268813,-47.8229,-15.88161
1487268817,-47.8228,-15.88206
1487268820,-47.82269,-15.88271
1487268822,-47.8226,-15.88304
1487268826,-47.8225,-15.88351
1487268833,-47.82235,-15.88465
1487268835,-47.82235,-15.88491
1487268838,-47.82235,-15.88528
1487268842,-47.82221,-15.88571
1487268844,-47.82204,-15.88584
1487268848,-47.82163,-15.88577
1487268851,-47.82144,-15.88551
1487268853,-47.82131,-15.88532
1487268856,-47.82097,-15.88516
1487268860,-47.82046,-15.88505
1487268864,-47.82001,-15.88495
1487268866,-47.81955,-15.88488
1487268871,-47.81876,-15.88481
1487268873,-47.81844,-15.88481
1487268878,-47.81782,-15.88485
1487268882,-47.81704,-15.88494
1487268885,-47.81657,-15.88502
1487268894,-47.81539,-15.88535
1487268896,-47.81509,-15.88545
1487268898,-47.81466,-15.88557
1487268902,-47.81412,-15.88575
1487268905,-47.8137,-15.88588
1487268910,-47.81302,-15.88608
1487268913,-47.81261,-15.8862
1487268916,-47.81235,-15.88629
1487268917,-47.81208,-15.88637
1487268923,-47.8113,-15.88661
1487268928,-47.81069,-15.88681
1487268930,-47.81044,-15.88688
1487268933,-47.81018,-15.88697
1487268934,-47.8099,-15.88705
1487268938,-47.80948,-15.88716
1487268939,-47.8092,-15.88723
1487268944,-47.80855,-15.88744
1487268947,-47.80828,-15.88754
1487268948,-47.80803,-15.88767
1487268951,-47.80779,-15.88778
1487268952,-47.8076,-15.88786
1487268955,-47.80739,-15.88796
1487268964,-47.80682,-15.88816
1487268967,-47.80648,-15.88825
1487268969,-47.80625,-15.88834
1487268971,-47.80602,-15.88842
1487268976,-47.80557,-15.88855
1487268980,-47.80536,-15.88861
1487268986,-47.80477,-15.88878
1487268993,-47.80389,-15.88907
1487268996,-47.80362,-15.88914
1487268998,-47.80335,-15.88919
1487268999,-47.80308,-15.88924
1487269001,-47.80282,-15.88929
1487269004,-47.80254,-15.88934
1487269005,-47.80226,-15.8894
1487269007,-47.80197,-15.88946
1487269010,-47.80173,-15.88953
1487269015,-47.80118,-15.88971
1487269021,-47.80056,-15.88989
1487269023,-47.80034,-15.88994
1487269026,-47.80001,-15.89004
1487269028,-47.7998,-15.8901
1487269031,-47.79946,-15.89019
1487269036,-47.79883,-15.8904
1487269038,-47.79857,-15.89048
1487269040,-47.7983,-15.89057
1487269046,-47.79749,-15.89084
1487269049,-47.79705,-15.89098
1487269052,-47.79661,-15.89112
1487269055,-47.79632,-15.8912
1487269057,-47.79592,-15.89136
1487269064,-47.79492,-15.89184
1487269066,-47.79464,-15.892
1487269069,-47.79437,-15.89218
1487269073,-47.79372,-15.89255
1487269079,-47.793,-15.89298
1487269081,-47.79274,-15.89313
1487269085,-47.79238,-15.89338
1487269088,-47.79198,-15.89376
1487269091,-47.79182,-15.89398
1487269092,-47.79169,-15.89419
1487269094,-47.7916,-15.89443
1487269098,-47.79152,-15.89479
1487269099,-47.7915,-15.89504
1487269106,-47.79135,-15.89596
1487269113,-47.79108,-15.89664
1487269115,-47.79068,-15.89703
1487269118,-47.79035,-15.89721
1487269120,-47.7901,-15.89728
1487269124,-47.78974,-15.89736
1487269125,-47.78952,-15.8974
1487269127,-47.78929,-15.89743
1487269130,-47.78904,-15.89744
1487269133,-47.7885,-15.89746
1487269135,-47.78824,-15.89744
1487269138,-47.78797,-15.89742
1487269139,-47.78773,-15.8974
1487269147,-47.78724,-15.89736
1487269150,-47.78683,-15.89733
1487269153,-47.78657,-15.89731
1487269154,-47.78627,-15.89727
1487269158,-47.78578,-15.89722
1487269161,-47.78554,-15.8972
1487269168,-47.78454,-15.89725
1487269169,-47.78424,-15.89732
1487269171,-47.78393,-15.89743
1487269174,-47.78364,-15.89756
1487269175,-47.78338,-15.89771
1487269179,-47.78302,-15.89793
1487269194,-47.78233,-15.89833
1487269196,-47.78218,-15.89846
1487269201,-47.78202,-15.89865
1487269204,-47.78169,-15.89885
1487269206,-47.78151,-15.899
1487269209,-47.78129,-15.89917
1487269211,-47.78096,-15.89941
1487269213,-47.78073,-15.89956
1487269216,-47.78053,-15.89971
1487269217,-47.78035,-15.89982
1487269219,-47.78019,-15.89993
1487269227,-47.7797,-15.9003
1487269231,-47.77948,-15.90046
1487269236,-47.77928,-15.90066
1487269238,-47.77908,-15.90078
1487269246,-47.77873,-15.90103
1487269248,-47.77853,-15.9012
1487269253,-47.77811,-15.90157
1487269255,-47.77792,-15.9017
1487269258,-47.77766,-15.9019
1487269261,-47.77743,-15.90205
1487269268,-47.7771,-15.9023
1487269273,-47.7806,-15.90026
1487269274,-47.77677,-15.9025
1487269284,-47.77613,-15.90297
1487269286,-47.77599,-15.90309
1487269294,-47.77584,-15.90324
1487269298,-47.77568,-15.90334
1487269301,-47.77539,-15.90353
1487269305,-47.77516,-15.90369
1487269306,-47.775,-15.9038
1487269308,-47.77486,-15.90392
1487269311,-47.77471,-15.90403
1487269312,-47.77454,-15.90413
1487269314,-47.77438,-15.90425
1487269317,-47.77422,-15.90437
1487269318,-47.77407,-15.90449
1487269321,-47.77385,-15.90466
1487269325,-47.77366,-15.9048
1487269331,-47.77346,-15.90495
1487269341,-47.77329,-15.90513
1487269345,-47.77309,-15.90525
1487269355,-47.77262,-15.90558
1487269365,-47.77226,-15.90584
1487269369,-47.77206,-15.90597
1487269371,-47.7719,-15.9061
1487269377,-47.77157,-15.90634
1487269380,-47.77138,-15.90649
1487269384,-47.77117,-15.90665
1487269391,-47.77063,-15.90703
1487269395,-47.77047,-15.90716
1487269406,-47.76989,-15.90759
1487269411,-47.76938,-15.90796
1487269414,-47.76889,-15.90829
1487269416,-47.76864,-15.90848
1487269419,-47.7683,-15.90876
1487269421,-47.76807,-15.90894
1487269423,-47.76784,-15.90912
1487269431,-47.76734,-15.90956
1487269436,-47.76713,-15.90974
1487269439,-47.76684,-15.90993
1487269443,-47.76659,-15.91008
1487269444,-47.76642,-15.91019
1487269446,-47.76624,-15.91031
1487269448,-47.76605,-15.91044
1487269455,-47.76543,-15.91086
1487269456,-47.76524,-15.91101
1487269460,-47.76501,-15.91119
1487269464,-47.76481,-15.91133
1487269468,-47.76464,-15.91145
1487269471,-47.76436,-15.91166
1487269473,-47.76419,-15.91177
1487269478,-47.76374,-15.91211
1487269485,-47.7631,-15.9126
1487269488,-47.76284,-15.9128
1487269491,-47.76269,-15.91292
1487269494,-47.76247,-15.91307
1487269499,-47.76224,-15.91323
1487269503,-47.76204,-15.91338
1487269505,-47.76181,-15.91355
1487269508,-47.76164,-15.91368
1487269509,-47.76146,-15.91381
1487269511,-47.76128,-15.91394
1487269514,-47.7611,-15.91408
1487269515,-47.76093,-15.91421
1487269521,-47.76064,-15.9145
1487269535,-47.76022,-15.91441
1487269542,-47.76011,-15.91425
1487269544,-47.76006,-15.91405
1487269549,-47.76,-15.91385
1487269552,-47.75995,-15.91367
1487269555,-47.75986,-15.91349
1487269559,-47.75968,-15.91341
1487269563,-47.75945,-15.91339
1487269571,-47.75891,-15.9133
1487269576,-47.7587,-15.91332
1487269582,-47.75855,-15.91344
1487269588,-47.75835,-15.91333
1487269600,-47.75802,-15.91284
1487269603,-47.75781,-15.91269
1487269607,-47.75761,-15.91265
1487269611,-47.75739,-15.91268
1487269616,-47.75714,-15.91268
1487269626,-47.75677,-15.91249
1487269635,-47.75643,-15.91226
1487269639,-47.75625,-15.91213
1487269643,-47.75603,-15.912
1487269648,-47.75587,-15.91188
1487269658,-47.75533,-15.91145
1487269661,-47.75515,-15.91128
1487269665,-47.75498,-15.91111
1487269668,-47.75479,-15.91084
1487269678,-47.7545,-15.91053
1487269689,-47.75437,-15.91052
1487269701,-47.7543,-15.91051
1487269712,-47.75429,-15.91054
1487269753,-47.75437,-15.91054
1487269754,-47.75437,-15.91053
1487269755,-47.75437,-15.91053
1487269796,-47.7544,-15.91053
1487269797,-47.7544,-15.91053
1487269823,-47.7544,-15.91058
1487269824,-47.7544,-15.91058
1487269846,-47.75441,-15.91059
1487269847,-47.75441,-15.91059
1487269883,-47.75438,-15.91058
1487269884,-47.75438,-15.91057
1487269925,-47.75435,-15.91053
1487269926,-47.75435,-15.91054
1487269982,-47.75436,-15.91054
1487270052,-47.75433,-15.91049
1487270060,-47.75454,-15.91053
1487270071,-47.75461,-15.91054
1487270076,-47.75439,-15.91046
1487270077,-47.75468,-15.91061
1487270085,-47.75489,-15.91105
1487270093,-47.75537,-15.91148
1487270096,-47.75561,-15.91169
1487270108,-47.75617,-15.91209
1487270113,-47.75635,-15.9122
1487270127,-47.75672,-15.91245
1487270132,-47.75687,-15.91259
1487270142,-47.75737,-15.91268
1487270146,-47.75757,-15.91265
1487270151,-47.75779,-15.91264
1487270154,-47.758,-15.91278
1487270156,-47.75694,-15.91261
1487270158,-47.75812,-15.91289
1487270165,-47.75828,-15.91304
1487270172,-47.75843,-15.91318
1487270177,-47.7587,-15.91329
1487270180,-47.75896,-15.91332
1487270182,-47.75917,-15.91333
1487270190,-47.7597,-15.91338
1487270194,-47.7599,-15.9135
1487270200,-47.76003,-15.91381
1487270204,-47.76007,-15.91401
1487270209,-47.76012,-15.91425
1487270215,-47.76025,-15.91439
1487270220,-47.76045,-15.91447
1487270228,-47.76067,-15.91435
1487270233,-47.76077,-15.91418
1487270239,-47.76096,-15.91398
1487270245,-47.76118,-15.9138
1487270247,-47.76135,-15.91366
1487270253,-47.76172,-15.91332
1487270263,-47.76207,-15.913
1487270268,-47.76238,-15.91275
1487270285,-47.76313,-15.91217
1487270286,-47.7633,-15.91205
1487270290,-47.76356,-15.91185
1487270294,-47.76384,-15.91168
1487270298,-47.764,-15.91154
1487270301,-47.76428,-15.91134
1487270304,-47.76447,-15.91118
1487270308,-47.76466,-15.91107
1487270313,-47.76488,-15.91099
1487270318,-47.76505,-15.91089
1487270328,-47.76506,-15.91087
1487270341,-47.7651,-15.91088
1487270351,-47.76509,-15.91088
1487270362,-47.76507,-15.91085
1487270374,-47.76509,-15.91086
1487270376,-47.76472,-15.91089
1487270378,-47.76509,-15.91086
1487270388,-47.76509,-15.91087
1487270399,-47.76509,-15.91087
1487270410,-47.76508,-15.91086
1487270422,-47.76507,-15.91085
1487270433,-47.76507,-15.91085
1487270445,-47.76507,-15.91085
1487270455,-47.76507,-15.91085
1487270466,-47.76507,-15.91085
1487270477,-47.76507,-15.91085
1487270498,-47.76504,-15.91082
1487270508,-47.76504,-15.9108
1487270518,-47.76503,-15.91079
1487270530,-47.76503,-15.91081
1487270541,-47.76503,-15.9108
1487270551,-47.76506,-15.91081
1487270563,-47.76505,-15.91081
1487270573,-47.76507,-15.91083
1487270583,-47.76508,-15.91087
1487270595,-47.76511,-15.91085
1487270605,-47.76514,-15.91087
1487270616,-47.76517,-15.91088
1487270626,-47.76516,-15.91088
1487270638,-47.76514,-15.91085
1487270648,-47.76516,-15.91086
1487270660,-47.76495,-15.91087
1487270662,-47.76517,-15.91085
1487270672,-47.76514,-15.91087
1487270683,-47.76495,-15.91079
1487270685,-47.76516,-15.91089
1487270695,-47.76512,-15.91085
1487270706,-47.7651,-15.91085
1487270719,-47.76512,-15.91084
1487270731,-47.76514,-15.91085
1487270742,-47.76516,-15.9109
1487270752,-47.76508,-15.91089
1487270764,-47.76504,-15.91086
1487270774,-47.76495,-15.9108
1487270786,-47.76493,-15.91079
1487270796,-47.76504,-15.91083
1487270807,-47.76508,-15.91086
1487270818,-47.76504,-15.91084
1487270833,-47.76505,-15.91082
1487270844,-47.76507,-15.91084
1487270855,-47.76508,-15.91086
1487270866,-47.76509,-15.91088
1487270899,-47.76509,-15.91083
1487270909,-47.76509,-15.91084
1487270935,-47.7651,-15.91083
1487270946,-47.7651,-15.91084
1487270958,-47.7651,-15.91084
1487270970,-47.76495,-15.91079
1487270981,-47.7651,-15.91084
1487271002,-47.7651,-15.91084
1487271013,-47.7651,-15.91084
1487271023,-47.7651,-15.91084
1487271035,-47.7651,-15.91084
1487271046,-47.7651,-15.91084
1487271056,-47.7651,-15.91084
1487271067,-47.7651,-15.91084
1487271078,-47.7651,-15.91084
1487271089,-47.7651,-15.91084
1487271123,-47.7651,-15.91084
1487271134,-47.7651,-15.91084
1487271144,-47.7651,-15.91084
1487271155,-47.7651,-15.91084
1487271166,-47.7651,-15.91084
1487271177,-47.7651,-15.91084
1487271188,-47.7651,-15.91084
1487271200,-47.7651,-15.91084
1487271211,-47.7651,-15.91084
1487271221,-47.7651,-15.91084
1487271232,-47.7651,-15.91084
1487271244,-47.7651,-15.91084
1487271255,-47.7651,-15.91084
1487271265,-47.7651,-15.91084
1487271275,-47.7651,-15.91084
1487271286,-47.7651,-15.91084
1487271313,-47.7651,-15.91084
1487271327,-47.7651,-15.91084
1487271351,-47.7651,-15.91084
1487271362,-47.7651,-15.91084
1487271373,-47.7651,-15.91084
1487271383,-47.7651,-15.91084
1487271405,-47.7651,-15.91084
1487271416,-47.7651,-15.91084
1487271428,-47.7651,-15.91084
1487271438,-47.7651,-15.91084
1487271450,-47.7651,-15.91084
1487271474,-47.7651,-15.91084
1487271485,-47.7651,-15.91084
1487271496,-47.7651,-15.91084
1487271506,-47.7651,-15.91084
1487271517,-47.7651,-15.91084
1487271528,-47.7651,-15.91084
1487271538,-47.7651,-15.91084
1487271554,-47.76512,-15.91085
1487271564,-47.76512,-15.91085
1487271581,-47.76547,-15.91069
1487271586,-47.76567,-15.91059
1487271588,-47.76583,-15.91049
1487271592,-47.76601,-15.91038
1487271595,-47.7663,-15.9102
1487271598,-47.76652,-15.91005
1487271602,-47.76668,-15.90992
1487271605,-47.76691,-15.90979
1487271606,-47.76695,-15.90975
1487271607,-47.76695,-15.90975
1487271609,-47.76695,-15.90975
1487271610,-47.76695,-15.90975
1487271611,-47.76695,-15.90975
1487271612,-47.76703,-15.9097
1487271613,-47.76705,-15.9097
1487271614,-47.76708,-15.90967
1487271615,-47.76711,-15.90965
1487271616,-47.76714,-15.90963
1487271617,-47.76714,-15.90963
1487271618,-47.76717,-15.9096
1487271619,-47.76724,-15.90955
1487271620,-47.76724,-15.90955
1487271621,-47.7673,-15.90952
1487271623,-47.76733,-15.90949
1487271624,-47.76733,-15.90949
1487271625,-47.76737,-15.90946
1487271626,-47.76737,-15.90946
1487271627,-47.76741,-15.90943
1487271628,-47.76741,-15.90943
1487271629,-47.76755,-15.90931
1487271630,-47.76755,-15.90931
1487271631,-47.76766,-15.9092
1487271632,-47.76772,-15.90914
1487271633,-47.76772,-15.90914
1487271634,-47.7679,-15.909
1487271636,-47.76798,-15.90893
1487271637,-47.76807,-15.90887
1487271638,-47.76814,-15.90881
1487271639,-47.7683,-15.90868
1487271640,-47.76837,-15.90864
1487271641,-47.76837,-15.90864
1487271642,-47.76851,-15.90853
1487271643,-47.76859,-15.90847
1487271644,-47.76859,-15.90847
1487271645,-47.76874,-15.90835
1487271646,-47.76882,-15.90828
1487271648,-47.76882,-15.90828
1487271649,-47.76899,-15.90816
1487271650,-47.76907,-15.90809
1487271651,-47.76916,-15.90802
1487271652,-47.76932,-15.9079
1487271653,-47.7694,-15.90784
1487271654,-47.7694,-15.90784
1487271655,-47.76958,-15.90772
1487271656,-47.76965,-15.90767
1487271657,-47.76965,-15.90767
1487271658,-47.77019,-15.90751
1487271659,-47.7699,-15.9075
1487271660,-47.7699,-15.9075
1487271661,-47.77004,-15.9074
1487271663,-47.77004,-15.9074
1487271664,-47.77018,-15.90729
1487271665,-47.77018,-15.90729
1487271666,-47.77031,-15.90719
1487271667,-47.77045,-15.90709
1487271668,-47.77053,-15.90704
1487271669,-47.7706,-15.90699
1487271670,-47.7706,-15.90699
1487271671,-47.77071,-15.9069
1487271672,-47.77077,-15.90685
1487271673,-47.77081,-15.90683
1487271674,-47.77081,-15.90683
1487271676,-47.77087,-15.90677
1487271677,-47.77089,-15.90675
1487271678,-47.77089,-15.90675
1487271679,-47.77094,-15.90671
1487271680,-47.77094,-15.90671
1487271681,-47.77099,-15.90668
1487271682,-47.77099,-15.90668
1487271683,-47.77105,-15.90663
1487271684,-47.77105,-15.90663
1487271685,-47.77113,-15.90658
1487271686,-47.77113,-15.90658
1487271687,-47.77122,-15.90652
1487271688,-47.77127,-15.90649
1487271689,-47.77127,-15.90649
1487271690,-47.77137,-15.90642
1487271692,-47.77137,-15.90642
1487271693,-47.77146,-15.90634
1487271694,-47.77146,-15.90634
1487271695,-47.77156,-15.90627
1487271696,-47.77161,-15.90623
1487271697,-47.77171,-15.90616
1487271698,-47.77175,-15.90614
1487271699,-47.77179,-15.90611
1487271700,-47.77179,-15.90611
1487271701,-47.77188,-15.90605
1487271702,-47.77188,-15.90605
1487271703,-47.77198,-15.90597
1487271704,-47.77203,-15.90593
1487271705,-47.77203,-15.90593
1487271707,-47.77213,-15.90586
1487271708,-47.77213,-15.90586
1487271709,-47.77222,-15.90578
1487271710,-47.77233,-15.9057
1487271711,-47.77233,-15.9057
1487271712,-47.77243,-15.90563
1487271713,-47.77248,-15.9056
1487271714,-47.77252,-15.90556
1487271715,-47.77252,-15.90556
1487271716,-47.77261,-15.9055
1487271717,-47.77261,-15.9055
1487271719,-47.77266,-15.90553
1487271720,-47.77271,-15.90542
1487271721,-47.77274,-15.9054
1487271722,-47.77274,-15.9054
1487271723,-47.77278,-15.90535
1487271724,-47.77278,-15.90535
1487271725,-47.7728,-15.90533
1487271726,-47.7728,-15.90533
1487271727,-47.7728,-15.90533
1487271728,-47.77283,-15.90531
1487271729,-47.77285,-15.90529
1487271730,-47.77287,-15.90528
1487271731,-47.77287,-15.90528
1487271732,-47.7729,-15.90527
1487271733,-47.77291,-15.90526
1487271735,-47.77293,-15.90524
1487271736,-47.77293,-15.90524
1487271737,-47.77296,-15.90522
1487271738,-47.77296,-15.90522
1487271739,-47.77299,-15.9052
1487271740,-47.77304,-15.90517
1487271741,-47.77306,-15.90515
1487271742,-47.77306,-15.90515
1487271743,-47.77309,-15.90511
1487271744,-47.77309,-15.90511
1487271745,-47.7731,-15.90506
1487271747,-47.7731,-15.90506
1487271748,-47.77309,-15.905
1487271749,-47.77307,-15.90496
1487271750,-47.77307,-15.90496
1487271751,-47.77298,-15.90488
1487271752,-47.77293,-15.90482
1487271753,-47.77293,-15.90482
1487271754,-47.77288,-15.90475
1487271755,-47.77288,-15.90475
1487271756,-47.77284,-15.90472
1487271757,-47.77284,-15.90472
1487271758,-47.77282,-15.90469
1487271759,-47.77282,-15.90468
1487271760,-47.77282,-15.90468
1487271762,-47.77282,-15.90467
1487271763,-47.77282,-15.90467
1487271764,-47.77281,-15.90466
1487271765,-47.7728,-15.90466
1487271766,-47.77278,-15.90464
1487271767,-47.77271,-15.90458
1487271768,-47.77267,-15.90453
1487271769,-47.77267,-15.90453
1487271770,-47.77257,-15.90442
1487271771,-47.77252,-15.90436
1487271772,-47.77252,-15.90436
1487271773,-47.77242,-15.90424
1487271774,-47.77236,-15.90419
1487271775,-47.77236,-15.90419
1487271777,-47.77225,-15.90409
1487271778,-47.77225,-15.90409
1487271779,-47.77216,-15.90399
1487271780,-47.77212,-15.90394
1487271781,-47.77209,-15.9039
1487271782,-47.772,-15.90381
1487271783,-47.772,-15.90381
1487271784,-47.77193,-15.90374
1487271786,-47.77193,-15.90374
1487271787,-47.77187,-15.90367
1487271788,-47.77187,-15.90367
1487271789,-47.77182,-15.90364
1487271790,-47.77182,-15.90364
1487271791,-47.77178,-15.90361
1487271792,-47.77178,-15.90361
1487271793,-47.77177,-15.9036
1487271794,-47.77177,-15.90359
1487271795,-47.77176,-15.90359
1487271796,-47.77176,-15.90359
1487271797,-47.77176,-15.90359
1487271798,-47.77176,-15.90359
1487271799,-47.77177,-15.90359
1487271800,-47.77177,-15.90359
1487271801,-47.77177,-15.90359
1487271802,-47.77177,-15.90359
1487271803,-47.77177,-15.90359
1487271804,-47.77177,-15.90359
1487271805,-47.77177,-15.90359
1487271806,-47.77177,-15.90359
1487271807,-47.77177,-15.90359
1487271808,-47.77174,-15.90356
1487271810,-47.77174,-15.90356
1487271811,-47.7717,-15.90353
1487271812,-47.77168,-15.90351
1487271813,-47.77165,-15.90349
1487271814,-47.77165,-15.90349
1487271815,-47.77161,-15.90347
1487271816,-47.7716,-15.90346
1487271817,-47.7716,-15.90346
1487271818,-47.77161,-15.90343
1487271820,-47.77161,-15.90343
1487273469,-47.77171,-15.90357
