1490006642,-46.41592,-23.42643
1490006650,-46.41592,-23.42643
1490006672,-46.41592,-23.42643
1490006682,-46.41592,-23.42643
1490006693,-46.41592,-23.42643
1490006704,-46.41589,-23.42642
1490006716,-46.41589,-23.4264
1490006727,-46.41608,-23.42625
1490006749,-46.41608,-23.42626
1490006759,-46.41608,-23.42626
1490006771,-46.41608,-23.42625
1490006786,-46.41608,-23.42625
1490006797,-46.41614,-23.42621
1490006805,-46.41616,-23.42599
1490006821,-46.41606,-23.4256
1490006832,-46.41609,-23.42556
1490006848,-46.41685,-23.42542
1490006850,-46.4171,-23.42542
1490006854,-46.41742,-23.42542
1490006861,-46.41789,-23.42544
1490006864,-46.41816,-23.42544
1490006891,-46.4191,-23.42539
1490006896,-46.41912,-23.4256
1490006900,-46.41913,-23.42579
1490006908,-46.41915,-23.42631
1490006914,-46.41919,-23.42653
1490006919,-46.4192,-23.42675
1490006923,-46.41922,-23.42696
1490006928,-46.41924,-23.42716
1490006931,-46.41924,-23.42738
1490006934,-46.41927,-23.42771
1490006944,-46.41935,-23.42852
1490006949,-46.41938,-23.42885
1490006951,-46.4194,-23.42906
1490006960,-46.41929,-23.42976
1490006963,-46.41919,-23.42993
1490006966,-46.41906,-23.43019
1490006967,-46.41899,-23.43037
1490006984,-46.41832,-23.4311
1490006986,-46.4181,-23.43099
1490006989,-46.41785,-23.43087
1490006996,-46.41741,-23.43076
1490007002,-46.41722,-23.43086
1490007007,-46.41731,-23.43113
1490007009,-46.41749,-23.43123
1490007024,-46.41867,-23.4318
1490007028,-46.419,-23.43195
1490007031,-46.41951,-23.43216
1490007034,-46.41978,-23.43227
1490007036,-46.42014,-23.43244
1490007038,-46.42043,-23.43258
1490007042,-46.42104,-23.43287
1490007046,-46.42151,-23.43309
1490007054,-46.42273,-23.43362
1490007057,-46.42337,-23.43387
1490007060,-46.42385,-23.43403
1490007063,-46.4243,-23.43422
1490007071,-46.42558,-23.43476
1490007073,-46.4259,-23.43488
1490007076,-46.4264,-23.4351
1490007087,-46.42844,-23.43597
1490007091,-46.42931,-23.43634
1490007099,-46.43078,-23.43696
1490007101,-46.43142,-23.4372
1490007105,-46.43207,-23.43748
1490007106,-46.43254,-23.43768
1490007108,-46.43298,-23.43786
1490007110,-46.43319,-23.43795
1490007123,-46.43617,-23.43922
1490007125,-46.43638,-23.4393
1490007130,-46.43763,-23.43983
1490007132,-46.43783,-23.43992
1490007133,-46.43803,-23.44
1490007134,-46.43847,-23.44018
1490007136,-46.43867,-23.44026
1490007138,-46.43912,-23.44043
1490007139,-46.43958,-23.44061
1490007140,-46.43981,-23.44071
1490007157,-46.44347,-23.4423
1490007160,-46.44396,-23.44249
1490007164,-46.44452,-23.44272
1490007165,-46.44489,-23.44289
1490007169,-46.44545,-23.44312
1490007180,-46.44786,-23.44412
1490007201,-46.45016,-23.44508
1490007206,-46.44216,-23.44035
1490007217,-46.44216,-23.44035
1490007226,-46.45918,-23.44885
1490007227,-46.45968,-23.44905
1490007229,-46.46016,-23.44924
1490007231,-46.46043,-23.44934
1490007232,-46.46092,-23.44956
1490007238,-46.46242,-23.45019
1490007240,-46.46265,-23.45031
1490007241,-46.46315,-23.45052
1490007243,-46.46339,-23.45062
1490007245,-46.46388,-23.45082
1490007247,-46.46459,-23.45112
1490007249,-46.46505,-23.45132
1490007263,-46.46777,-23.45245
1490007264,-46.46795,-23.45253
1490007265,-46.46831,-23.45267
1490007268,-46.4686,-23.4528
1490007269,-46.46887,-23.45291
1490007276,-46.46964,-23.45321
1490007278,-46.46983,-23.4533
1490007283,-46.47014,-23.45342
1490007303,-46.47096,-23.45376
1490007313,-46.47096,-23.45377
1490007334,-46.47099,-23.45378
1490007344,-46.47132,-23.45392
1490007349,-46.47156,-23.454
1490007354,-46.47176,-23.45406
1490007368,-46.47222,-23.45429
1490007373,-46.4724,-23.45436
1490007380,-46.4726,-23.45444
1490007389,-46.47279,-23.45453
1490007407,-46.47323,-23.45473
1490007411,-46.47342,-23.45482
1490007417,-46.47392,-23.45506
1490007419,-46.47431,-23.45518
1490007422,-46.47448,-23.45529
1490007425,-46.47485,-23.45544
1490007426,-46.47516,-23.45557
1490007442,-46.47756,-23.45653
1490007444,-46.47802,-23.45672
1490007448,-46.47839,-23.45689
1490007450,-46.47877,-23.45706
1490007452,-46.47907,-23.45718
1490007458,-46.47984,-23.4575
1490007460,-46.48011,-23.45761
1490007468,-46.48134,-23.45811
1490007473,-46.48195,-23.45838
1490007474,-46.48224,-23.4585
1490007476,-46.48254,-23.45862
1490007481,-46.48329,-23.45893
1490007483,-46.48358,-23.45905
1490007486,-46.48389,-23.45917
1490007488,-46.48433,-23.45936
1490007499,-46.48603,-23.46003
1490007505,-46.48701,-23.46038
1490007507,-46.4872,-23.46043
1490007509,-46.48748,-23.46057
1490007511,-46.48779,-23.46069
1490007514,-46.48824,-23.46089
1490007516,-46.48875,-23.46108
1490007519,-46.48925,-23.46126
1490007522,-46.48977,-23.46145
1490007525,-46.49025,-23.46162
1490007528,-46.49071,-23.46177
1490007531,-46.49116,-23.46194
1490007534,-46.49144,-23.46205
1490007537,-46.49182,-23.4622
1490007539,-46.4922,-23.46234
1490007541,-46.49245,-23.46243
1490007543,-46.4927,-23.46252
1490007546,-46.4931,-23.46266
1490007549,-46.49352,-23.4628
1490007552,-46.49395,-23.46295
1490007554,-46.49425,-23.46306
1490007556,-46.49455,-23.46316
1490007559,-46.49485,-23.46327
1490007561,-46.4951,-23.46336
1490007564,-46.49551,-23.46352
1490007566,-46.49577,-23.46361
1490007568,-46.49619,-23.46378
1490007570,-46.49645,-23.46387
1490007572,-46.49672,-23.46396
1490007574,-46.49699,-23.46405
1490007576,-46.49726,-23.46415
1490007579,-46.49764,-23.46429
1490007581,-46.49789,-23.46438
1490007584,-46.49816,-23.46448
1490007587,-46.49856,-23.46463
1490007589,-46.49886,-23.46472
1490007591,-46.49927,-23.46487
1490007597,-46.49999,-23.46517
1490007598,-46.50028,-23.46525
1490007603,-46.50091,-23.46546
1490007610,-46.50184,-23.46584
1490007616,-46.50274,-23.4662
1490007618,-46.50308,-23.46631
1490007621,-46.50335,-23.46639
1490007625,-46.5041,-23.46662
1490007630,-46.5048,-23.46685
1490007632,-46.5053,-23.46703
1490007634,-46.5056,-23.46714
1490007647,-46.50776,-23.46787
1490007655,-46.50891,-23.46824
1490007657,-46.50939,-23.46836
1490007661,-46.50986,-23.46851
1490007662,-46.51018,-23.46861
1490007664,-46.51052,-23.46873
1490007667,-46.51084,-23.46884
1490007669,-46.51118,-23.469
1490007686,-46.51446,-23.46992
1490007688,-46.51486,-23.47007
1490007692,-46.51544,-23.47024
1490007693,-46.51563,-23.47029
1490007698,-46.51651,-23.47067
1490007708,-46.51822,-23.47138
1490007709,-46.5184,-23.47147
1490007724,-46.52099,-23.4729
1490007727,-46.52154,-23.47325
1490007730,-46.52229,-23.47371
1490007735,-46.5231,-23.47423
1490007738,-46.52371,-23.47462
1490007739,-46.52412,-23.47489
1490007741,-46.52434,-23.47502
1490007743,-46.52477,-23.47531
1490007744,-46.52524,-23.4756
1490007756,-46.52768,-23.4772
1490007757,-46.5281,-23.47745
1490007758,-46.5283,-23.47759
1490007760,-46.5287,-23.47785
1490007761,-46.52892,-23.47799
1490007764,-46.52935,-23.47825
1490007765,-46.52957,-23.47838
1490007769,-46.53067,-23.47907
1490007773,-46.53131,-23.47948
1490007774,-46.53151,-23.47962
1490007775,-46.53191,-23.47987
1490007776,-46.53212,-23.48001
1490007780,-46.53286,-23.48048
1490007782,-46.53321,-23.4807
1490007791,-46.53456,-23.48154
1490007792,-46.53487,-23.48174
1490007796,-46.53534,-23.48205
1490007797,-46.53567,-23.48226
1490007799,-46.536,-23.48247
1490007801,-46.53617,-23.48258
1490007802,-46.53637,-23.48268
1490007803,-46.5367,-23.48291
1490007807,-46.5372,-23.48324
1490007808,-46.53755,-23.48345
1490007810,-46.53771,-23.48356
1490007820,-46.53936,-23.48461
1490007823,-46.53987,-23.48494
1490007825,-46.54039,-23.48527
1490007828,-46.54073,-23.48549
1490007829,-46.54105,-23.4857
1490007830,-46.54121,-23.4858
1490007833,-46.54168,-23.48609
1490007844,-46.5435,-23.48726
1490007855,-46.54516,-23.48831
1490007864,-46.54641,-23.48912
1490007868,-46.54708,-23.48955
1490007875,-46.54842,-23.49042
1490007878,-46.54892,-23.49077
1490007879,-46.54908,-23.49088
1490007882,-46.54944,-23.49111
1490007886,-46.55019,-23.49161
1490007890,-46.55081,-23.49204
1490007895,-46.55162,-23.49264
1490007903,-46.55284,-23.49353
1490007905,-46.55313,-23.49376
1490007908,-46.55345,-23.49398
1490007909,-46.5536,-23.49409
1490007916,-46.5545,-23.49473
1490007920,-46.55489,-23.49497
1490007924,-46.55543,-23.49535
1490007937,-46.55653,-23.49613
1490007939,-46.55674,-23.49627
1490007941,-46.55704,-23.49648
1490007947,-46.55751,-23.49681
1490007948,-46.55771,-23.49694
1490007954,-46.55828,-23.49734
1490007957,-46.55847,-23.49747
1490007958,-46.55866,-23.4976
1490007965,-46.55924,-23.498
1490007967,-46.55944,-23.49815
1490007968,-46.55964,-23.49829
1490007970,-46.55986,-23.49845
1490007972,-46.5601,-23.49863
1490007989,-46.56227,-23.50008
1490007990,-46.56256,-23.50029
1490007993,-46.56284,-23.50048
1490008001,-46.5642,-23.50143
1490008004,-46.56451,-23.50164
1490008010,-46.5654,-23.50222
1490008012,-46.56581,-23.50252
1490008015,-46.56623,-23.50282
1490008018,-46.56652,-23.50302
1490008020,-46.56677,-23.50321
1490008021,-46.56698,-23.50336
1490008023,-46.5672,-23.5035
1490008044,-46.56864,-23.5047
1490008048,-46.56882,-23.50488
1490008055,-46.569,-23.50502
1490008078,-46.56936,-23.50537
1490008080,-46.56948,-23.50552
1490008086,-46.56975,-23.50581
1490008088,-46.56993,-23.50599
1490008101,-46.57083,-23.50697
1490008105,-46.57113,-23.50728
1490008113,-46.57173,-23.50791
1490008117,-46.57213,-23.50832
1490008121,-46.57241,-23.50858
1490008123,-46.57267,-23.50884
1490008126,-46.57284,-23.50901
1490008139,-46.57423,-23.5105
1490008141,-46.57464,-23.51093
1490008144,-46.57491,-23.51123
1490008148,-46.57535,-23.51169
1490008149,-46.57582,-23.51215
1490008151,-46.57612,-23.51246
1490008153,-46.57642,-23.51277
1490008158,-46.57704,-23.51345
1490008159,-46.57721,-23.51364
1490008160,-46.57751,-23.51397
1490008172,-46.57951,-23.51606
1490008175,-46.58004,-23.51661
1490008179,-46.58059,-23.51718
1490008188,-46.58241,-23.5192
1490008190,-46.58276,-23.51954
1490008192,-46.58294,-23.51971
1490008194,-46.58344,-23.52023
1490008198,-46.58394,-23.52077
1490008199,-46.58428,-23.52114
1490008203,-46.58478,-23.52167
1490008207,-46.58557,-23.52256
1490008212,-46.58627,-23.52341
1490008215,-46.58665,-23.52387
1490008218,-46.5869,-23.5242
1490008219,-46.58716,-23.52452
1490008226,-46.5878,-23.52534
1490008228,-46.58807,-23.5257
1490008231,-46.5884,-23.52609
1490008236,-46.58881,-23.52661
1490008245,-46.58991,-23.52791
1490008248,-46.59019,-23.52826
1490008259,-46.59113,-23.52923
1490008262,-46.59142,-23.52934
1490008265,-46.59226,-23.52935
1490008278,-46.5941,-23.52901
1490008280,-46.59436,-23.52892
1490008283,-46.59474,-23.52875
1490008287,-46.59507,-23.52851
1490008290,-46.59528,-23.52837
1490008291,-46.5956,-23.52811
1490008299,-46.59638,-23.5275
1490008301,-46.59659,-23.52731
1490008303,-46.59688,-23.52708
1490008307,-46.5973,-23.52671
1490008316,-46.59815,-23.52579
1490008319,-46.59832,-23.52564
1490008321,-46.59856,-23.52543
1490008326,-46.59892,-23.52514
1490008330,-46.59919,-23.52492
1490008334,-46.59941,-23.52473
1490008346,-46.60017,-23.52421
1490008351,-46.60053,-23.52387
1490008353,-46.60066,-23.52373
1490008364,-46.60142,-23.52315
1490008366,-46.60161,-23.52303
1490008368,-46.60181,-23.52291
1490008375,-46.60263,-23.52252
1490008378,-46.60289,-23.52241
1490008386,-46.60366,-23.52218
1490008391,-46.60402,-23.52211
1490008401,-46.60494,-23.52323
1490008425,-46.60633,-23.52213
1490008434,-46.60683,-23.52222
1490008437,-46.60713,-23.52228
1490008442,-46.60747,-23.52235
1490008452,-46.60829,-23.52251
1490008456,-46.60875,-23.52258
1490008461,-46.6091,-23.52261
1490008463,-46.60938,-23.52262
1490008466,-46.60965,-23.52259
1490008470,-46.60994,-23.52253
1490008487,-46.61134,-23.52212
1490008492,-46.61155,-23.52198
1490008498,-46.61177,-23.52187
1490008521,-46.61276,-23.52124
1490008535,-46.61345,-23.52066
1490008549,-46.61483,-23.51955
1490008551,-46.61501,-23.51943
1490008553,-46.61515,-23.51929
1490008557,-46.6152,-23.51906
1490008561,-46.61504,-23.51885
1490008565,-46.61471,-23.51877
1490008566,-46.6145,-23.51873
1490008581,-46.61333,-23.51877
1490008601,-46.61209,-23.51857
1490008604,-46.61197,-23.51836
1490008610,-46.61176,-23.51835
1490008614,-46.61138,-23.51848
1490008618,-46.61099,-23.51866
1490008636,-46.61072,-23.51881
1490008660,-46.61073,-23.51881
1490008670,-46.61073,-23.51881
1490008681,-46.61073,-23.51881
1490008692,-46.61049,-23.51888
1490008702,-46.61045,-23.51893
1490008712,-46.61046,-23.51893
1490008723,-46.61046,-23.51893
1490008734,-46.61046,-23.51893
1490008745,-46.61046,-23.51893
1490008756,-46.61046,-23.51893
1490008784,-46.61026,-23.51903
1490008796,-46.61012,-23.51907
1490008806,-46.61012,-23.51907
1490008828,-46.61011,-23.51908
1490008839,-46.61011,-23.51908
1490008861,-46.61011,-23.51908
1490008875,-46.60995,-23.51919
1490008879,-46.61,-23.51939
1490008886,-46.61009,-23.51962
1490008893,-46.61017,-23.51979
1490008901,-46.61026,-23.51996
1490008912,-46.61029,-23.52001
1490008934,-46.61052,-23.52051
1490008938,-46.61059,-23.52067
1490008952,-46.61077,-23.52105
1490008968,-46.61091,-23.52144
1490008973,-46.61092,-23.52167
1490008977,-46.61101,-23.52188
1490008982,-46.61101,-23.5222
1490008987,-46.61108,-23.52274
1490008992,-46.61118,-23.52333
1490009000,-46.61129,-23.52399
1490009007,-46.61138,-23.52447
1490009010,-46.61145,-23.52473
1490009013,-46.61149,-23.52493
1490009016,-46.61155,-23.52524
1490009019,-46.61159,-23.52542
1490009024,-46.61162,-23.5256
1490009038,-46.61174,-23.52593
1490009043,-46.61187,-23.52611
1490009046,-46.61207,-23.52611
1490009054,-46.61254,-23.52594
1490009057,-46.61271,-23.52584
1490009064,-46.61336,-23.52555
1490009066,-46.61356,-23.52548
1490009073,-46.61415,-23.52526
1490009076,-46.61445,-23.52514
1490009079,-46.61471,-23.52502
1490009082,-46.61497,-23.52492
1490009086,-46.61527,-23.52482
1490009090,-46.61559,-23.52472
1490009093,-46.61583,-23.52462
1490009111,-46.61667,-23.52421
1490009117,-46.6169,-23.52414
1490009124,-46.61712,-23.52409
1490009132,-46.61734,-23.52402
1490009143,-46.61761,-23.52421
1490009148,-46.61774,-23.52435
1490009156,-46.61789,-23.52453
1490009162,-46.61804,-23.52471
1490009173,-46.61823,-23.52496
1490009189,-46.61862,-23.5256
1490009193,-46.61871,-23.52576
1490009214,-46.61873,-23.52578
1490009225,-46.61877,-23.52581
1490009230,-46.61904,-23.52593
1490009252,-46.6193,-23.5261
1490009263,-46.61938,-23.52611
1490009290,-46.62024,-23.52634
1490009300,-46.62111,-23.52553
1490009302,-46.62126,-23.5254
1490009305,-46.62153,-23.52533
1490009307,-46.62178,-23.52538
1490009308,-46.62203,-23.52539
1490009319,-46.62313,-23.52554
1490009328,-46.62409,-23.52548
1490009333,-46.6242,-23.52565
1490009337,-46.62415,-23.5259
1490009350,-46.62489,-23.52626
1490009352,-46.62509,-23.52631
1490009358,-46.62529,-23.52635
1490009394,-46.62547,-23.52561
1490009406,-46.62547,-23.52561
1490009430,-46.62552,-23.52566
1490009440,-46.62558,-23.52568
1490009462,-46.6256,-23.52571
1490009475,-46.62561,-23.52577
1490009479,-46.62563,-23.52596
1490009483,-46.62563,-23.52629
1490009498,-46.62568,-23.52752
1490009501,-46.62568,-23.52772
1490009504,-46.62567,-23.52797
1490009506,-46.62567,-23.52817
1490009509,-46.62569,-23.52843
1490009512,-46.62568,-23.52869
1490009515,-46.62569,-23.52904
1490009520,-46.62572,-23.52942
1490009523,-46.62573,-23.52965
1490009532,-46.62576,-23.53042
1490009535,-46.62575,-23.53062
1490009538,-46.62576,-23.53087
1490009543,-46.62581,-23.53106
1490009551,-46.62578,-23.53133
1490009555,-46.62579,-23.53151
1490009570,-46.62599,-23.53207
1490009576,-46.62594,-23.5323
1490009582,-46.62578,-23.53253
1490009592,-46.62567,-23.53265
1490009604,-46.62567,-23.53265
1490009615,-46.62567,-23.53265
1490009617,-46.62585,-23.53199
1490009623,-46.62555,-23.53284
1490009625,-46.62567,-23.53266
1490009644,-46.62557,-23.53288
1490009651,-46.62546,-23.53316
1490009655,-46.62541,-23.53339
1490009657,-46.62539,-23.5336
1490009673,-46.62544,-23.53452
1490009686,-46.62544,-23.53452
1490009714,-46.62545,-23.53454
1490009725,-46.62548,-23.53467
1490009746,-46.6255,-23.53467
1490009757,-46.6255,-23.53467
1490009761,-46.6256,-23.53497
1490009765,-46.6257,-23.53518
1490009768,-46.62579,-23.53537
1490009779,-46.62605,-23.53594
1490009789,-46.62603,-23.53594
1490009800,-46.62603,-23.53594
1490009812,-46.62621,-23.53632
1490009818,-46.62633,-23.53657
1490009823,-46.62644,-23.53679
1490009842,-46.62679,-23.53766
1490009852,-46.62679,-23.53761
1490009863,-46.62681,-23.5376
1490009886,-46.62681,-23.5376
1490009897,-46.62681,-23.5376
1490009907,-46.62686,-23.53778
1490009921,-46.62716,-23.5385
1490009924,-46.62726,-23.53866
1490009940,-46.62739,-23.539
1490009961,-46.62739,-23.539
1490009976,-46.62739,-23.539
1490009997,-46.62739,-23.539
1490010008,-46.62739,-23.539
1490010022,-46.62767,-23.53959
1490010025,-46.62781,-23.53991
1490010029,-46.6279,-23.54012
1490010040,-46.62802,-23.5404
1490010062,-46.62801,-23.54039
1490010080,-46.62839,-23.54114
1490010082,-46.62848,-23.54135
1490010085,-46.62857,-23.54152
1490010087,-46.62865,-23.54171
1490010094,-46.62896,-23.5426
1490010098,-46.62909,-23.54286
1490010101,-46.6292,-23.54314
1490010103,-46.6293,-23.54337
1490010107,-46.62945,-23.54389
1490010111,-46.62951,-23.54424
1490010130,-46.63015,-23.54507
1490010140,-46.63016,-23.5451
1490010148,-46.63025,-23.54529
1490010155,-46.63019,-23.54588
1490010159,-46.62992,-23.54635
1490010161,-46.62976,-23.54659
1490010163,-46.62952,-23.54698
1490010167,-46.62926,-23.54732
1490010169,-46.62909,-23.54755
1490010172,-46.62884,-23.54787
1490010175,-46.62857,-23.54822
1490010177,-46.62841,-23.54844
1490010179,-46.62825,-23.5487
1490010182,-46.62821,-23.54907
1490010187,-46.62817,-23.54958
1490010204,-46.62821,-23.55013
1490010211,-46.62811,-23.55062
1490010214,-46.62797,-23.55088
1490010217,-46.62787,-23.5511
1490010220,-46.62776,-23.5513
1490010224,-46.62764,-23.55147
1490010235,-46.62756,-23.55158
1490010247,-46.62734,-23.55204
1490010249,-46.62719,-23.55229
1490010254,-46.62692,-23.55261
1490010257,-46.62665,-23.55278
1490010265,-46.62588,-23.55321
1490010270,-46.62554,-23.55361
1490010274,-46.62525,-23.554
1490010276,-46.62514,-23.55415
1490010277,-46.62499,-23.55435
1490010281,-46.62475,-23.55462
1490010284,-46.6245,-23.55488
1490010286,-46.62431,-23.55509
1490010289,-46.62406,-23.55529
1490010298,-46.62316,-23.55594
1490010301,-46.62283,-23.55611
1490010307,-46.62217,-23.55643
1490010310,-46.62181,-23.55658
1490010313,-46.62141,-23.55672
1490010319,-46.62063,-23.55697
1490010322,-46.62023,-23.5571
1490010332,-46.61907,-23.55748
1490010341,-46.61798,-23.55782
1490010343,-46.61776,-23.55789
1490010345,-46.61751,-23.55797
1490010347,-46.61709,-23.5581
1490010351,-46.61663,-23.55826
1490010354,-46.61613,-23.55841
1490010356,-46.61579,-23.55852
1490010359,-46.61532,-23.55873
1490010366,-46.61449,-23.55928
1490010370,-46.61403,-23.55968
1490010373,-46.61367,-23.56002
1490010376,-46.6134,-23.56035
1490010387,-46.61267,-23.56163
1490010395,-46.61226,-23.56267
1490010402,-46.61197,-23.56332
1490010416,-46.61194,-23.56335
1490010426,-46.6119,-23.56341
1490010433,-46.61164,-23.56381
1490010442,-46.61136,-23.56417
1490010447,-46.61114,-23.56458
1490010451,-46.61096,-23.56493
1490010455,-46.6108,-23.56521
1490010458,-46.61066,-23.56551
1490010473,-46.60973,-23.5672
1490010482,-46.60927,-23.56805
1490010487,-46.60897,-23.56861
1490010489,-46.60883,-23.56884
1490010493,-46.60855,-23.56929
1490010498,-46.60829,-23.56983
1490010506,-46.60811,-23.57071
1490010514,-46.60802,-23.57178
1490010518,-46.60799,-23.57213
1490010524,-46.60792,-23.57278
1490010527,-46.60789,-23.57319
1490010529,-46.60787,-23.57343
1490010545,-46.6085,-23.57523
1490010548,-46.60863,-23.5755
1490010553,-46.60886,-23.576
1490010558,-46.60911,-23.57652
1490010560,-46.60921,-23.57668
1490010562,-46.6093,-23.57686
1490010580,-46.60946,-23.57711
1490010583,-46.60963,-23.57723
1490010590,-46.61037,-23.57747
1490010592,-46.61062,-23.57756
1490010594,-46.61084,-23.57767
1490010595,-46.61103,-23.57781
1490010598,-46.61117,-23.57804
1490010601,-46.6114,-23.57836
1490010603,-46.61154,-23.57854
1490010611,-46.61233,-23.57913
1490010617,-46.61287,-23.57976
1490010619,-46.61301,-23.57997
1490010621,-46.61314,-23.58014
1490010623,-46.61326,-23.58029
1490010627,-46.61346,-23.58052
1490010638,-46.61356,-23.58064
1490010649,-46.61368,-23.58075
1490010653,-46.6138,-23.5809
1490010658,-46.61396,-23.58107
1490010664,-46.61425,-23.58143
1490010668,-46.61443,-23.58172
1490010676,-46.61487,-23.58243
1490010679,-46.61498,-23.58259
1490010690,-46.61593,-23.58318
1490010692,-46.6163,-23.58328
1490010695,-46.61654,-23.58334
1490010698,-46.61687,-23.58343
1490010700,-46.61707,-23.58353
1490010703,-46.61739,-23.5837
1490010707,-46.61776,-23.58397
1490010728,-46.61781,-23.5839
1490010739,-46.61782,-23.58392
1490010747,-46.61813,-23.58445
1490010759,-46.61862,-23.58535
1490010771,-46.61923,-23.58641
1490010773,-46.61934,-23.5866
1490010778,-46.61954,-23.587
1490010779,-46.61963,-23.58718
1490010782,-46.61973,-23.5874
1490010791,-46.61999,-23.58805
1490010803,-46.61999,-23.58805
1490010813,-46.6179,-23.58221
1490010841,-46.62023,-23.58894
1490010844,-46.62028,-23.58919
1490010848,-46.62032,-23.58938
1490010850,-46.62036,-23.5896
1490010854,-46.6204,-23.58978
1490010858,-46.62046,-23.5901
1490010869,-46.6206,-23.59085
1490010878,-46.6207,-23.59128
1490010885,-46.62075,-23.59156
1490010890,-46.6208,-23.59183
1490010910,-46.62117,-23.59358
1490010913,-46.62123,-23.5939
1490010914,-46.62129,-23.59413
1490010922,-46.62152,-23.59488
1490010925,-46.62168,-23.59518
1490010928,-46.62179,-23.59543
1490010933,-46.62205,-23.59593
1490010942,-46.62253,-23.5968
1490010948,-46.62285,-23.59747
1490010951,-46.62296,-23.59768
1490010955,-46.62316,-23.59808
1490010978,-46.62371,-23.59911
1490010989,-46.62371,-23.59911
1490011003,-46.62374,-23.5991
1490011010,-46.62388,-23.59928
1490011011,-46.62395,-23.59946
1490011014,-46.62406,-23.59968
1490011017,-46.62423,-23.60004
1490011019,-46.62434,-23.60029
1490011021,-46.62444,-23.60052
1490011023,-46.62452,-23.60076
1490011035,-46.6252,-23.60215
1490011042,-46.62553,-23.60295
1490011045,-46.62565,-23.60316
1490011047,-46.62579,-23.60346
1490011051,-46.62593,-23.60375
1490011065,-46.62658,-23.60517
1490011072,-46.62699,-23.60611
1490011076,-46.6272,-23.60652
1490011079,-46.62754,-23.60733
1490011082,-46.62767,-23.60762
1490011084,-46.62788,-23.60809
1490011088,-46.6281,-23.60854
1490011091,-46.6283,-23.60896
1490011094,-46.62842,-23.60941
1490011097,-46.62849,-23.60977
1490011110,-46.62848,-23.61011
1490011119,-46.62843,-23.61055
1490011123,-46.6284,-23.6108
1490011127,-46.62832,-23.61115
1490011129,-46.62828,-23.61135
1490011135,-46.62812,-23.61182
1490011137,-46.62801,-23.61215
1490011141,-46.62783,-23.6126
1490011144,-46.62775,-23.6128
1490011150,-46.62755,-23.61334
1490011156,-46.62739,-23.61392
1490011160,-46.62732,-23.61431
1490011162,-46.62732,-23.61454
1490011165,-46.62731,-23.61481
1490011167,-46.62732,-23.615
1490011189,-46.62731,-23.61517
1490011200,-46.62731,-23.61516
1490011223,-46.62731,-23.61516
1490011249,-46.62736,-23.61547
1490011252,-46.6274,-23.61573
1490011254,-46.62746,-23.616
1490011257,-46.62753,-23.61631
1490011261,-46.6276,-23.61664
1490011265,-46.62769,-23.61707
1490011271,-46.62786,-23.61781
1490011278,-46.62809,-23.61874
1490011282,-46.62813,-23.61908
1490011285,-46.62816,-23.61943
1490011287,-46.62817,-23.6198
1490011291,-46.62818,-23.62014
1490011293,-46.62818,-23.6204
1490011295,-46.62817,-23.62065
1490011300,-46.62818,-23.62119
1490011303,-46.6282,-23.62147
1490011312,-46.62828,-23.622
1490011322,-46.62829,-23.62216
1490011332,-46.62829,-23.62217
1490011344,-46.62829,-23.62218
1490011360,-46.62833,-23.62252
1490011389,-46.629,-23.62499
1490011400,-46.6292,-23.62591
1490011407,-46.62946,-23.62664
1490011409,-46.62954,-23.62686
1490011417,-46.62979,-23.62792
1490011426,-46.62996,-23.62917
1490011429,-46.62997,-23.62943
1490011430,-46.63,-23.62971
1490011432,-46.63002,-23.63
1490011435,-46.63005,-23.63048
1490011437,-46.63006,-23.63079
1490011439,-46.63008,-23.63109
1490011449,-46.63021,-23.63284
1490011453,-46.63025,-23.63342
1490011460,-46.63038,-23.6349
1490011461,-46.63039,-23.63509
1490011464,-46.63047,-23.63553
1490011467,-46.63049,-23.63604
1490011472,-46.63053,-23.63692
1490011482,-46.63063,-23.63871
1490011486,-46.63063,-23.63921
1490011500,-46.63079,-23.64162
1490011504,-46.63082,-23.64209
1490011506,-46.63084,-23.6424
1490011508,-46.63089,-23.6427
1490011522,-46.63137,-23.645
1490011523,-46.63146,-23.64531
1490011527,-46.63159,-23.64574
1490011529,-46.63173,-23.646
1490011532,-46.63191,-23.64637
1490011534,-46.63201,-23.64661
1490011540,-46.63241,-23.64712
1490011558,-46.63251,-23.6465
1490011559,-46.63236,-23.64662
1490011561,-46.63217,-23.64671
1490011563,-46.63181,-23.64698
1490011566,-46.63163,-23.64711
1490011567,-46.63147,-23.64724
1490011589,-46.63082,-23.64783
1490011595,-46.63063,-23.64804
1490011598,-46.63039,-23.64801
1490011603,-46.6304,-23.64766
1490011608,-46.63045,-23.64742
1490011614,-46.63042,-23.64736
