1487168813,-46.88013,-23.51116
1487168816,-46.88059,-23.51095
1487168835,-46.88128,-23.5108
1487168840,-46.88147,-23.51085
1487168850,-46.8809,-23.51115
1487168855,-46.88072,-23.51122
1487168862,-46.8801,-23.51135
1487168871,-46.8809,-23.51115
1487168873,-46.87884,-23.51134
1487168878,-46.87862,-23.51131
1487168885,-46.87818,-23.51129
1487168891,-46.83424,-23.50656
1487168903,-46.87905,-23.51113
1487168912,-46.87932,-23.5108
1487168919,-46.87904,-23.51039
1487168923,-46.87889,-23.51021
1487168934,-46.87871,-23.51011
1487168943,-46.87846,-23.51011
1487168947,-46.87819,-23.51011
1487168951,-46.87791,-23.51012
1487168955,-46.87766,-23.51009
1487168980,-46.87667,-23.51006
1487169009,-46.87665,-23.51058
1487169013,-46.87666,-23.51055
1487169021,-46.87668,-23.51057
1487169040,-46.87762,-23.51054
1487169044,-46.8779,-23.51053
1487169047,-46.87823,-23.51052
1487169073,-46.87831,-23.51056
1487169081,-46.87837,-23.51076
1487169103,-46.8782,-23.51078
1487169114,-46.87817,-23.51086
1487169125,-46.83424,-23.50656
1487169139,-46.87828,-23.51079
1487169145,-46.87855,-23.51094
1487169160,-46.87797,-23.51116
1487169163,-46.8778,-23.51126
1487169175,-46.87724,-23.5112
1487169185,-46.87653,-23.51119
1487169207,-46.8762,-23.51118
1487169209,-46.876,-23.51131
1487169217,-46.87558,-23.5114
1487169222,-46.87541,-23.51127
1487169230,-46.87483,-23.51127
1487169239,-46.87394,-23.51119
1487169241,-46.8737,-23.51119
1487169244,-46.87333,-23.51116
1487169247,-46.87268,-23.51097
1487169250,-46.87245,-23.5108
1487169252,-46.87221,-23.51064
1487169257,-46.8717,-23.51026
1487169259,-46.8715,-23.50997
1487169272,-46.87039,-23.50815
1487169283,-46.86978,-23.50694
1487169286,-46.86965,-23.50672
1487169289,-46.86959,-23.5065
1487169291,-46.87082,-23.50844
1487169303,-46.86961,-23.50601
1487169305,-46.86876,-23.5055
1487169309,-46.86857,-23.50542
1487169312,-46.86827,-23.50536
1487169314,-46.86805,-23.5053
1487169324,-46.86805,-23.5053
1487169337,-46.86805,-23.5053
1487169348,-46.86805,-23.5053
1487169362,-46.85942,-23.50499
1487169371,-46.85743,-23.50516
1487169373,-46.857,-23.50516
1487169377,-46.83424,-23.50656
1487169384,-46.85494,-23.50538
1487169386,-46.85455,-23.50539
1487169390,-46.85373,-23.50548
1487169391,-46.85332,-23.50554
1487169393,-46.85289,-23.50561
1487169400,-46.85172,-23.50562
1487169408,-46.85011,-23.50574
1487169409,-46.84967,-23.50576
1487169414,-46.84878,-23.50587
1487169422,-46.84713,-23.5061
1487169424,-46.84667,-23.50619
1487169426,-46.84635,-23.50618
1487169434,-46.84483,-23.50633
1487169440,-46.84373,-23.50639
1487169441,-46.84339,-23.50643
1487169445,-46.84268,-23.5065
1487169448,-46.8423,-23.50656
1487169450,-46.84189,-23.50661
1487169451,-46.84149,-23.50667
1487169454,-46.84111,-23.50672
1487169462,-46.8395,-23.50695
1487169470,-46.83779,-23.50714
1487169481,-46.83555,-23.50732
1487169483,-46.83505,-23.5074
1487169486,-46.83413,-23.50757
1487169490,-46.83322,-23.50769
1487169494,-46.83235,-23.50778
1487169506,-46.82964,-23.50815
1487169509,-46.82866,-23.50827
1487169512,-46.82817,-23.50833
1487169515,-46.82718,-23.50842
1487169517,-46.8267,-23.50848
1487169520,-46.8262,-23.50859
1487169523,-46.82572,-23.50865
1487169525,-46.82477,-23.50875
1487169539,-46.82156,-23.5094
1487169549,-46.81996,-23.50979
1487169551,-46.81957,-23.50984
1487169552,-46.81922,-23.50984
1487169555,-46.81889,-23.50988
1487169563,-46.81757,-23.50998
1487169570,-46.81707,-23.51005
1487169573,-46.81672,-23.51006
1487169578,-46.81623,-23.51007
1487169580,-46.81596,-23.51008
1487169583,-46.81527,-23.51022
1487169585,-46.81489,-23.51026
1487169587,-46.81454,-23.5103
1487169591,-46.81375,-23.51045
1487169600,-46.8122,-23.5106
1487169602,-46.81183,-23.51066
1487169603,-46.81146,-23.51072
1487169605,-46.81107,-23.51076
1487169607,-46.81064,-23.51082
1487169609,-46.81027,-23.51085
1487169612,-46.80984,-23.51095
1487169614,-46.80944,-23.51095
1487169620,-46.80821,-23.51114
1487169622,-46.80778,-23.51121
1487169630,-46.80608,-23.51159
1487169632,-46.80566,-23.51169
1487169634,-46.80523,-23.51179
1487169636,-46.80479,-23.5119
1487169643,-46.80302,-23.51237
1487169647,-46.80215,-23.51261
1487169652,-46.80126,-23.51288
1487169657,-46.79991,-23.51332
1487169659,-46.79948,-23.51351
1487169672,-46.79677,-23.51453
1487169676,-46.79585,-23.5149
1487169678,-46.79535,-23.5151
1487169680,-46.79491,-23.51527
1487169681,-46.79444,-23.51547
1487169683,-46.79402,-23.51561
1487169685,-46.7936,-23.51579
1487169699,-46.79059,-23.51707
1487169706,-46.78937,-23.51749
1487169708,-46.78899,-23.51767
1487169709,-46.78862,-23.51778
1487169712,-46.7882,-23.51797
1487169714,-46.78781,-23.51813
1487169716,-46.78744,-23.5183
1487169718,-46.78712,-23.5184
1487169728,-46.78516,-23.51921
1487169730,-46.78474,-23.51937
1487169739,-46.78266,-23.51996
1487169741,-46.78224,-23.52002
1487169746,-46.78138,-23.52015
1487169748,-46.78093,-23.52021
1487169750,-46.78047,-23.52031
1487169752,-46.77998,-23.52041
1487169764,-46.77739,-23.52074
1487169767,-46.77658,-23.52081
1487169770,-46.77621,-23.52092
1487169780,-46.77467,-23.52207
1487169782,-46.83424,-23.50656
1487169784,-46.77409,-23.52254
1487169786,-46.77371,-23.52262
1487169789,-46.77289,-23.52277
1487169798,-46.7717,-23.52264
1487169800,-46.77104,-23.52238
1487169805,-46.77002,-23.52212
1487169811,-46.76908,-23.52188
1487169813,-46.76875,-23.52182
1487169817,-46.76805,-23.52181
1487169820,-46.7677,-23.52187
1487169834,-46.76549,-23.5225
1487169839,-46.76491,-23.52263
1487169841,-46.76465,-23.5227
1487169844,-46.76403,-23.52297
1487169846,-46.76372,-23.5231
1487169849,-46.76341,-23.52323
1487169851,-46.76316,-23.52333
1487169852,-46.76287,-23.52344
1487169855,-46.83424,-23.50656
1487169865,-46.76164,-23.52372
1487169876,-46.76157,-23.52372
1487169901,-46.76099,-23.52385
1487169905,-46.76074,-23.52395
1487169909,-46.76051,-23.52402
1487169918,-46.76008,-23.52415
1487169930,-46.75941,-23.52438
1487169933,-46.75918,-23.52448
1487169941,-46.75873,-23.5246
1487169945,-46.75845,-23.52471
1487169954,-46.75789,-23.52491
1487169967,-46.75713,-23.5251
1487169971,-46.75678,-23.52522
1487169976,-46.75646,-23.52531
1487169980,-46.75608,-23.52546
1487169984,-46.75563,-23.5256
1487169986,-46.75542,-23.52565
1487169988,-46.75524,-23.52573
1487169990,-46.75503,-23.52579
1487169992,-46.75479,-23.52586
1487170000,-46.75368,-23.52623
1487170007,-46.75268,-23.52662
1487170009,-46.75206,-23.52685
1487170014,-46.75151,-23.5272
1487170016,-46.75121,-23.52748
1487170018,-46.75105,-23.52783
1487170020,-46.75091,-23.52822
1487170024,-46.75078,-23.52903
1487170029,-46.75062,-23.53018
1487170032,-46.75058,-23.53055
1487170039,-46.75043,-23.5316
1487170041,-46.75037,-23.53201
1487170045,-46.7502,-23.53272
1487170048,-46.74981,-23.53333
1487170069,-46.83424,-23.50656
1487170076,-46.7475,-23.53557
1487170082,-46.74678,-23.53613
1487170084,-46.74652,-23.5363
1487170086,-46.83424,-23.50656
1487170091,-46.74592,-23.5368
1487170100,-46.74525,-23.53751
1487170102,-46.74502,-23.53766
1487170105,-46.83424,-23.50656
1487170108,-46.74449,-23.53818
1487170113,-46.74388,-23.53871
1487170119,-46.74358,-23.53899
1487170134,-46.74219,-23.54019
1487170141,-46.74138,-23.54097
1487170143,-46.74116,-23.54123
1487170146,-46.74094,-23.54139
1487170148,-46.74072,-23.54158
1487170149,-46.74051,-23.54176
1487170151,-46.74029,-23.54193
1487170163,-46.74109,-23.54123
1487170168,-46.73861,-23.54342
1487170171,-46.73816,-23.5438
1487170173,-46.73797,-23.54395
1487170176,-46.73778,-23.54412
1487170199,-46.73573,-23.54627
1487170201,-46.73561,-23.54648
1487170203,-46.83424,-23.50656
1487170205,-46.73526,-23.54686
1487170207,-46.73506,-23.54702
1487170209,-46.73485,-23.54712
1487170213,-46.7344,-23.54734
1487170215,-46.73416,-23.54748
1487170217,-46.73395,-23.54765
1487170219,-46.73373,-23.54783
1487170224,-46.83424,-23.50656
1487170229,-46.73258,-23.54875
1487170232,-46.73228,-23.54895
1487170240,-46.73131,-23.54956
1487170242,-46.73108,-23.54971
1487170245,-46.73063,-23.55
1487170248,-46.73039,-23.55012
1487170250,-46.73015,-23.55026
1487170252,-46.72991,-23.55037
1487170264,-46.72857,-23.55104
1487170266,-46.72834,-23.55115
1487170275,-46.72734,-23.55165
1487170284,-46.72664,-23.55198
1487170286,-46.72642,-23.55208
1487170288,-46.72622,-23.55218
1487170294,-46.72562,-23.55247
1487170296,-46.72544,-23.55257
1487170298,-46.72526,-23.55267
1487170307,-46.72432,-23.55313
1487170311,-46.72404,-23.55327
1487170317,-46.72373,-23.55342
1487170330,-46.72296,-23.55379
1487170332,-46.72278,-23.55387
1487170336,-46.72242,-23.55405
1487170339,-46.72204,-23.55424
1487170341,-46.72186,-23.55433
1487170343,-46.72167,-23.55442
1487170349,-46.72115,-23.55469
1487170362,-46.72012,-23.5552
1487170397,-46.71995,-23.55528
1487170408,-46.71982,-23.55534
1487170416,-46.71925,-23.55562
1487170431,-46.71789,-23.55626
1487170437,-46.71724,-23.55657
1487170439,-46.71698,-23.5567
1487170446,-46.71642,-23.55701
1487170450,-46.71612,-23.55715
1487170460,-46.71567,-23.55738
1487170464,-46.71548,-23.55748
1487170468,-46.71527,-23.55757
1487170476,-46.71484,-23.55778
1487170492,-46.71422,-23.55808
1487170496,-46.71404,-23.55816
1487170500,-46.71385,-23.55826
1487170504,-46.71366,-23.55833
1487170508,-46.71348,-23.55841
1487170511,-46.71322,-23.55853
1487170519,-46.71273,-23.55878
1487170527,-46.71232,-23.55899
1487170538,-46.71189,-23.5592
1487170541,-46.71171,-23.55927
1487170545,-46.71152,-23.55936
1487170554,-46.71103,-23.55957
1487170558,-46.71073,-23.55972
1487170560,-46.71055,-23.5598
1487170562,-46.71037,-23.55989
1487170564,-46.7102,-23.56001
1487170565,-46.71002,-23.56009
1487170569,-46.70973,-23.56024
1487170574,-46.70946,-23.56037
1487170580,-46.70914,-23.56054
1487170590,-46.70872,-23.56079
1487170597,-46.70834,-23.561
1487170602,-46.7081,-23.56116
1487170609,-46.70756,-23.56158
1487170612,-46.70739,-23.56172
1487170621,-46.7067,-23.56237
1487170627,-46.70651,-23.56263
1487170633,-46.70607,-23.56319
1487170638,-46.70587,-23.56351
1487170640,-46.70578,-23.5637
1487170642,-46.70569,-23.56389
1487170645,-46.7055,-23.56427
1487170655,-46.7051,-23.56528
1487170662,-46.70486,-23.56592
1487170663,-46.70479,-23.56614
1487170665,-46.70473,-23.56635
1487170668,-46.70465,-23.56655
1487170670,-46.70457,-23.56678
1487170671,-46.70449,-23.56701
1487170673,-46.7044,-23.56724
1487170675,-46.70432,-23.56744
1487170680,-46.70415,-23.56791
1487170686,-46.7039,-23.56866
1487170689,-46.70368,-23.56919
1487170691,-46.70359,-23.56942
1487170698,-46.7033,-23.57002
1487170700,-46.70319,-23.57018
1487170701,-46.70309,-23.57036
1487170703,-46.703,-23.57053
1487170708,-46.70283,-23.57082
1487170710,-46.7027,-23.57104
1487170712,-46.70257,-23.57124
1487170718,-46.70215,-23.5718
1487170720,-46.70201,-23.57199
1487170723,-46.70175,-23.57231
1487170726,-46.70163,-23.57247
1487170729,-46.70136,-23.57276
1487170733,-46.70107,-23.57308
1487170736,-46.70092,-23.57323
1487170738,-46.70078,-23.57339
1487170743,-46.70049,-23.57368
1487170749,-46.69989,-23.57426
1487170754,-46.69953,-23.5746
1487170757,-46.6992,-23.57491
1487170761,-46.69887,-23.57522
1487170768,-46.69845,-23.57565
1487170770,-46.69829,-23.57578
1487170778,-46.69795,-23.57619
1487170781,-46.69777,-23.57641
1487170785,-46.6976,-23.57663
1487170793,-46.69734,-23.577
1487170796,-46.69715,-23.57731
1487170799,-46.69697,-23.57765
1487170816,-46.69643,-23.57855
1487170820,-46.69636,-23.57873
1487170824,-46.6962,-23.57899
1487170828,-46.69603,-23.57926
1487170831,-46.69587,-23.57954
1487170835,-46.69565,-23.57989
1487170840,-46.6954,-23.58029
1487170863,-46.6954,-23.58029
1487170866,-46.69415,-23.58236
1487170890,-46.69384,-23.58307
1487170897,-46.69373,-23.58327
1487170901,-46.69361,-23.58342
1487170912,-46.69355,-23.58352
1487170916,-46.69297,-23.58447
1487170923,-46.69264,-23.58511
1487170924,-46.6925,-23.58532
1487170926,-46.6924,-23.58554
1487170936,-46.69201,-23.58682
1487170942,-46.69214,-23.58736
1487170954,-46.69283,-23.58933
1487170957,-46.69303,-23.58984
1487170968,-46.69347,-23.59119
1487170972,-46.6937,-23.59177
1487170973,-46.69383,-23.5921
1487170980,-46.69421,-23.59308
1487170984,-46.69447,-23.59371
1487170986,-46.69462,-23.59396
1487170987,-46.69475,-23.59427
1487170989,-46.6949,-23.59449
1487170994,-46.69516,-23.59498
1487171005,-46.69649,-23.59603
1487171007,-46.83424,-23.50656
1487171010,-46.69702,-23.59637
1487171013,-46.69718,-23.59698
1487171015,-46.69719,-23.59733
1487171017,-46.69719,-23.59757
1487171037,-46.69695,-23.60026
1487171040,-46.69707,-23.60051
1487171051,-46.69707,-23.60051
1487171058,-46.69832,-23.60277
1487171060,-46.69845,-23.603
1487171070,-46.69889,-23.60446
1487171071,-46.69891,-23.60479
1487171076,-46.69909,-23.60521
1487171078,-46.69915,-23.60545
1487171079,-46.69917,-23.60569
1487171081,-46.69921,-23.60599
1487171083,-46.69933,-23.60623
1487171086,-46.6994,-23.60642
1487171096,-46.6994,-23.60642
1487171105,-46.69989,-23.60849
1487171119,-46.70025,-23.61005
1487171123,-46.70037,-23.61081
1487171125,-46.70036,-23.61104
1487171130,-46.70044,-23.61151
1487171132,-46.7005,-23.61172
1487171138,-46.70067,-23.61247
1487171140,-46.70074,-23.61271
1487171141,-46.7008,-23.61297
1487171143,-46.70085,-23.61318
1487171154,-46.70085,-23.61318
1487171163,-46.70166,-23.61505
1487171165,-46.70136,-23.61473
1487171182,-46.7016,-23.61449
1487171187,-46.70175,-23.6143
1487171204,-46.70244,-23.61346
1487171212,-46.70278,-23.61314
1487171215,-46.70296,-23.61298
1487171219,-46.70302,-23.61278
1487171241,-46.70311,-23.61256
1487171250,-46.70335,-23.61256
1487171253,-46.70353,-23.61275
1487171257,-46.70371,-23.61295
1487171262,-46.70385,-23.61318
1487171268,-46.70376,-23.61338
1487171278,-46.7038,-23.61331
1487171309,-46.70397,-23.6131
1487171331,-46.70398,-23.6131
1487171342,-46.70408,-23.61312
1487171364,-46.70398,-23.6131
1487171385,-46.704,-23.6131
1487171396,-46.704,-23.6131
1487171407,-46.704,-23.6131
1487171434,-46.70398,-23.6131
1487171446,-46.70398,-23.6131
1487171456,-46.70397,-23.6131
1487171467,-46.70397,-23.61311
1487171479,-46.70397,-23.61311
1487171490,-46.70397,-23.61311
1487171511,-46.70408,-23.61312
1487171522,-46.70397,-23.61311
1487171533,-46.70397,-23.61311
1487171543,-46.70397,-23.61311
1487171565,-46.70397,-23.61311
1487171576,-46.70397,-23.61311
1487171587,-46.70397,-23.61312
1487171597,-46.70396,-23.61312
1487171608,-46.70396,-23.61312
1487171619,-46.70396,-23.61312
1487171630,-46.70396,-23.61312
1487171651,-46.70396,-23.61312
1487171662,-46.70395,-23.61312
1487171673,-46.70395,-23.61312
1487171684,-46.70395,-23.61312
1487171695,-46.70395,-23.61312
1487171717,-46.70395,-23.61313
1487171739,-46.70395,-23.61313
1487171750,-46.70395,-23.61313
1487171760,-46.70395,-23.61313
1487171771,-46.70395,-23.61313
1487171782,-46.70395,-23.61313
1487171792,-46.70395,-23.61313
1487171804,-46.70395,-23.61313
1487171815,-46.70395,-23.61313
1487171825,-46.70394,-23.61313
1487171836,-46.70394,-23.61313
1487171847,-46.70394,-23.61313
1487171869,-46.70394,-23.61313
1487171879,-46.70394,-23.61313
1487171901,-46.70394,-23.61313
1487171912,-46.70394,-23.61313
1487171923,-46.70394,-23.61313
1487171934,-46.70394,-23.61313
1487171945,-46.70394,-23.61313
1487171956,-46.70394,-23.61313
1487171995,-46.70394,-23.61313
1487172013,-46.70404,-23.61342
1487172025,-46.70445,-23.61425
1487172034,-46.7049,-23.61502
1487172037,-46.70507,-23.61532
1487172039,-46.70516,-23.61551
1487172058,-46.70529,-23.61555
1487172061,-46.70545,-23.61585
1487172064,-46.70547,-23.61612
1487172068,-46.70552,-23.61635
1487172073,-46.7057,-23.61661
1487172075,-46.70574,-23.61679
1487172078,-46.70591,-23.61706
1487172089,-46.706,-23.6172
1487172100,-46.70597,-23.61716
1487172121,-46.70601,-23.61709
1487172127,-46.70599,-23.61728
1487172130,-46.70581,-23.61738
1487172134,-46.70547,-23.61741
1487172147,-46.70411,-23.61755
1487172149,-46.70381,-23.6176
1487172150,-46.70359,-23.61768
1487172152,-46.70334,-23.61775
1487172155,-46.7031,-23.61781
1487172156,-46.70287,-23.61786
1487172165,-46.70201,-23.61821
1487172181,-46.70178,-23.61977
1487172188,-46.70105,-23.62013
1487172194,-46.70045,-23.62
1487172196,-46.70028,-23.61982
1487172199,-46.7001,-23.61964
1487172200,-46.69995,-23.61944
1487172215,-46.69957,-23.61757
1487172218,-46.69948,-23.61707
1487172220,-46.69945,-23.61683
1487172222,-46.69939,-23.61661
1487172228,-46.69921,-23.61597
1487172230,-46.69915,-23.61573
1487172232,-46.69907,-23.61546
1487172234,-46.699,-23.61519
1487172249,-46.6985,-23.61332
1487172255,-46.69846,-23.61263
1487172260,-46.69835,-23.61187
1487172262,-46.6983,-23.61164
1487172266,-46.69849,-23.61507
1487172278,-46.69849,-23.61507
1487172281,-46.69803,-23.60955
1487172283,-46.69744,-23.61127
1487172293,-46.69771,-23.60775
1487172299,-46.69755,-23.60703
1487172305,-46.69714,-23.60789
1487172316,-46.69714,-23.60789
1487172350,-46.69547,-23.60367
1487172357,-46.69481,-23.60075
1487172359,-46.69481,-23.60053
1487172361,-46.69471,-23.60031
1487172363,-46.69464,-23.60006
1487172365,-46.69441,-23.59993
1487172367,-46.69427,-23.59971
1487172368,-46.6942,-23.59946
1487172388,-46.69283,-23.5972
1487172390,-46.69276,-23.59693
1487172398,-46.69266,-23.5958
1487172401,-46.6926,-23.59535
1487172412,-46.69257,-23.59522
1487172413,-46.69256,-23.59343
1487172415,-46.69245,-23.59306
1487172424,-46.69198,-23.59174
1487172425,-46.69174,-23.5914
1487172427,-46.69175,-23.59107
1487172430,-46.69163,-23.59079
1487172436,-46.69131,-23.59004
1487172438,-46.69111,-23.58962
1487172442,-46.69101,-23.58916
1487172446,-46.69084,-23.5885
1487172448,-46.69081,-23.58818
1487172456,-46.69056,-23.58686
1487172458,-46.6905,-23.58653
1487172463,-46.83425,-23.50658
1487172471,-46.69023,-23.58542
1487172475,-46.69157,-23.58359
1487172479,-46.69172,-23.58318
1487172481,-46.69186,-23.58303
1487172482,-46.69219,-23.58264
1487172491,-46.69286,-23.58161
1487172495,-46.69329,-23.58088
1487172501,-46.69362,-23.58035
1487172503,-46.69387,-23.57988
1487172506,-46.69395,-23.57963
1487172513,-46.69306,-23.58033
1487172522,-46.69517,-23.57766
1487172528,-46.69552,-23.57692
1487172534,-46.696,-23.57546
1487172536,-46.69612,-23.57589
1487172537,-46.69631,-23.57563
1487172539,-46.69651,-23.57538
1487172545,-46.69713,-23.57468
1487172547,-46.69735,-23.57447
1487172549,-46.69761,-23.57422
1487172552,-46.69781,-23.57399
1487172564,-46.69803,-23.5738
1487172568,-46.69945,-23.57261
1487172570,-46.6997,-23.57252
1487172573,-46.70008,-23.57226
1487172576,-46.70028,-23.57213
1487172577,-46.70047,-23.57198
1487172590,-46.7013,-23.57065
1487172597,-46.70144,-23.5699
1487172598,-46.70158,-23.5696
1487172600,-46.70163,-23.56936
1487172602,-46.70168,-23.56911
1487172604,-46.70183,-23.56888
1487172605,-46.7019,-23.56859
1487172614,-46.70221,-23.56757
1487172616,-46.70182,-23.56845
1487172617,-46.70247,-23.56708
1487172621,-46.70257,-23.56665
1487172624,-46.70261,-23.56637
1487172625,-46.70266,-23.56612
1487172627,-46.70267,-23.56589
1487172629,-46.70275,-23.5657
1487172645,-46.7034,-23.56403
1487172664,-46.70414,-23.56268
1487172665,-46.70437,-23.56247
1487172668,-46.70443,-23.56224
1487172670,-46.70458,-23.56199
1487172673,-46.70453,-23.56194
1487172677,-46.70515,-23.56114
1487172679,-46.7053,-23.56095
1487172682,-46.70546,-23.56075
1487172684,-46.70563,-23.56057
1487172686,-46.70576,-23.5604
1487172689,-46.70603,-23.55999
1487172695,-46.70453,-23.56194
1487172705,-46.7065,-23.55847
1487172714,-46.70703,-23.55758
1487172716,-46.70714,-23.5574
1487172720,-46.7051,-23.56012
1487172729,-46.70751,-23.55654
1487172734,-46.70749,-23.55627
1487172738,-46.70759,-23.55601
1487172740,-46.70801,-23.55568
1487172751,-46.70783,-23.55562
1487172762,-46.7076,-23.55513
1487172765,-46.70742,-23.55495
1487172776,-46.70736,-23.55486
1487172787,-46.70732,-23.55496
1487172806,-46.83424,-23.50656
1487172813,-46.70697,-23.55469
1487172817,-46.70719,-23.55432
1487172821,-46.70714,-23.55404
1487172826,-46.70705,-23.55374
1487172840,-46.7075,-23.55287
1487172843,-46.70763,-23.55272
1487172858,-46.7078,-23.55239
1487172865,-46.70836,-23.55205
1487172867,-46.70782,-23.55193
1487172870,-46.70861,-23.55174
1487172874,-46.70815,-23.55145
1487172884,-46.70815,-23.55145
1487172887,-46.70725,-23.5511
1487172908,-46.70725,-23.5511
1487172914,-46.70742,-23.55016
1487172920,-46.70718,-23.55093
1487172921,-46.7068,-23.54952
1487172933,-46.70634,-23.5487
1487172935,-46.70608,-23.54857
1487172937,-46.70634,-23.5486
1487172947,-46.70641,-23.54856
1487172962,-46.70649,-23.54832
1487172971,-46.70597,-23.5482
1487172981,-46.70597,-23.5482
1487172994,-46.83424,-23.50656
1487172996,-46.70605,-23.54592
1487172999,-46.70604,-23.54569
1487173008,-46.70595,-23.54516
1487173012,-46.70552,-23.54521
1487173017,-46.70601,-23.54486
1487173020,-46.70621,-23.54481
1487173027,-46.70666,-23.54458
1487173032,-46.70683,-23.54448
1487173036,-46.70681,-23.54429
1487173047,-46.7064,-23.54345
1487173052,-46.70625,-23.5432
1487173058,-46.70587,-23.5428
1487173060,-46.70556,-23.54269
1487173061,-46.70544,-23.54254
1487173065,-46.70522,-23.54226
1487173073,-46.70486,-23.542
1487173077,-46.705,-23.54186
1487173084,-46.70488,-23.54161
1487173091,-46.70467,-23.54149
1487173095,-46.70454,-23.54151
1487173101,-46.70427,-23.54178
1487173103,-46.70399,-23.5419
1487173108,-46.70379,-23.54201
1487173112,-46.70363,-23.54218
1487173115,-46.7034,-23.5421
1487173121,-46.70311,-23.54207
1487173125,-46.70291,-23.54196
1487173128,-46.70279,-23.5418
1487173131,-46.70247,-23.54158
1487173150,-46.7025,-23.54186
1487173154,-46.70212,-23.54152
1487173157,-46.70242,-23.5415
1487173173,-46.70277,-23.54108
1487173179,-46.70262,-23.54085
1487173194,-46.70219,-23.54074
1487173197,-46.70191,-23.54078
1487173208,-46.70182,-23.54078
1487173219,-46.70234,-23.54062
1487173221,-46.70181,-23.54077
1487173230,-46.70159,-23.54081
1487173249,-46.70082,-23.5409
1487173252,-46.70059,-23.54094
1487173256,-46.70039,-23.54101
1487173259,-46.70012,-23.54101
1487173264,-46.69976,-23.54103
1487173270,-46.69932,-23.54098
1487173294,-46.69993,-23.54097
1487173296,-46.69895,-23.54077
1487173298,-46.69852,-23.54062
1487173308,-46.6984,-23.54071
1487173337,-46.69848,-23.54082
1487173370,-46.69844,-23.54084
1487173380,-46.69831,-23.54087
1487173394,-46.69783,-23.54023
1487173402,-46.69786,-23.53964
1487173409,-46.69782,-23.53917
1487173419,-46.69788,-23.53905
1487173422,-46.69787,-23.53808
1487173427,-46.6977,-23.53774
1487173432,-46.69756,-23.53725
1487173436,-46.69742,-23.53707
1487173447,-46.69755,-23.53646
1487173456,-46.69759,-23.53596
1487173461,-46.69768,-23.53563
1487173465,-46.69782,-23.53533
1487173474,-46.69766,-23.53557
1487173476,-46.69788,-23.53475
1487173480,-46.69791,-23.53453
1487173487,-46.6979,-23.53432
1487173494,-46.69772,-23.53458
1487173507,-46.69675,-23.53503
1487173511,-46.69766,-23.53446
1487173512,-46.69645,-23.53523
1487173516,-46.69631,-23.53541
1487173525,-46.69611,-23.53556
1487173531,-46.69595,-23.53527
1487173542,-46.69588,-23.53518
1487173546,-46.69539,-23.53441
1487173550,-46.6951,-23.53432
1487173555,-46.69489,-23.53405
1487173556,-46.69471,-23.53393
1487173558,-46.69449,-23.53386
1487173563,-46.6942,-23.53368
1487173566,-46.694,-23.53353
1487173568,-46.69388,-23.53338
1487173579,-46.69375,-23.53326
1487173581,-46.69343,-23.53239
1487173584,-46.69342,-23.53219
1487173590,-46.69342,-23.532
1487173592,-46.6932,-23.532
1487173597,-46.69298,-23.53205
1487173601,-46.69292,-23.53226
1487173604,-46.69275,-23.53241
1487173619,-46.69264,-23.53264
1487173629,-46.69267,-23.53278
1487173634,-46.69242,-23.53281
1487173645,-46.69219,-23.53273
1487173666,-46.69221,-23.5326
1487173672,-46.6921,-23.53243
1487173677,-46.69195,-23.53222
1487173689,-46.6919,-23.53157
1487173699,-46.69154,-23.53107
1487173708,-46.69127,-23.5311
