1489668347,-34.91249,-8.11103
1489668353,-34.91249,-8.11103
1489668375,-34.91249,-8.11104
1489668385,-34.91249,-8.11104
1489668396,-34.91249,-8.11104
1489668428,-34.91249,-8.11104
1489668441,-34.91242,-8.11119
1489668447,-34.91249,-8.11143
1489668450,-34.91252,-8.11163
1489668454,-34.91258,-8.11185
1489668469,-34.91282,-8.11311
1489668473,-34.91291,-8.11355
1489668476,-34.91295,-8.11378
1489668480,-34.91301,-8.11409
1489668485,-34.91279,-8.11237
1489668486,-34.91311,-8.11458
1489668489,-34.91318,-8.11482
1489668512,-34.91326,-8.11526
1489668524,-34.91329,-8.11545
1489668530,-34.91337,-8.11584
1489668534,-34.91344,-8.11619
1489668550,-34.91367,-8.11766
1489668551,-34.91371,-8.11787
1489668555,-34.9138,-8.11831
1489668559,-34.9139,-8.1188
1489668561,-34.91395,-8.11906
1489668564,-34.914,-8.11934
1489668572,-34.91423,-8.12053
1489668576,-34.91433,-8.1211
1489668579,-34.91443,-8.12156
1489668615,-34.91842,-8.1215
1489668616,-34.91853,-8.12128
1489668618,-34.91868,-8.12108
1489668642,-34.92085,-8.11937
1489668643,-34.92104,-8.11925
1489668649,-34.92142,-8.11885
1489668654,-34.92173,-8.11848
1489668657,-34.92187,-8.11833
1489668658,-34.92197,-8.11818
1489668660,-34.92211,-8.11799
1489668663,-34.92226,-8.11779
1489668678,-34.92385,-8.11605
1489668684,-34.92426,-8.11535
1489668693,-34.92516,-8.1146
1489668695,-34.92534,-8.11442
1489668697,-34.92551,-8.11425
1489668701,-34.92576,-8.11396
1489668703,-34.92591,-8.11375
1489668708,-34.92622,-8.11315
1489668711,-34.92637,-8.11265
1489668725,-34.92615,-8.11336
1489668731,-34.92666,-8.11003
1489668735,-34.92675,-8.10964
1489668738,-34.92682,-8.10923
1489668740,-34.92686,-8.10905
1489668743,-34.92685,-8.10885
1489668746,-34.92687,-8.10858
1489668749,-34.92686,-8.10838
1489668773,-34.9272,-8.10617
1489668782,-34.92741,-8.10482
1489668785,-34.92746,-8.10438
1489668787,-34.92751,-8.10408
1489668792,-34.92761,-8.10348
1489668793,-34.92764,-8.10318
1489668795,-34.92766,-8.10289
1489668817,-34.92804,-8.10011
1489668822,-34.92819,-8.09925
1489668828,-34.9283,-8.09862
1489668829,-34.92835,-8.09836
1489668836,-34.92835,-8.09772
1489668838,-34.92838,-8.09749
1489668844,-34.92848,-8.09685
1489668870,-34.92886,-8.0941
1489668881,-34.92901,-8.09268
1489668892,-34.92929,-8.09133
1489668933,-34.93112,-8.08662
1489668958,-34.93163,-8.08601
1489668969,-34.93162,-8.08601
1489668980,-34.93162,-8.08601
1489668998,-34.93153,-8.08591
1489669039,-34.93186,-8.08541
1489669040,-34.9319,-8.08532
1489669113,-34.93246,-8.08379
1489669154,-34.93377,-8.08022
1489669155,-34.93377,-8.08022
1489669196,-34.93375,-8.08006
1489669197,-34.93375,-8.08006
1489669224,-34.93428,-8.07846
1489669227,-34.93444,-8.07812
1489669228,-34.93456,-8.07788
1489669231,-34.9347,-8.07765
1489669232,-34.93483,-8.07743
1489669234,-34.93498,-8.0772
1489669237,-34.93523,-8.07684
1489669239,-34.93539,-8.07664
1489669242,-34.93559,-8.07638
1489669245,-34.93577,-8.07613
1489669247,-34.93588,-8.07596
1489669249,-34.936,-8.07578
1489669251,-34.93613,-8.0756
1489669253,-34.93626,-8.0754
1489669255,-34.9364,-8.07519
1489669257,-34.93655,-8.07497
1489669259,-34.9367,-8.07476
1489669261,-34.93684,-8.07453
1489669263,-34.93698,-8.07432
1489669266,-34.93721,-8.07398
1489669268,-34.93737,-8.07375
1489669271,-34.9376,-8.07338
1489669273,-34.93777,-8.07311
1489669276,-34.93804,-8.07271
1489669278,-34.93823,-8.07243
1489669281,-34.93852,-8.07199
1489669284,-34.93872,-8.07171
1489669286,-34.93893,-8.07141
1489669288,-34.93912,-8.07112
1489669290,-34.93933,-8.07083
1489669296,-34.94001,-8.06979
1489669299,-34.9403,-8.06938
1489669311,-34.94141,-8.06779
1489669342,-34.94424,-8.06379
1489669351,-34.94463,-8.06312
1489669362,-34.94468,-8.06303
1489669387,-34.94508,-8.06229
1489669400,-34.94508,-8.06229
1489669421,-34.94546,-8.06116
1489669434,-34.94566,-8.06047
1489669437,-34.9457,-8.06026
1489669441,-34.94574,-8.06001
1489669447,-34.94585,-8.05984
1489669471,-34.94589,-8.05964
1489669476,-34.94594,-8.05946
1489669481,-34.94601,-8.05928
1489669525,-34.94643,-8.0581
1489669564,-34.94646,-8.05761
1489669574,-34.94646,-8.05761
1489669602,-34.94649,-8.05734
1489669604,-34.94637,-8.05717
1489669625,-34.94634,-8.05685
1489669647,-34.94632,-8.05622
1489669653,-34.94631,-8.05597
1489669660,-34.94633,-8.05578
1489669670,-34.94627,-8.05568
1489669678,-34.94625,-8.05549
1489669698,-34.9463,-8.05513
1489669708,-34.94622,-8.05509
1489669714,-34.94625,-8.05479
1489669729,-34.94626,-8.05361
1489669740,-34.94611,-8.05266
1489669745,-34.94604,-8.05199
1489669749,-34.94595,-8.05132
1489669751,-34.94588,-8.05098
1489669753,-34.94582,-8.05064
1489669756,-34.94574,-8.05028
1489669757,-34.94566,-8.04991
1489669783,-34.94443,-8.04549
1489669784,-34.94431,-8.04519
1489669788,-34.94407,-8.04458
1489669791,-34.94389,-8.04412
1489669794,-34.94378,-8.04381
1489669795,-34.94366,-8.0435
1489669797,-34.94355,-8.0432
1489669800,-34.9434,-8.04294
1489669802,-34.94322,-8.04257
1489669805,-34.94302,-8.04221
1489669824,-34.94207,-8.03961
1489669826,-34.942,-8.03938
1489669829,-34.94193,-8.03916
1489669830,-34.94188,-8.03898
1489669834,-34.94172,-8.03852
1489669839,-34.94162,-8.03798
1489669841,-34.94157,-8.03752
1489669846,-34.9415,-8.03683
1489669852,-34.94148,-8.03564
1489669863,-34.9418,-8.0338
1489669904,-34.94314,-8.0282
1489669927,-34.94278,-8.02507
1489669930,-34.94278,-8.02484
1489669949,-34.94264,-8.02226
1489669953,-34.94257,-8.02162
1489669954,-34.94254,-8.02132
1489669959,-34.94252,-8.02052
1489669965,-34.94238,-8.01953
1489669969,-34.94223,-8.01907
1489669971,-34.94208,-8.01862
1489669974,-34.94185,-8.01824
1489669984,-34.94108,-8.0171
1489670005,-34.93964,-8.01508
1489670006,-34.9395,-8.01486
1489670009,-34.93936,-8.01462
1489670012,-34.93911,-8.01409
1489670015,-34.93892,-8.01372
1489670018,-34.93876,-8.0134
1489670022,-34.9386,-8.01309
1489670046,-34.93735,-8.01086
1489670050,-34.9372,-8.01022
1489670052,-34.93714,-8.01
1489670055,-34.93699,-8.00972
1489670058,-34.9368,-8.00949
1489670069,-34.93585,-8.00999
1489670093,-34.9345,-8.01142
1489670095,-34.93436,-8.01156
1489670096,-34.93419,-8.01168
1489670099,-34.93401,-8.01178
1489670102,-34.93383,-8.01186
1489670127,-34.93201,-8.01244
1489670129,-34.93214,-8.0126
1489670130,-34.93172,-8.01262
1489670133,-34.93156,-8.01288
1489670137,-34.93148,-8.01326
1489670142,-34.93148,-8.01357
1489670169,-34.93154,-8.0142
1489670173,-34.93153,-8.01457
1489670176,-34.9315,-8.01479
1489670180,-34.93138,-8.01533
1489670183,-34.93126,-8.01553
1489670184,-34.93113,-8.0157
1489670187,-34.93097,-8.01591
1489670200,-34.92998,-8.01689
1489670211,-34.92888,-8.01794
1489670233,-34.92749,-8.01924
1489670243,-34.92634,-8.02033
1489670246,-34.92619,-8.02049
1489670253,-34.92583,-8.02065
1489670264,-34.92506,-8.0205
1489670276,-34.92376,-8.02051
1489670294,-34.92202,-8.02081
1489670310,-34.92228,-8.02072
1489670311,-34.922,-8.02081
1489670332,-34.922,-8.02081
1489670343,-34.92179,-8.02084
1489670373,-34.91989,-8.02224
1489670384,-34.91923,-8.02269
1489670385,-34.91908,-8.02279
1489670387,-34.91896,-8.02292
1489670388,-34.92098,-8.02128
1489670391,-34.9188,-8.02308
1489670397,-34.91867,-8.02323
1489670433,-34.91837,-8.02375
1489670452,-34.91821,-8.02389
1489670462,-34.91817,-8.02393
1489670473,-34.91796,-8.02427
1489670478,-34.91787,-8.0245
1489670483,-34.91779,-8.0247
1489670487,-34.91783,-8.02491
1489670492,-34.9178,-8.02499
