1486664236,-46.48363,-23.42555
1486664240,-46.48363,-23.42555
1486664257,-46.48354,-23.42556
1486664267,-46.48341,-23.42559
1486664277,-46.48325,-23.42563
1486664288,-46.48306,-23.42559
1486664293,-46.48283,-23.42555
1486664300,-46.48239,-23.42539
1486664310,-46.48226,-23.42531
1486664331,-46.48224,-23.42527
1486664338,-46.48198,-23.42524
1486664348,-46.48135,-23.42532
1486664350,-46.48111,-23.42531
1486664364,-46.48063,-23.42542
1486664375,-46.48056,-23.42544
1486664385,-46.48026,-23.42543
1486664406,-46.47947,-23.42451
1486664410,-46.47954,-23.42423
1486664411,-46.47959,-23.42405
1486664413,-46.47963,-23.42385
1486664419,-46.47979,-23.42337
1486664420,-46.47984,-23.42319
1486664437,-46.48031,-23.4218
1486664439,-46.48052,-23.42175
1486664445,-46.48125,-23.42178
1486664446,-46.4815,-23.42181
1486664448,-46.48175,-23.42183
1486664451,-46.48202,-23.42185
1486664453,-46.48243,-23.4219
1486664460,-46.48339,-23.42218
1486664468,-46.48434,-23.42242
1486664471,-46.4848,-23.42253
1486664474,-46.48544,-23.4227
1486664477,-46.48577,-23.42277
1486664479,-46.48608,-23.42286
1486664480,-46.48639,-23.42293
1486664488,-46.48762,-23.42325
1486664491,-46.48794,-23.42334
1486664492,-46.48828,-23.42344
1486664499,-46.48943,-23.42374
1486664505,-46.49025,-23.42399
1486664506,-46.49055,-23.42409
1486664508,-46.49084,-23.42423
1486664518,-46.4921,-23.42534
1486664520,-46.49227,-23.42562
1486664534,-46.49286,-23.42767
1486664539,-46.49295,-23.42832
1486664540,-46.49299,-23.42864
1486664543,-46.49304,-23.42896
1486664548,-46.49313,-23.42981
1486664551,-46.49317,-23.43032
1486664554,-46.49325,-23.43098
1486664557,-46.49328,-23.43133
1486664562,-46.49339,-23.43235
1486664566,-46.49345,-23.43301
1486664569,-46.4935,-23.43352
1486664572,-46.49356,-23.43405
1486664583,-46.49389,-23.43609
1486664590,-46.49406,-23.43699
1486664601,-46.4945,-23.43922
1486664610,-46.49485,-23.44101
1486664613,-46.49491,-23.44135
1486664618,-46.49498,-23.44242
1486664625,-46.49485,-23.44349
1486664635,-46.49428,-23.44519
1486664646,-46.49351,-23.44707
1486664656,-46.49285,-23.4487
1486664660,-46.49259,-23.44933
1486664665,-46.49232,-23.44999
1486664668,-46.49203,-23.45066
1486664673,-46.49166,-23.45151
1486664676,-46.49153,-23.45184
1486664680,-46.4912,-23.45268
1486664696,-46.49048,-23.45544
1486664698,-46.4905,-23.45562
1486664708,-46.49078,-23.45726
1486664719,-46.49107,-23.45889
1486664722,-46.49118,-23.45932
1486664724,-46.49124,-23.45962
1486664726,-46.49133,-23.46007
1486664729,-46.49136,-23.46038
1486664740,-46.49092,-23.46218
1486664743,-46.49079,-23.4625
1486664744,-46.49068,-23.46282
1486664749,-46.49047,-23.46344
1486664751,-46.49045,-23.46395
1486664755,-46.49051,-23.46443
1486664761,-46.4907,-23.46534
1486664762,-46.49076,-23.46563
1486664765,-46.49082,-23.46592
1486664774,-46.49116,-23.46737
1486664777,-46.49125,-23.46761
1486664778,-46.49133,-23.46792
1486664785,-46.49159,-23.46891
1486664789,-46.49178,-23.46956
1486664791,-46.4919,-23.46985
1486664795,-46.49218,-23.47066
1486664798,-46.49236,-23.47113
1486664805,-46.49292,-23.47198
1486664809,-46.49368,-23.47243
1486664812,-46.4942,-23.47255
1486664817,-46.49515,-23.47255
1486664819,-46.49536,-23.47253
1486664820,-46.49575,-23.47252
1486664822,-46.49595,-23.4725
1486664824,-46.49653,-23.47243
1486664826,-46.49673,-23.4724
1486664827,-46.49712,-23.47234
1486664829,-46.49753,-23.47232
1486664830,-46.49773,-23.4723
1486664838,-46.49938,-23.47222
1486664843,-46.5004,-23.4722
1486664848,-46.50122,-23.47221
1486664849,-46.50142,-23.47221
1486664851,-46.50202,-23.47224
1486664853,-46.50242,-23.47225
1486664857,-46.50303,-23.4723
1486664858,-46.50323,-23.47231
1486664860,-46.50382,-23.47236
1486664863,-46.50421,-23.4724
1486664864,-46.50462,-23.47245
1486664866,-46.50481,-23.47248
1486664867,-46.50522,-23.47254
1486664872,-46.50603,-23.47267
1486664878,-46.50743,-23.47301
1486664880,-46.50763,-23.47306
1486664881,-46.50784,-23.47311
1486664889,-46.5094,-23.47356
1486664891,-46.51,-23.47375
1486664893,-46.51018,-23.47382
1486664895,-46.51058,-23.47397
1486664896,-46.51096,-23.47411
1486664897,-46.51115,-23.47419
1486664899,-46.51134,-23.47427
1486664901,-46.51173,-23.47442
1486664902,-46.51212,-23.47459
1486664911,-46.51362,-23.47528
1486664914,-46.51414,-23.47557
1486664915,-46.51432,-23.47566
1486664916,-46.51466,-23.47585
1486664923,-46.5159,-23.47656
1486664925,-46.51608,-23.47667
1486664928,-46.51675,-23.47713
1486664930,-46.51692,-23.47725
1486664931,-46.5171,-23.47737
1486664932,-46.51743,-23.4776
1486664941,-46.51894,-23.47869
1486664945,-46.51966,-23.47916
1486664947,-46.51984,-23.47927
1486664953,-46.52099,-23.47984
1486664955,-46.52138,-23.48002
1486664956,-46.52176,-23.4802
1486664959,-46.52213,-23.48037
1486664964,-46.52315,-23.48084
1486664967,-46.52368,-23.48108
1486664969,-46.52386,-23.48116
1486664972,-46.52438,-23.48142
1486664984,-46.52661,-23.48308
1486664986,-46.52677,-23.48323
1486664987,-46.5271,-23.48352
1486664992,-46.52774,-23.48412
1486664993,-46.52806,-23.48442
1486664997,-46.52868,-23.48501
1486664998,-46.52884,-23.48515
1486665000,-46.52914,-23.48544
1486665002,-46.52944,-23.48573
1486665019,-46.53222,-23.48825
1486665020,-46.5324,-23.4884
1486665022,-46.53259,-23.48854
1486665025,-46.53316,-23.48895
1486665028,-46.53373,-23.48935
1486665029,-46.53411,-23.48962
1486665033,-46.53488,-23.49017
1486665038,-46.53568,-23.49078
1486665049,-46.53766,-23.49218
1486665052,-46.538,-23.49243
1486665053,-46.53833,-23.49267
1486665054,-46.53853,-23.4928
1486665060,-46.53967,-23.49362
1486665063,-46.54001,-23.49388
1486665065,-46.5404,-23.49416
1486665070,-46.54127,-23.49478
1486665085,-46.54366,-23.49745
1486665089,-46.54397,-23.49827
1486665090,-46.54402,-23.49849
1486665095,-46.54431,-23.49963
1486665096,-46.54439,-23.5
1486665101,-46.54453,-23.50089
1486665121,-46.54632,-23.50495
1486665123,-46.5465,-23.50509
1486665131,-46.5481,-23.50592
1486665132,-46.54854,-23.50603
1486665133,-46.54876,-23.50607
1486665135,-46.54903,-23.50612
1486665137,-46.54944,-23.50618
1486665138,-46.54967,-23.50621
1486665140,-46.55013,-23.50627
1486665142,-46.55058,-23.50634
1486665147,-46.55172,-23.50659
1486665155,-46.55343,-23.50732
1486665158,-46.55399,-23.50768
1486665163,-46.5549,-23.50843
1486665165,-46.55526,-23.50881
1486665166,-46.55551,-23.50914
1486665168,-46.55577,-23.50949
1486665171,-46.55607,-23.51004
1486665174,-46.55624,-23.51041
1486665175,-46.55631,-23.51063
1486665189,-46.55687,-23.51313
1486665190,-46.55691,-23.51349
1486665192,-46.55693,-23.51367
1486665194,-46.55695,-23.51402
1486665197,-46.55696,-23.51453
1486665198,-46.55694,-23.51488
1486665200,-46.55691,-23.51521
1486665205,-46.5568,-23.5159
1486665209,-46.55669,-23.51637
1486665210,-46.55661,-23.51671
1486665219,-46.55628,-23.51838
1486665222,-46.55626,-23.51871
1486665231,-46.55646,-23.52022
1486665242,-46.55735,-23.52171
1486665260,-46.55994,-23.523
1486665262,-46.56025,-23.52302
1486665266,-46.56087,-23.52301
1486665269,-46.5612,-23.52299
1486665271,-46.56173,-23.52298
1486665274,-46.56207,-23.52294
1486665286,-46.56421,-23.52309
1486665293,-46.56508,-23.52328
1486665295,-46.56538,-23.52337
1486665296,-46.56563,-23.52346
1486665298,-46.56591,-23.5236
1486665302,-46.56644,-23.52386
1486665305,-46.56673,-23.52402
1486665309,-46.56725,-23.52428
1486665316,-46.56821,-23.5247
1486665331,-46.57,-23.52533
1486665335,-46.57069,-23.52547
1486665338,-46.57099,-23.52552
1486665343,-46.57158,-23.52558
1486665345,-46.57218,-23.5256
1486665360,-46.57414,-23.52545
1486665362,-46.57442,-23.52542
1486665363,-46.57471,-23.5254
1486665365,-46.57501,-23.52537
1486665368,-46.57523,-23.52537
1486665379,-46.57675,-23.52546
1486665399,-46.5795,-23.52608
1486665403,-46.57992,-23.52619
1486665407,-46.58061,-23.52636
1486665412,-46.58133,-23.52655
1486665416,-46.58188,-23.52667
1486665421,-46.58243,-23.52681
1486665423,-46.58272,-23.52692
1486665424,-46.58299,-23.52702
1486665432,-46.58384,-23.52728
1486665434,-46.5841,-23.52736
1486665435,-46.58436,-23.52743
1486665440,-46.5848,-23.52755
1486665442,-46.58516,-23.52764
1486665444,-46.58544,-23.52772
1486665460,-46.58652,-23.52741
1486665462,-46.58647,-23.52719
1486665465,-46.58629,-23.52702
1486665469,-46.58606,-23.52698
1486665472,-46.58581,-23.52709
1486665477,-46.58564,-23.52732
1486665485,-46.5853,-23.52788
1486665490,-46.58508,-23.52844
1486665496,-46.58487,-23.52894
1486665503,-46.58474,-23.52922
1486665508,-46.5846,-23.52953
1486665509,-46.58447,-23.5298
1486665528,-46.58415,-23.53059
1486665538,-46.58414,-23.5306
1486665559,-46.58399,-23.53103
1486665564,-46.58389,-23.53137
1486665570,-46.58381,-23.53169
1486665573,-46.58377,-23.5319
1486665577,-46.5837,-23.53217
1486665584,-46.58356,-23.53274
1486665588,-46.58351,-23.533
1486665594,-46.58333,-23.53366
1486665599,-46.58323,-23.53407
1486665601,-46.58315,-23.5344
1486665604,-46.58309,-23.53463
1486665607,-46.58297,-23.53507
1486665610,-46.58291,-23.53528
1486665611,-46.58286,-23.53547
1486665624,-46.58248,-23.537
1486665628,-46.58237,-23.5375
1486665631,-46.58229,-23.53784
1486665635,-46.58213,-23.53828
1486665638,-46.582,-23.53848
1486665641,-46.58178,-23.53877
1486665660,-46.58092,-23.54101
1486665662,-46.58085,-23.54126
1486665665,-46.5808,-23.54147
1486665666,-46.58075,-23.54171
1486665668,-46.5807,-23.54192
1486665671,-46.58062,-23.54231
1486665677,-46.5805,-23.54291
1486665678,-46.58046,-23.54314
1486665692,-46.58008,-23.54478
1486665695,-46.58004,-23.54499
1486665696,-46.58,-23.54519
1486665699,-46.57995,-23.54539
1486665701,-46.5799,-23.54565
1486665704,-46.57984,-23.54588
1486665709,-46.57976,-23.54611
1486665719,-46.57974,-23.54622
1486665731,-46.57975,-23.54622
1486665741,-46.57974,-23.54632
1486665753,-46.57973,-23.54633
1486665763,-46.57972,-23.54639
1486665773,-46.57968,-23.5466
1486665778,-46.57961,-23.54682
1486665787,-46.57951,-23.54725
1486665789,-46.57946,-23.54747
1486665794,-46.57938,-23.54778
1486665798,-46.57933,-23.54805
1486665802,-46.5793,-23.54826
1486665819,-46.5792,-23.54866
1486665823,-46.57916,-23.54884
1486665833,-46.57912,-23.54888
1486665854,-46.57895,-23.54939
1486665871,-46.57887,-23.54969
1486665892,-46.57881,-23.5499
1486665895,-46.57873,-23.5501
1486665898,-46.57864,-23.55028
1486665902,-46.57853,-23.55048
1486665905,-46.5784,-23.55074
1486665912,-46.57819,-23.55112
1486665928,-46.57806,-23.55135
1486665942,-46.57796,-23.55152
1486665952,-46.57778,-23.55193
1486665958,-46.57767,-23.55211
1486665967,-46.57757,-23.55231
1486665972,-46.57747,-23.55251
1486665975,-46.57737,-23.55267
1486665985,-46.57709,-23.55351
1486665991,-46.57706,-23.5541
1486665997,-46.57711,-23.55457
1486665998,-46.57715,-23.55476
1486666001,-46.5772,-23.55496
1486666003,-46.57727,-23.55516
1486666004,-46.57731,-23.55536
1486666006,-46.57736,-23.55556
1486666019,-46.57761,-23.55675
1486666022,-46.57766,-23.55696
1486666031,-46.57775,-23.55737
1486666041,-46.57777,-23.55736
1486666052,-46.57777,-23.55737
1486666064,-46.57777,-23.55737
1486666101,-46.57787,-23.55815
1486666102,-46.57785,-23.55835
1486666104,-46.57782,-23.55856
1486666114,-46.57742,-23.55944
1486666117,-46.57732,-23.55967
1486666120,-46.5772,-23.55991
1486666122,-46.5771,-23.56014
1486666125,-46.57694,-23.56058
1486666128,-46.57687,-23.56077
1486666130,-46.57682,-23.56096
1486666133,-46.57673,-23.56129
1486666136,-46.57669,-23.56146
1486666147,-46.57666,-23.5616
1486666157,-46.57665,-23.56159
1486666185,-46.57651,-23.56209
1486666188,-46.57641,-23.56232
1486666190,-46.57633,-23.56258
1486666196,-46.57616,-23.56313
1486666198,-46.57607,-23.56342
1486666200,-46.57601,-23.56362
1486666208,-46.57582,-23.56436
1486666218,-46.5755,-23.56525
1486666224,-46.57531,-23.5657
1486666227,-46.57518,-23.56595
1486666229,-46.57503,-23.56619
1486666232,-46.57488,-23.56643
1486666241,-46.57441,-23.56718
1486666253,-46.57383,-23.56813
1486666254,-46.57376,-23.5683
1486666256,-46.5737,-23.5685
1486666258,-46.57365,-23.5687
1486666262,-46.57361,-23.569
1486666266,-46.57358,-23.56935
1486666283,-46.57354,-23.57116
1486666286,-46.57341,-23.57133
1486666288,-46.57318,-23.57161
1486666290,-46.57299,-23.57176
1486666293,-46.57282,-23.57191
1486666294,-46.57263,-23.57208
1486666299,-46.57225,-23.57238
1486666307,-46.5714,-23.57305
1486666313,-46.57099,-23.5737
1486666316,-46.57092,-23.57393
1486666317,-46.57087,-23.57416
1486666319,-46.57085,-23.57439
1486666322,-46.57084,-23.57466
1486666325,-46.57101,-23.57516
1486666329,-46.57108,-23.57555
1486666331,-46.57119,-23.57587
1486666348,-46.5715,-23.57759
1486666349,-46.57156,-23.57782
1486666351,-46.57161,-23.578
1486666354,-46.57168,-23.57824
1486666358,-46.57178,-23.57844
1486666361,-46.57185,-23.57861
1486666386,-46.57215,-23.57917
1486666388,-46.5722,-23.57935
1486666392,-46.57228,-23.57967
1486666394,-46.57228,-23.57988
1486666395,-46.57228,-23.58008
1486666399,-46.57225,-23.58045
1486666409,-46.57232,-23.58157
1486666412,-46.57256,-23.58193
1486666417,-46.57294,-23.58219
1486666418,-46.57313,-23.58231
1486666424,-46.57362,-23.58258
1486666425,-46.57382,-23.58268
1486666428,-46.57408,-23.5828
1486666438,-46.57501,-23.58324
1486666442,-46.57544,-23.58344
1486666445,-46.57575,-23.58355
1486666449,-46.57612,-23.58371
1486666450,-46.57635,-23.5838
1486666454,-46.57667,-23.58393
1486666455,-46.57688,-23.58401
1486666464,-46.57771,-23.58423
1486666475,-46.57881,-23.58439
1486666501,-46.58117,-23.58471
1486666506,-46.5814,-23.58471
1486666509,-46.58163,-23.58475
1486666512,-46.58186,-23.58477
1486666518,-46.58209,-23.58475
1486666523,-46.58228,-23.58472
1486666527,-46.58247,-23.58465
1486666541,-46.58342,-23.58427
1486666544,-46.58359,-23.58418
1486666549,-46.5838,-23.58411
1486666552,-46.58402,-23.58407
1486666578,-46.58419,-23.58407
1486666588,-46.58419,-23.58407
1486666608,-46.58444,-23.5841
1486666614,-46.58517,-23.58408
1486666619,-46.5857,-23.58412
1486666620,-46.58597,-23.58419
1486666622,-46.58623,-23.58429
1486666624,-46.58646,-23.5844
1486666627,-46.58669,-23.58453
1486666629,-46.58702,-23.5847
1486666635,-46.58756,-23.58499
1486666636,-46.58777,-23.5851
1486666642,-46.58827,-23.58539
1486666645,-46.58857,-23.58555
1486666646,-46.58878,-23.58567
1486666648,-46.58898,-23.58579
1486666650,-46.58917,-23.5859
1486666654,-46.58941,-23.58603
1486666670,-46.59045,-23.5866
1486666671,-46.59065,-23.58672
1486666673,-46.59085,-23.58682
1486666678,-46.59124,-23.58699
1486666683,-46.59185,-23.58716
1486666687,-46.59221,-23.58725
1486666689,-46.59245,-23.58728
1486666708,-46.5922,-23.58792
1486666711,-46.59193,-23.58789
1486666714,-46.59155,-23.58786
1486666719,-46.59077,-23.5879
1486666722,-46.59053,-23.58799
1486666730,-46.58963,-23.58856
1486666738,-46.5891,-23.58909
1486666748,-46.58903,-23.5892
1486666759,-46.58903,-23.5892
1486666769,-46.58903,-23.58921
1486666778,-46.58872,-23.58957
1486666783,-46.58855,-23.58979
1486666787,-46.58831,-23.59008
1486666796,-46.58764,-23.59086
1486666801,-46.58733,-23.5912
1486666804,-46.58711,-23.59145
1486666805,-46.58696,-23.59162
1486666807,-46.5868,-23.59179
1486666812,-46.58651,-23.59213
1486666816,-46.58609,-23.59253
1486666823,-46.58552,-23.59289
1486666832,-46.58457,-23.59347
1486666834,-46.58441,-23.59362
1486666843,-46.58391,-23.59425
1486666847,-46.58372,-23.59447
1486666850,-46.58357,-23.59462
1486666861,-46.58304,-23.59527
1486666871,-46.58297,-23.59539
1486666881,-46.58297,-23.59538
1486666891,-46.58297,-23.59538
1486666910,-46.58277,-23.59563
1486666913,-46.58263,-23.5958
1486666914,-46.58247,-23.59598
1486666920,-46.58209,-23.5964
1486666923,-46.58178,-23.59678
1486666933,-46.58104,-23.59766
1486666938,-46.58065,-23.59834
1486666940,-46.58054,-23.59858
1486666943,-46.58041,-23.5988
1486666945,-46.58027,-23.59899
1486666946,-46.58008,-23.59917
1486666956,-46.579,-23.59979
1486666958,-46.57883,-23.59989
1486666964,-46.57867,-23.60038
1486666967,-46.57862,-23.60068
1486666969,-46.57859,-23.60092
1486666973,-46.57854,-23.60122
1486666975,-46.57849,-23.60151
1486666979,-46.5784,-23.60204
1486666994,-46.57832,-23.60246
1486667008,-46.57825,-23.60289
1486667011,-46.57824,-23.60307
1486667025,-46.57851,-23.60483
1486667027,-46.5786,-23.60506
1486667031,-46.57873,-23.60539
1486667033,-46.5788,-23.60557
1486667036,-46.57899,-23.60605
1486667038,-46.57907,-23.60625
1486667041,-46.57916,-23.60645
1486667042,-46.57922,-23.60662
1486667045,-46.57931,-23.60686
1486667059,-46.57937,-23.60711
1486667069,-46.57938,-23.60711
1486667079,-46.57938,-23.60711
1486667089,-46.57938,-23.60711
1486667100,-46.57938,-23.60711
1486667109,-46.57945,-23.60736
1486667121,-46.57959,-23.60835
1486667123,-46.57963,-23.60853
1486667124,-46.57966,-23.60872
1486667128,-46.57972,-23.60911
1486667133,-46.57978,-23.60945
1486667136,-46.57984,-23.6098
1486667142,-46.57993,-23.61033
1486667146,-46.57999,-23.61074
1486667148,-46.58002,-23.61094
1486667150,-46.58005,-23.61113
1486667153,-46.58007,-23.61132
1486667158,-46.58017,-23.61185
1486667164,-46.58027,-23.61241
1486667168,-46.58034,-23.61275
1486667171,-46.58038,-23.61294
1486667174,-46.58047,-23.61336
1486667176,-46.5805,-23.61358
1486667181,-46.58058,-23.61401
1486667184,-46.58065,-23.61443
1486667186,-46.58068,-23.61464
1486667189,-46.58072,-23.61486
1486667190,-46.58076,-23.61509
1486667192,-46.5808,-23.61533
1486667197,-46.58089,-23.61581
1486667198,-46.58092,-23.61607
1486667200,-46.58096,-23.61632
1486667202,-46.581,-23.61657
1486667205,-46.58104,-23.61682
1486667207,-46.58108,-23.61706
1486667222,-46.58139,-23.61898
1486667224,-46.58142,-23.61921
1486667226,-46.58146,-23.61943
1486667229,-46.5815,-23.61966
1486667230,-46.58154,-23.61989
1486667232,-46.58158,-23.62011
1486667234,-46.58161,-23.6203
1486667241,-46.58173,-23.62081
1486667242,-46.58175,-23.621
1486667244,-46.58179,-23.62118
1486667257,-46.58198,-23.62252
1486667260,-46.58207,-23.62302
1486667262,-46.58211,-23.62327
1486667266,-46.58221,-23.62374
1486667270,-46.58228,-23.62423
1486667273,-46.5823,-23.62446
1486667274,-46.58234,-23.62466
1486667280,-46.58242,-23.62512
1486667299,-46.58256,-23.62585
1486667303,-46.58256,-23.62618
1486667306,-46.58245,-23.62655
1486667317,-46.58171,-23.62733
1486667330,-46.58141,-23.62761
1486667340,-46.58132,-23.62785
1486667348,-46.58116,-23.62867
1486667352,-46.58121,-23.62897
1486667363,-46.58123,-23.62909
1486667393,-46.58128,-23.62926
1486667404,-46.58128,-23.62926
1486667414,-46.58128,-23.62926
1486667430,-46.58108,-23.63012
1486667435,-46.58068,-23.63039
1486667438,-46.58022,-23.63069
1486667443,-46.57971,-23.63101
1486667444,-46.57949,-23.63115
1486667446,-46.57929,-23.63127
1486667451,-46.57913,-23.63139
1486667455,-46.57893,-23.63158
1486667456,-46.57879,-23.63172
1486667463,-46.57826,-23.63216
1486667464,-46.57807,-23.63236
1486667466,-46.57787,-23.63255
1486667468,-46.57766,-23.63274
1486667472,-46.57727,-23.63309
1486667480,-46.57699,-23.63338
1486667487,-46.57682,-23.63358
1486667491,-46.57661,-23.63379
1486667494,-46.5764,-23.63401
1486667498,-46.57626,-23.63422
1486667512,-46.57589,-23.63485
1486667525,-46.57568,-23.63521
1486667531,-46.57555,-23.63548
1486667542,-46.57524,-23.63609
1486667549,-46.57515,-23.63626
1486667555,-46.57505,-23.63642
1486667575,-46.57497,-23.63654
1486667582,-46.57486,-23.63678
1486667587,-46.57474,-23.63707
1486667590,-46.57455,-23.63745
1486667592,-46.57446,-23.63763
1486667597,-46.57432,-23.63787
1486667614,-46.57426,-23.63862
1486667618,-46.57446,-23.63849
1486667622,-46.5747,-23.63833
1486667641,-46.57473,-23.63958
1486667642,-46.5747,-23.63978
1486667646,-46.57464,-23.64016
1486667649,-46.5746,-23.64035
1486667651,-46.57457,-23.64055
1486667652,-46.57455,-23.64073
1486667656,-46.5745,-23.64107
1486667661,-46.57443,-23.64143
1486667663,-46.57439,-23.64164
1486667668,-46.57424,-23.64224
1486667673,-46.57415,-23.6426
1486667676,-46.57412,-23.6429
1486667686,-46.57415,-23.64302
1486667692,-46.57422,-23.6433
1486667706,-46.57449,-23.64387
1486667716,-46.57458,-23.64409
1486667721,-46.57466,-23.64426
1486667725,-46.57475,-23.64444
1486667730,-46.5752,-23.64434
1486667738,-46.57575,-23.64413
1486667744,-46.57585,-23.64395
1486667749,-46.57575,-23.64377
1486667754,-46.57574,-23.64354
1486667768,-46.57576,-23.64352
