1489285679,-46.65922,-23.61529
1489285682,-46.65922,-23.61529
1489285702,-46.65922,-23.61529
1489285713,-46.65922,-23.61529
1489285744,-46.65922,-23.61529
1489285754,-46.65922,-23.61529
1489285785,-46.65922,-23.61529
1489285795,-46.65922,-23.61529
1489285826,-46.65922,-23.61529
1489285837,-46.65922,-23.61529
1489285868,-46.65922,-23.61529
1489285878,-46.65922,-23.61529
1489285907,-46.65783,-23.61382
1489285913,-46.65922,-23.61529
1489285934,-46.65922,-23.61529
1489285955,-46.65922,-23.61529
1489285958,-46.65878,-23.61403
1489285973,-46.65922,-23.61529
1489285994,-46.65922,-23.61529
1489286015,-46.65782,-23.61383
1489286019,-46.65766,-23.6137
1489286023,-46.65772,-23.61351
1489286053,-46.65922,-23.61529
1489286074,-46.65922,-23.61529
1489286092,-46.65436,-23.60978
1489286113,-46.65451,-23.60982
1489286121,-46.65451,-23.60982
1489286123,-46.65451,-23.60982
1489286133,-46.65451,-23.60982
1489286137,-46.65922,-23.61529
1489286147,-46.65922,-23.61529
1489286178,-46.65426,-23.61033
1489286186,-46.65425,-23.61015
1489286205,-46.65424,-23.60988
1489286218,-46.65404,-23.6096
1489286246,-46.65178,-23.60919
1489286249,-46.65183,-23.60942
1489286250,-46.6516,-23.60976
1489286253,-46.65168,-23.60997
1489286255,-46.65155,-23.61025
1489286258,-46.65165,-23.61045
1489286260,-46.65154,-23.61063
1489286264,-46.65137,-23.61083
1489286268,-46.65127,-23.61111
1489286285,-46.65073,-23.6128
1489286286,-46.65062,-23.61302
1489286289,-46.65054,-23.61327
1489286291,-46.65041,-23.61349
1489286294,-46.65023,-23.61383
1489286298,-46.65,-23.61421
1489286302,-46.64997,-23.61444
1489286325,-46.64978,-23.61489
1489286329,-46.64959,-23.61528
1489286330,-46.64946,-23.61552
1489286338,-46.64924,-23.61611
1489286343,-46.64915,-23.61641
1489286363,-46.64844,-23.61807
1489286367,-46.64834,-23.61841
1489286369,-46.64822,-23.61867
1489286372,-46.64807,-23.619
1489286374,-46.64797,-23.61925
1489286377,-46.64785,-23.61959
1489286380,-46.6477,-23.61991
1489286385,-46.64743,-23.62042
1489286394,-46.64705,-23.62126
1489286400,-46.64692,-23.62183
1489286404,-46.64679,-23.62213
1489286408,-46.64672,-23.62251
1489286412,-46.64663,-23.6228
1489286416,-46.64647,-23.62308
1489286439,-46.64632,-23.62337
1489286449,-46.64629,-23.6236
1489286450,-46.64573,-23.62414
1489286453,-46.64529,-23.62476
1489286457,-46.64532,-23.62516
1489286459,-46.64519,-23.62539
1489286463,-46.64547,-23.62535
1489286484,-46.64546,-23.62539
1489286492,-46.64539,-23.62563
1489286495,-46.64531,-23.62581
1489286496,-46.64523,-23.626
1489286513,-46.64456,-23.62758
1489286516,-46.64449,-23.62786
1489286522,-46.64427,-23.62822
1489286526,-46.64394,-23.62825
1489286529,-46.64371,-23.62807
1489286534,-46.64333,-23.62777
1489286536,-46.64309,-23.62771
1489286538,-46.64281,-23.62767
1489286561,-46.6416,-23.62679
1489286571,-46.64154,-23.62692
1489286589,-46.64135,-23.62675
1489286602,-46.64024,-23.62699
1489286603,-46.64005,-23.62706
1489286604,-46.63983,-23.62707
1489286607,-46.63958,-23.62719
1489286617,-46.63957,-23.62722
1489286636,-46.63749,-23.6273
1489286640,-46.63721,-23.62734
1489286650,-46.63705,-23.62727
1489286653,-46.63587,-23.62768
1489286657,-46.6357,-23.62744
1489286673,-46.63548,-23.62665
1489286681,-46.63507,-23.62626
1489286685,-46.63433,-23.62637
1489286686,-46.63397,-23.62659
1489286688,-46.63364,-23.62663
1489286691,-46.63334,-23.62657
1489286694,-46.63304,-23.62653
1489286708,-46.63165,-23.62628
1489286714,-46.63127,-23.6261
1489286719,-46.63069,-23.62617
1489286722,-46.63013,-23.62644
1489286724,-46.62992,-23.62659
1489286728,-46.62968,-23.62662
1489286749,-46.62975,-23.62654
1489286759,-46.62975,-23.62654
1489286769,-46.62976,-23.62653
1489286787,-46.62926,-23.62631
1489286794,-46.62898,-23.62583
1489286797,-46.62888,-23.62566
1489286808,-46.62883,-23.62552
1489286830,-46.62826,-23.6255
1489286836,-46.62774,-23.62561
1489286838,-46.62754,-23.62566
1489286841,-46.62727,-23.62572
1489286845,-46.62696,-23.62586
1489286849,-46.62656,-23.62588
1489286855,-46.62604,-23.62588
1489286864,-46.62518,-23.62602
1489286879,-46.62454,-23.62615
1489286885,-46.6245,-23.62597
1489286890,-46.6244,-23.62578
1489286910,-46.62496,-23.62524
1489286916,-46.62517,-23.6252
1489286936,-46.62529,-23.62519
1489286967,-46.62543,-23.62508
1489286971,-46.62564,-23.62495
1489286984,-46.62657,-23.62468
1489286993,-46.62697,-23.62453
1489286996,-46.62717,-23.62443
1489287000,-46.62742,-23.62441
1489287004,-46.6275,-23.62458
1489287015,-46.6276,-23.62496
1489287035,-46.62766,-23.62526
1489287040,-46.62777,-23.62548
1489287055,-46.62783,-23.62584
1489287058,-46.62785,-23.62604
1489287062,-46.62788,-23.62626
1489287071,-46.62804,-23.62636
1489287075,-46.62823,-23.62631
1489287083,-46.62847,-23.62624
1489287088,-46.62868,-23.62614
1489287095,-46.62888,-23.62605
1489287103,-46.62882,-23.62575
1489287107,-46.62875,-23.62551
1489287111,-46.62867,-23.62524
1489287147,-46.62854,-23.62501
1489287158,-46.62854,-23.62501
1489287168,-46.62854,-23.62501
1489287178,-46.62855,-23.62501
1489287189,-46.62855,-23.62501
1489287209,-46.62855,-23.62501
1489287220,-46.62855,-23.62501
1489287230,-46.62855,-23.62501
1489287240,-46.62855,-23.62501
1489287251,-46.62855,-23.62501
1489287281,-46.62855,-23.62501
1489287302,-46.62855,-23.62501
1489287312,-46.62855,-23.62501
1489287333,-46.62855,-23.62501
1489287343,-46.62855,-23.62501
1489287354,-46.62855,-23.62501
1489287373,-46.62853,-23.62478
1489287378,-46.62851,-23.62448
1489287379,-46.62845,-23.62429
1489287382,-46.62839,-23.62412
1489287403,-46.62838,-23.62409
1489287413,-46.62838,-23.62409
1489287423,-46.62838,-23.62409
1489287434,-46.62838,-23.62408
1489287444,-46.62838,-23.62409
1489287454,-46.62838,-23.62408
1489287475,-46.62826,-23.62395
1489287495,-46.62825,-23.62392
1489287515,-46.62816,-23.62364
1489287518,-46.62802,-23.62328
1489287522,-46.62793,-23.6227
1489287524,-46.62789,-23.62231
1489287526,-46.62787,-23.62201
1489287532,-46.62781,-23.62121
1489287535,-46.62775,-23.62088
1489287540,-46.62779,-23.62046
1489287542,-46.62779,-23.62004
1489287545,-46.62774,-23.61968
1489287547,-46.62775,-23.61939
1489287552,-46.62766,-23.61865
1489287560,-46.62745,-23.61766
1489287568,-46.6272,-23.61657
1489287570,-46.62714,-23.61625
1489287572,-46.62712,-23.61599
1489287575,-46.62706,-23.61568
1489287582,-46.62704,-23.61534
1489287585,-46.62705,-23.61504
1489423328,-46.65782,-23.61365
