1489250280,-46.65002,-23.56859
1489250282,-46.65002,-23.56859
1489250291,-46.64978,-23.56856
1489250293,-46.64959,-23.56848
1489250296,-46.64949,-23.56838
1489250297,-46.64942,-23.5683
1489250303,-46.64928,-23.56816
1489250313,-46.64927,-23.56817
1489250323,-46.64926,-23.56817
1489250333,-46.64918,-23.56799
1489250336,-46.64911,-23.56781
1489250344,-46.64901,-23.56763
1489250355,-46.64836,-23.56697
1489250358,-46.64824,-23.5668
1489250360,-46.64811,-23.56655
1489250364,-46.64799,-23.56626
1489250366,-46.6479,-23.56608
1489250369,-46.64779,-23.56583
1489250380,-46.64777,-23.56574
1489250390,-46.64777,-23.56574
1489250400,-46.64777,-23.56574
1489250410,-46.64777,-23.56574
1489250421,-46.64777,-23.56574
1489250425,-46.6477,-23.56558
1489250432,-46.64774,-23.56528
1489250436,-46.64788,-23.56505
1489250439,-46.64812,-23.56501
1489250444,-46.64834,-23.56482
1489250450,-46.6487,-23.56456
1489250460,-46.64878,-23.56456
1489250468,-46.64892,-23.56443
1489250477,-46.64913,-23.56451
1489250481,-46.64925,-23.56467
1489250492,-46.64934,-23.56469
1489250502,-46.64942,-23.56473
1489250510,-46.6496,-23.5649
1489250518,-46.64994,-23.56515
1489250522,-46.65007,-23.56532
1489250527,-46.65014,-23.56549
1489250532,-46.65026,-23.56567
1489250538,-46.65031,-23.56585
1489250549,-46.6502,-23.56574
1489250559,-46.65024,-23.56566
1489250570,-46.65026,-23.56566
1489250580,-46.65031,-23.56559
1489250590,-46.65033,-23.5656
1489250601,-46.65021,-23.56574
1489250612,-46.65018,-23.56574
1489250622,-46.65009,-23.56583
1489250632,-46.65005,-23.5659
1489250654,-46.65056,-23.56605
1489250659,-46.65077,-23.566
1489250665,-46.65102,-23.56585
1489250669,-46.65118,-23.56569
1489250675,-46.65137,-23.56563
1489250686,-46.65139,-23.56562
1489250696,-46.65135,-23.56551
1489250707,-46.65137,-23.56534
1489250709,-46.65144,-23.56516
1489250715,-46.6515,-23.56493
1489250718,-46.65161,-23.56473
1489250722,-46.6519,-23.56475
1489250729,-46.65231,-23.56454
1489250733,-46.6524,-23.56436
1489250739,-46.65264,-23.56427
1489250748,-46.6529,-23.56392
1489250751,-46.65302,-23.56377
1489250759,-46.65345,-23.56348
1489250761,-46.65368,-23.56336
1489250765,-46.65386,-23.56321
1489250771,-46.65426,-23.56293
1489250776,-46.65449,-23.56284
1489250786,-46.6546,-23.56278
1489250796,-46.65457,-23.5627
1489250807,-46.65459,-23.56268
1489250817,-46.65459,-23.56268
1489250827,-46.65459,-23.56268
1489250832,-46.65474,-23.56255
1489250844,-46.65518,-23.56226
1489250849,-46.65541,-23.56217
1489250853,-46.65566,-23.56208
1489250863,-46.65564,-23.5619
1489250872,-46.65543,-23.56137
1489250876,-46.6554,-23.56119
1489250880,-46.65531,-23.56102
1489250886,-46.65507,-23.56095
1489250890,-46.65477,-23.56092
1489250899,-46.65439,-23.56068
1489250902,-46.65418,-23.56038
1489250910,-46.65399,-23.55996
1489250913,-46.65397,-23.55971
1489250919,-46.65399,-23.55946
1489250921,-46.65392,-23.55928
1489250925,-46.65385,-23.55908
1489250927,-46.65375,-23.55889
1489250931,-46.65348,-23.55865
1489250934,-46.65326,-23.55847
1489250936,-46.65309,-23.55832
1489250937,-46.65291,-23.55819
1489250941,-46.65262,-23.55803
1489250944,-46.65226,-23.55785
1489250946,-46.65212,-23.55771
1489250949,-46.65202,-23.55751
1489250953,-46.6518,-23.55736
1489250954,-46.6516,-23.55728
1489250959,-46.65143,-23.55717
1489250963,-46.65123,-23.55706
1489250969,-46.65104,-23.55699
1489250979,-46.65096,-23.557
1489250988,-46.65086,-23.55684
1489250995,-46.65069,-23.55674
1489251005,-46.65059,-23.55675
1489251016,-46.65059,-23.55675
1489251026,-46.65059,-23.55675
1489251036,-46.65052,-23.55678
1489251046,-46.65052,-23.55678
1489251047,-46.65052,-23.55678
1489251057,-46.65054,-23.55679
1489251067,-46.65048,-23.55678
1489251077,-46.65037,-23.55662
1489251083,-46.65021,-23.55649
1489251093,-46.65019,-23.55651
1489251104,-46.65019,-23.55651
1489251114,-46.65019,-23.55651
1489251124,-46.65019,-23.55651
1489251131,-46.65002,-23.55635
1489251138,-46.6498,-23.55622
1489251145,-46.6495,-23.55592
1489251151,-46.64942,-23.55571
1489251153,-46.6493,-23.55553
1489251158,-46.64906,-23.55532
1489251161,-46.64894,-23.55516
1489251164,-46.64879,-23.55493
1489251168,-46.64866,-23.55476
1489251171,-46.64852,-23.55451
1489251180,-46.64828,-23.55417
1489251184,-46.64814,-23.55401
1489251187,-46.64806,-23.5538
1489251191,-46.64795,-23.55356
1489251198,-46.64748,-23.55286
1489251200,-46.64738,-23.55266
1489251204,-46.64729,-23.55242
1489251207,-46.64714,-23.55225
1489251208,-46.64702,-23.5521
1489251211,-46.64689,-23.55196
1489251214,-46.64667,-23.55178
1489251215,-46.64651,-23.55165
1489251220,-46.64603,-23.5514
1489251225,-46.64547,-23.55123
1489251228,-46.64519,-23.55116
1489251233,-46.64485,-23.55106
1489251236,-46.64456,-23.55092
1489251241,-46.64428,-23.55074
1489251252,-46.64342,-23.55026
1489251259,-46.64276,-23.54999
1489251264,-46.64238,-23.54986
1489251270,-46.64182,-23.54965
1489251274,-46.64144,-23.54942
1489251278,-46.64097,-23.54922
1489251281,-46.64069,-23.54917
1489251283,-46.64046,-23.54916
1489251286,-46.64024,-23.54917
1489251287,-46.64002,-23.54917
1489251290,-46.6397,-23.54916
1489251293,-46.6395,-23.54913
1489251295,-46.6393,-23.54904
1489251296,-46.63911,-23.54894
1489251308,-46.63821,-23.54794
1489251312,-46.63802,-23.54764
1489251313,-46.6379,-23.54745
1489251316,-46.63778,-23.54725
1489251317,-46.63764,-23.54706
1489251320,-46.63752,-23.54684
1489251322,-46.63738,-23.54664
1489251332,-46.63738,-23.54664
1489251334,-46.63796,-23.54792
1489251343,-46.52109,-23.50256
1489251359,-46.63483,-23.54245
1489251364,-46.63465,-23.54224
1489251366,-46.6345,-23.54202
1489251377,-46.63392,-23.54109
1489251385,-46.6338,-23.54041
1489251408,-46.63373,-23.54004
1489251418,-46.63373,-23.54004
1489251441,-46.6337,-23.53946
1489251457,-46.63436,-23.5392
1489251462,-46.63458,-23.53922
1489251473,-46.63465,-23.5393
1489251483,-46.63465,-23.5393
1489251491,-46.63493,-23.53921
1489251494,-46.63519,-23.53918
1489251500,-46.63539,-23.53911
1489251507,-46.63562,-23.53901
1489251510,-46.63582,-23.53904
1489251521,-46.6362,-23.5393
1489251524,-46.63632,-23.53951
1489251527,-46.63655,-23.53976
1489251532,-46.63678,-23.53989
1489251536,-46.63701,-23.53988
1489251541,-46.63732,-23.53995
1489251551,-46.63746,-23.54032
1489251562,-46.63747,-23.54033
1489251572,-46.63751,-23.54052
1489251579,-46.63776,-23.54068
1489251596,-46.63846,-23.541
1489251599,-46.63868,-23.54116
1489251604,-46.63882,-23.5413
1489251607,-46.63885,-23.54152
1489251612,-46.63872,-23.54175
1489251615,-46.63858,-23.54192
1489251619,-46.63846,-23.54209
1489251630,-46.63835,-23.54214
1489251640,-46.63835,-23.54214
1489251651,-46.63843,-23.54223
1489251671,-46.63838,-23.54233
1489251679,-46.6382,-23.54247
1489251682,-46.638,-23.54253
1489251688,-46.63784,-23.54265
1489251692,-46.63774,-23.54283
1489251695,-46.63769,-23.54301
1489251706,-46.63769,-23.54318
1489251716,-46.63778,-23.54333
1489251727,-46.63788,-23.54342
1489251737,-46.63804,-23.54358
1489251747,-46.63822,-23.5435
1489251758,-46.63837,-23.54346
1489251768,-46.63842,-23.54348
1489251771,-46.63844,-23.54346
