1487094081,-46.66207,-23.52246
1487094084,-46.66207,-23.52245
1487094093,-46.66207,-23.52245
1487094094,-46.66207,-23.52245
1487094103,-46.66207,-23.52245
1487094105,-46.66207,-23.52245
1487094116,-46.66207,-23.52246
1487094138,-46.6619,-23.52246
1487094148,-46.66181,-23.52243
1487094158,-46.66156,-23.52245
1487094164,-46.66126,-23.5225
1487094175,-46.66054,-23.52256
1487094190,-46.65868,-23.52281
1487094194,-46.65801,-23.52293
1487094198,-46.65747,-23.52301
1487094201,-46.65706,-23.5231
1487094205,-46.65666,-23.52317
1487094207,-46.65625,-23.52323
1487094209,-46.65596,-23.52325
1487094212,-46.65569,-23.52325
1487094214,-46.65542,-23.52324
1487094215,-46.65516,-23.52323
1487094218,-46.65477,-23.52321
1487094232,-46.65434,-23.52318
1487094243,-46.65428,-23.52325
1487094265,-46.65427,-23.5232
1487094275,-46.65425,-23.52322
1487094284,-46.65362,-23.52319
1487094296,-46.65223,-23.52311
1487094298,-46.65199,-23.5231
1487094302,-46.65165,-23.52312
1487094308,-46.65129,-23.52312
1487094320,-46.65033,-23.52306
1487094333,-46.64995,-23.52291
1487094344,-46.6499,-23.52289
1487094354,-46.64988,-23.5229
1487094370,-46.64941,-23.52269
1487094380,-46.64932,-23.52264
1487094390,-46.64932,-23.52263
1487094402,-46.64926,-23.52259
1487094413,-46.64831,-23.52216
1487094414,-46.64809,-23.52203
1487094419,-46.64767,-23.52183
1487094425,-46.64691,-23.5215
1487094432,-46.64612,-23.52115
1487094439,-46.64548,-23.52085
1487094441,-46.64517,-23.52072
1487094450,-46.64446,-23.52056
1487094461,-46.64341,-23.52079
1487094467,-46.6429,-23.52087
1487094468,-46.6427,-23.52091
1487094474,-46.64214,-23.52102
1487094475,-46.64191,-23.52106
1487094477,-46.64166,-23.52111
1487094480,-46.64143,-23.52117
1487094488,-46.64055,-23.52133
1487094501,-46.63948,-23.52155
1487094506,-46.63895,-23.5216
1487094509,-46.6386,-23.52162
1487094512,-46.63838,-23.52163
1487094515,-46.63793,-23.52163
1487094524,-46.63688,-23.52159
1487094527,-46.63663,-23.5216
1487094529,-46.63639,-23.52163
1487094531,-46.63602,-23.52168
1487094533,-46.63579,-23.52172
1487094535,-46.63553,-23.5218
1487094540,-46.63498,-23.52206
1487094546,-46.63446,-23.52241
1487094547,-46.63425,-23.52255
1487094554,-46.63362,-23.52295
1487094555,-46.63343,-23.52307
1487094558,-46.6332,-23.52322
1487094563,-46.63296,-23.52338
1487094574,-46.63289,-23.52344
1487094586,-46.63288,-23.52345
1487094598,-46.63271,-23.52348
1487094621,-46.63258,-23.5236
1487094625,-46.63239,-23.52371
1487094634,-46.6322,-23.52384
1487094645,-46.63215,-23.52387
1487094693,-46.63214,-23.52388
1487094713,-46.63214,-23.52388
1487094743,-46.63164,-23.52423
1487094744,-46.63147,-23.52434
1487094754,-46.63139,-23.5244
1487094777,-46.63139,-23.5244
1487094789,-46.63139,-23.5244
1487094800,-46.63139,-23.5244
1487094814,-46.63139,-23.5244
1487094829,-46.63139,-23.5244
1487094840,-46.63137,-23.52442
1487094846,-46.6312,-23.52455
1487094869,-46.631,-23.52497
1487094882,-46.631,-23.52497
1487094889,-46.63105,-23.52516
1487094898,-46.63116,-23.52567
1487094902,-46.6312,-23.5259
1487094908,-46.63134,-23.52667
1487094911,-46.63137,-23.52692
1487094914,-46.63144,-23.52739
1487094916,-46.63147,-23.52761
1487094919,-46.63146,-23.52783
1487094925,-46.63157,-23.5285
1487094930,-46.63164,-23.52888
1487094934,-46.63179,-23.52933
1487094936,-46.63183,-23.52952
1487094940,-46.63194,-23.52993
1487094942,-46.632,-23.53015
1487094945,-46.63209,-23.53041
1487094950,-46.63215,-23.53063
1487094960,-46.6322,-23.53073
1487094973,-46.63235,-23.53128
1487094977,-46.63241,-23.53151
1487094979,-46.63248,-23.53171
1487094989,-46.63254,-23.53189
1487094999,-46.63254,-23.53189
1487095010,-46.63253,-23.53188
1487095021,-46.63254,-23.53188
1487095031,-46.63254,-23.53188
1487095042,-46.63253,-23.53189
1487095060,-46.63268,-23.53235
1487095064,-46.63276,-23.53262
1487095066,-46.63284,-23.53289
1487095070,-46.63298,-23.53328
1487095074,-46.63311,-23.53371
1487095076,-46.63317,-23.53392
1487095078,-46.63323,-23.53413
1487095090,-46.63354,-23.53527
1487095092,-46.63361,-23.53554
1487095094,-46.63364,-23.53573
1487095098,-46.63367,-23.53601
1487095100,-46.63367,-23.53628
1487095104,-46.63369,-23.53654
1487095105,-46.63371,-23.53675
1487095108,-46.63373,-23.53702
1487095113,-46.63378,-23.53749
1487095117,-46.6338,-23.53776
1487095118,-46.63381,-23.53796
1487095139,-46.63407,-23.54004
1487095142,-46.63408,-23.54022
1487095150,-46.63419,-23.54098
1487095154,-46.63434,-23.54142
1487095158,-46.63448,-23.54164
1487095159,-46.63458,-23.54181
1487095169,-46.63498,-23.5423
1487095174,-46.6351,-23.54248
1487095180,-46.63525,-23.54262
1487095186,-46.63553,-23.54308
1487095197,-46.63553,-23.54308
1487095212,-46.63509,-23.5426
1487095216,-46.6378,-23.54681
1487095227,-46.6378,-23.54681
1487095231,-46.63807,-23.54687
1487095235,-46.63824,-23.54733
1487095244,-46.63874,-23.5481
1487095249,-46.63895,-23.54843
1487095256,-46.63911,-23.5489
1487095259,-46.63903,-23.54903
1487095262,-46.63891,-23.5492
1487095277,-46.63821,-23.55041
1487095279,-46.63807,-23.5506
1487095284,-46.63793,-23.55083
1487095305,-46.63695,-23.55216
1487095307,-46.63692,-23.55234
1487095311,-46.63685,-23.5526
1487095313,-46.63683,-23.55285
1487095316,-46.63679,-23.55304
1487095319,-46.63678,-23.55323
1487095321,-46.63678,-23.55342
1487095323,-46.63681,-23.55368
1487095331,-46.63695,-23.55421
1487095341,-46.63701,-23.55444
1487095345,-46.63714,-23.55475
1487095377,-46.63797,-23.55681
1487095378,-46.63806,-23.557
1487095381,-46.63814,-23.55721
1487095382,-46.63823,-23.55741
1487095385,-46.63832,-23.55761
1487095392,-46.63851,-23.55812
1487095394,-46.63857,-23.55829
1487095399,-46.63871,-23.55859
1487095401,-46.63881,-23.55883
1487095404,-46.63896,-23.55912
1487095408,-46.63915,-23.55942
1487095413,-46.63965,-23.5601
1487095415,-46.63978,-23.5603
1487095421,-46.64005,-23.56086
1487095422,-46.64011,-23.56111
1487095427,-46.64026,-23.56164
1487095429,-46.64032,-23.56193
1487095430,-46.64042,-23.56216
1487095432,-46.64042,-23.56247
1487095439,-46.64044,-23.56333
1487095441,-46.64048,-23.56358
1487095452,-46.64081,-23.56503
1487095468,-46.6408,-23.56732
1487095473,-46.6409,-23.56819
1487095481,-46.64103,-23.56923
1487095487,-46.64108,-23.57002
1487095491,-46.6411,-23.57056
1487095493,-46.64109,-23.57085
1487095497,-46.64115,-23.57122
1487095499,-46.64115,-23.57163
1487095503,-46.64117,-23.57202
1487095504,-46.64123,-23.57225
1487095507,-46.64125,-23.57261
1487095512,-46.64131,-23.57323
1487095515,-46.64135,-23.57361
1487095517,-46.6414,-23.57385
1487095520,-46.64134,-23.57426
1487095522,-46.64139,-23.57451
1487095526,-46.64147,-23.57488
1487095530,-46.64184,-23.57544
1487095534,-46.64211,-23.57567
1487095536,-46.64241,-23.57581
1487095538,-46.6426,-23.57593
1487095545,-46.64324,-23.57636
1487095547,-46.64341,-23.57645
1487095552,-46.64372,-23.57664
1487095563,-46.64453,-23.57719
1487095566,-46.64478,-23.57744
1487095568,-46.645,-23.5776
1487095580,-46.64582,-23.57817
1487095586,-46.64607,-23.57836
1487095593,-46.64624,-23.57848
1487095611,-46.64664,-23.57875
1487095617,-46.64675,-23.57883
1487095624,-46.64691,-23.57894
1487095634,-46.64708,-23.57907
1487095639,-46.64726,-23.5792
1487095644,-46.64763,-23.57947
1487095647,-46.64783,-23.57963
1487095650,-46.64798,-23.57975
1487095653,-46.64828,-23.57996
1487095656,-46.64848,-23.58011
1487095659,-46.64871,-23.58024
1487095662,-46.64889,-23.58037
1487095674,-46.64963,-23.58098
1487095681,-46.65,-23.58126
1487095688,-46.65028,-23.58141
1487095691,-46.65049,-23.58154
1487095701,-46.65144,-23.5822
1487095705,-46.65184,-23.58242
1487095711,-46.65232,-23.58272
1487095715,-46.6527,-23.58303
1487095717,-46.65286,-23.58318
1487095720,-46.65302,-23.58333
1487095721,-46.6532,-23.58346
1487095731,-46.65329,-23.58353
1487095735,-46.63961,-23.56114
1487095746,-46.63961,-23.56114
1487095766,-46.63961,-23.56114
1487095776,-46.63961,-23.56114
1487095808,-46.66596,-23.58679
1487095815,-46.6664,-23.58653
1487095818,-46.66659,-23.58638
1487095821,-46.66681,-23.58623
1487095835,-46.6711,-23.58358
1487095836,-46.66712,-23.58604
1487095853,-46.66746,-23.58578
1487095855,-46.66762,-23.58566
1487095858,-46.66784,-23.58552
1487095870,-46.66803,-23.58539
1487095880,-46.66823,-23.58529
1487095891,-46.66842,-23.58524
1487095901,-46.66862,-23.58519
1487095911,-46.66883,-23.58516
1487095922,-46.66905,-23.58514
1487095932,-46.66914,-23.58513
1487095947,-46.66918,-23.58513
1487095960,-46.66918,-23.58513
1487095981,-46.66925,-23.58513
1487095991,-46.6694,-23.58514
1487096006,-46.67013,-23.58515
1487096019,-46.67024,-23.58515
1487096028,-46.63961,-23.56114
1487096038,-46.63961,-23.56114
1487096049,-46.63961,-23.56114
1487096059,-46.63961,-23.56114
1487096069,-46.63961,-23.56114
1487096079,-46.63961,-23.56114
1487096090,-46.63961,-23.56114
1487096100,-46.63961,-23.56114
1487096114,-46.63961,-23.56114
1487096136,-46.67591,-23.58898
1487096139,-46.67513,-23.58764
1487096145,-46.67526,-23.58788
1487096148,-46.67543,-23.58806
1487096152,-46.67563,-23.58828
1487096163,-46.67585,-23.58876
1487096175,-46.6759,-23.58859
1487096196,-46.67588,-23.58862
1487096209,-46.67601,-23.58873
1487096220,-46.67637,-23.58903
1487096230,-46.67646,-23.58908
1487096243,-46.67631,-23.58921
1487096253,-46.67684,-23.58924
1487096255,-46.67706,-23.5893
1487096258,-46.67729,-23.58936
1487096262,-46.67754,-23.58943
1487096268,-46.67774,-23.58947
1487096274,-46.67794,-23.58952
1487096284,-46.67804,-23.58922
1487096285,-46.67794,-23.58951
1487096295,-46.678,-23.58951
1487096321,-46.67807,-23.58955
1487096331,-46.67807,-23.58955
1487096345,-46.67842,-23.58972
1487096346,-46.67823,-23.58958
1487096350,-46.67857,-23.58968
1487096354,-46.67888,-23.58977
1487096357,-46.67912,-23.58984
1487096364,-46.67978,-23.59005
1487096379,-46.68034,-23.59021
1487096390,-46.68034,-23.59022
1487096410,-46.68034,-23.59022
1487096420,-46.68034,-23.59022
1487096431,-46.68034,-23.59022
1487096441,-46.68035,-23.59023
1487096453,-46.68035,-23.59024
1487096464,-46.68035,-23.59024
1487096475,-46.68043,-23.59036
1487096482,-46.68026,-23.59098
1487096483,-46.68021,-23.59118
1487096485,-46.68012,-23.59135
1487096488,-46.68004,-23.59154
1487096489,-46.67998,-23.59176
1487096498,-46.67971,-23.59263
1487096500,-46.67961,-23.59295
1487096502,-46.67959,-23.59316
1487096507,-46.67952,-23.5934
1487096520,-46.67948,-23.59341
1487096530,-46.67947,-23.59341
1487096542,-46.67947,-23.59341
1487096552,-46.67945,-23.59345
1487096556,-46.67941,-23.59366
1487096561,-46.67933,-23.59406
1487096564,-46.67922,-23.59429
1487096568,-46.67942,-23.59433
1487096576,-46.67985,-23.59443
1487096588,-46.67988,-23.59446
1487096598,-46.67988,-23.59446
1487096611,-46.68049,-23.59463
1487096614,-46.68073,-23.5947
1487096622,-46.6814,-23.5949
1487096628,-46.68186,-23.595
1487096636,-46.68248,-23.59518
1487096638,-46.68268,-23.59523
1487096642,-46.68298,-23.59529
1487096645,-46.6833,-23.59526
1487096646,-46.68352,-23.59525
1487096649,-46.68374,-23.59525
1487096650,-46.68397,-23.59528
1487096652,-46.68421,-23.59532
1487096654,-46.68444,-23.59538
1487096657,-46.6848,-23.59547
1487096660,-46.68502,-23.59554
1487096667,-46.68579,-23.59574
1487096670,-46.68618,-23.59585
1487096673,-46.68647,-23.59593
1487096678,-46.6868,-23.59598
1487096688,-46.68691,-23.59605
1487096699,-46.68691,-23.59596
1487096712,-46.6873,-23.59589
1487096719,-46.6875,-23.59585
1487096732,-46.68758,-23.59583
1487096737,-46.68777,-23.59575
1487096742,-46.68794,-23.59563
1487096769,-46.68829,-23.59542
1487096774,-46.68857,-23.59531
1487096794,-46.68869,-23.59534
1487096808,-46.68869,-23.59535
1487096819,-46.68871,-23.59533
1487096829,-46.68914,-23.59507
1487096831,-46.68934,-23.59496
1487096854,-46.68986,-23.59476
1487096859,-46.68998,-23.59459
1487096878,-46.6899,-23.59438
1487096889,-46.6899,-23.59438
1487096900,-46.68983,-23.59431
1487096905,-46.68969,-23.59411
1487096912,-46.68945,-23.59407
1487096922,-46.68937,-23.59413
1487096924,-46.68941,-23.5942
