1488377848,-34.8588,-7.12309
1488377850,-34.8588,-7.12309
1488377874,-34.85883,-7.12308
1488377885,-34.85877,-7.12288
1488377888,-34.85867,-7.1226
1488377891,-34.85857,-7.12237
1488377892,-34.85853,-7.12228
1488377894,-34.8585,-7.12218
1488377896,-34.85842,-7.12202
1488377898,-34.85832,-7.12181
1488377902,-34.85832,-7.12162
1488377908,-34.8586,-7.12149
1488377911,-34.85882,-7.12141
1488377913,-34.859,-7.12132
1488377923,-34.85908,-7.12127
1488377928,-34.85908,-7.12104
1488377933,-34.85908,-7.12082
1488377937,-34.85907,-7.12061
1488377948,-34.85907,-7.1202
1488377959,-34.8591,-7.12012
1488377969,-34.8591,-7.12012
1488377979,-34.85914,-7.11987
1488377984,-34.85912,-7.11953
1488377989,-34.85913,-7.11918
1488377992,-34.85913,-7.11897
1488377995,-34.85915,-7.11878
1488378002,-34.85928,-7.11864
1488378006,-34.85955,-7.11865
1488378010,-34.85976,-7.11868
1488378013,-34.86008,-7.11868
1488378017,-34.86041,-7.11867
1488378021,-34.86075,-7.11869
1488378032,-34.86089,-7.11869
1488378042,-34.86089,-7.11869
1488378055,-34.86118,-7.1187
1488378066,-34.86118,-7.1187
1488378074,-34.86118,-7.1187
1488378076,-34.86118,-7.1187
1488378086,-34.86118,-7.1187
1488378096,-34.86118,-7.1187
1488378107,-34.86118,-7.1187
1488378117,-34.86118,-7.1187
1488378129,-34.8614,-7.1187
1488378135,-34.86171,-7.1187
1488378136,-34.86189,-7.1187
1488378141,-34.8623,-7.11871
1488378144,-34.86255,-7.11871
1488378153,-34.86287,-7.1189
1488378157,-34.86289,-7.11916
1488378162,-34.86291,-7.11939
1488378170,-34.86283,-7.11981
1488378175,-34.8626,-7.11981
1488378184,-34.8621,-7.1198
1488378187,-34.86177,-7.11979
1488378198,-34.86019,-7.11978
1488378200,-34.85985,-7.11979
1488378202,-34.8594,-7.1197
1488378205,-34.85915,-7.11978
1488378206,-34.85879,-7.11977
1488378208,-34.85843,-7.11977
1488378211,-34.85791,-7.11976
1488378215,-34.85738,-7.11976
1488378222,-34.85608,-7.11974
1488378225,-34.85625,-7.11965
1488378226,-34.85562,-7.11976
1488378229,-34.85544,-7.11976
1488378240,-34.85542,-7.11976
1488378250,-34.85542,-7.11976
1488378260,-34.85542,-7.11976
1488378270,-34.85542,-7.11976
1488378281,-34.85523,-7.11977
1488378284,-34.85499,-7.11977
1488378285,-34.85479,-7.11977
1488378290,-34.85426,-7.11976
1488378294,-34.85396,-7.11976
1488378296,-34.85377,-7.11976
1488378298,-34.85343,-7.11976
1488378305,-34.85276,-7.11974
1488378308,-34.85255,-7.11973
1488378311,-34.85208,-7.11972
1488378315,-34.8517,-7.11972
1488378318,-34.85134,-7.11972
1488378319,-34.85108,-7.11973
1488378322,-34.85073,-7.11973
1488378325,-34.85036,-7.11974
1488378332,-34.84971,-7.11973
1488378333,-34.84948,-7.11973
1488378338,-34.84896,-7.11972
1488378341,-34.84844,-7.11973
1488378345,-34.848,-7.11973
1488378348,-34.84772,-7.11973
1488378351,-34.84749,-7.11972
1488378358,-34.84696,-7.11972
1488378359,-34.84674,-7.11971
1488378361,-34.84649,-7.11971
1488378368,-34.8456,-7.11968
1488378373,-34.8448,-7.11967
1488378375,-34.84448,-7.11967
1488378377,-34.844,-7.11967
1488378382,-34.84345,-7.11965
1488378384,-34.84323,-7.11964
1488378387,-34.84323,-7.11941
1488378388,-34.84287,-7.11947
1488378395,-34.84219,-7.11915
1488378405,-34.84206,-7.11909
1488378426,-34.84198,-7.11794
1488378433,-34.84182,-7.11623
1488378438,-34.84175,-7.11592
1488378441,-34.84172,-7.11523
1488378447,-34.84184,-7.11465
1488378450,-34.84191,-7.11439
1488378457,-34.84211,-7.11366
1488378458,-34.84228,-7.11304
1488378473,-34.84293,-7.11058
1488378483,-34.84293,-7.11058
1488378496,-34.84425,-7.10576
1488378503,-34.84493,-7.10478
1488378508,-34.84557,-7.10402
1488378512,-34.84635,-7.10314
1488378523,-34.84635,-7.10314
1488378535,-34.84635,-7.10314
1488378545,-34.84661,-7.10285
1488378555,-34.84661,-7.10285
1488378567,-34.84807,-7.09504
1488378577,-34.84822,-7.09219
1488378579,-34.84824,-7.0919
1488378600,-34.8483,-7.09102
1488378611,-34.8483,-7.09102
1488378613,-34.84841,-7.0888
1488378624,-34.84841,-7.0888
1488378628,-34.84868,-7.08558
1488378638,-34.84868,-7.08558
1488378641,-34.84885,-7.08339
1488378649,-34.84894,-7.08191
1488378656,-34.84896,-7.08147
1488378666,-34.84909,-7.07982
1488378673,-34.84912,-7.07925
1488378677,-34.84918,-7.07847
1488378687,-34.84918,-7.07847
1488378690,-34.84929,-7.07727
1488378700,-34.84929,-7.07727
1488378705,-34.84935,-7.07658
1488378716,-34.84935,-7.07658
1488378723,-34.85673,-7.1281
1488378733,-34.85673,-7.1281
1488378744,-34.85673,-7.1281
1488378748,-34.84965,-7.07188
1488378776,-34.84965,-7.07188
1488378784,-34.84998,-7.06808
1488378795,-34.84998,-7.06808
1488378807,-34.84998,-7.06808
1488378817,-34.84998,-7.06808
1488378881,-34.85059,-7.05971
1488378892,-34.85059,-7.05971
1488378903,-34.85059,-7.05971
1488378913,-34.85059,-7.05971
1488378925,-34.85059,-7.05971
1488378946,-34.85059,-7.05971
1488378958,-34.84525,-7.04381
1488378980,-34.84525,-7.04381
1488378990,-34.84525,-7.04381
1488379001,-34.84525,-7.04381
1488379007,-34.84525,-7.04534
1488379012,-34.84503,-7.04544
1488379022,-34.84503,-7.04544
1488379033,-34.84503,-7.04544
1488379043,-34.84503,-7.04544
1488379066,-34.84503,-7.04544
1488379076,-34.84503,-7.04544
1488379088,-34.84503,-7.04544
1488379099,-34.84503,-7.04544
1488379124,-34.84503,-7.04544
1488379135,-34.84503,-7.04544
1488379170,-34.84503,-7.04544
1488379180,-34.84503,-7.04544
1488379191,-34.84503,-7.04544
1488379202,-34.84503,-7.04544
1488379208,-34.84599,-7.04266
1488379220,-34.84599,-7.04266
1488379233,-34.84599,-7.04266
1488379258,-34.84599,-7.04266
1488379269,-34.84599,-7.04266
1488379281,-34.84599,-7.04266
1488379295,-34.84599,-7.04266
1488379315,-34.84663,-7.04333
1488379325,-34.84663,-7.04333
1488379331,-34.85673,-7.1281
1488379341,-34.85673,-7.1281
1488379351,-34.85673,-7.1281
1488379361,-34.85673,-7.1281
1488379371,-34.85673,-7.1281
1488379382,-34.85673,-7.1281
1488379392,-34.85673,-7.1281
1488379403,-34.85673,-7.1281
1488379413,-34.85673,-7.1281
1488379433,-34.85673,-7.1281
1488379444,-34.85673,-7.1281
1488379456,-34.85673,-7.1281
1488379480,-34.85673,-7.1281
1488379490,-34.85673,-7.1281
1488379504,-34.85673,-7.1281
1488379509,-34.84832,-7.08595
1488379519,-34.84832,-7.08595
1488379529,-34.84832,-7.08581
1488379540,-34.84811,-7.089
1488379549,-34.84815,-7.09086
1488379569,-34.84809,-7.09088
1488379571,-34.84754,-7.09461
1488379601,-34.8475,-7.09756
1488379621,-34.84677,-7.10057
1488379627,-34.84669,-7.10217
1488379638,-34.84669,-7.10217
1488379651,-34.84435,-7.10703
1488379663,-34.84447,-7.10717
1488379671,-34.84168,-7.10924
1488379681,-34.84351,-7.11039
1488379691,-34.84254,-7.11308
1488379702,-34.84234,-7.11415
1488379711,-34.84176,-7.11513
1488379721,-34.84176,-7.11513
1488379728,-34.84163,-7.11667
1488379739,-34.84163,-7.11667
1488379742,-34.84392,-7.11864
1488379763,-34.84349,-7.11776
1488379773,-34.84349,-7.11776
1488379783,-34.84176,-7.11513
1488379794,-34.84176,-7.11513
1488379803,-34.84185,-7.11314
1488379813,-34.84185,-7.11314
1488379823,-34.84185,-7.11314
1488379825,-34.84025,-7.11281
1488379835,-34.84025,-7.11281
1488379847,-34.84025,-7.11281
1488379848,-34.83987,-7.11452
1488379859,-34.83987,-7.11452
1488379884,-34.83924,-7.11456
1488379887,-34.83944,-7.11668
1488379897,-34.83944,-7.11668
1488379904,-34.83935,-7.11776
1488379914,-34.83935,-7.11776
1488379924,-34.83935,-7.11776
1488379926,-34.83892,-7.11964
1488379936,-34.83892,-7.11964
1488379954,-34.83728,-7.11957
1488379978,-34.83719,-7.11958
1488379985,-34.83599,-7.11954
1488379995,-34.83599,-7.11954
1488380006,-34.83599,-7.11954
1488380007,-34.83374,-7.11959
1488380017,-34.83374,-7.11959
1488380027,-34.83374,-7.11959
1488380030,-34.84707,-7.04826
1488380040,-34.84707,-7.04826
1488380047,-34.82982,-7.11989
1488380057,-34.82982,-7.11989
1488380068,-34.82995,-7.11984
1488380079,-34.82995,-7.11984
1488380089,-34.82995,-7.11984
1488380099,-34.82995,-7.11984
1488380358,-34.83013,-7.11968
1488380374,-34.83013,-7.11968
1488380386,-34.83013,-7.11968
1488380396,-34.83013,-7.11968
1488380408,-34.83013,-7.11968
1488380419,-34.83013,-7.11968
1488380430,-34.83015,-7.11952
1488380436,-34.82986,-7.11955
1488380447,-34.82958,-7.12034
1488380449,-34.82953,-7.1206
1488380452,-34.82943,-7.12099
1488380458,-34.82917,-7.12189
1488380466,-34.82884,-7.12309
1488380468,-34.82879,-7.12329
1488380474,-34.82871,-7.12346
1488380480,-34.82857,-7.12383
1488380484,-34.82846,-7.12416
1488380488,-34.8284,-7.12441
1488380494,-34.82833,-7.12463
1488380500,-34.82826,-7.12486
1488380510,-34.82879,-7.12482
1488380515,-34.82908,-7.12475
1488380518,-34.8294,-7.12467
1488380521,-34.82964,-7.12462
1488380524,-34.8299,-7.12455
1488380531,-34.8306,-7.12439
1488380534,-34.83088,-7.12437
1488380537,-34.83112,-7.12443
1488380540,-34.83136,-7.1245
1488380544,-34.83164,-7.12459
1488380554,-34.8326,-7.12487
1488380555,-34.83286,-7.12495
1488380562,-34.83391,-7.12522
1488380564,-34.83426,-7.12531
1488380568,-34.83497,-7.1254
1488380571,-34.83553,-7.12541
1488380585,-34.83784,-7.12552
1488380590,-34.83849,-7.1256
1488380593,-34.83877,-7.12564
1488380596,-34.83903,-7.12568
1488380598,-34.83922,-7.12571
1488380601,-34.83952,-7.12574
1488380604,-34.83987,-7.12575
1488380612,-34.84041,-7.12565
1488380627,-34.84084,-7.12556
1488380630,-34.84111,-7.1255
1488380631,-34.8413,-7.12546
1488380633,-34.84151,-7.12541
1488380635,-34.84174,-7.12536
1488380643,-34.84265,-7.12524
1488380645,-34.84311,-7.12517
1488380647,-34.84344,-7.12511
1488380650,-34.8439,-7.12504
1488380659,-34.84497,-7.1249
1488380661,-34.84529,-7.12486
1488380669,-34.84612,-7.12476
1488380675,-34.8468,-7.12469
1488380677,-34.84707,-7.12469
1488380680,-34.84734,-7.12472
1488380682,-34.84765,-7.12478
1488380686,-34.84835,-7.12506
1488380688,-34.84862,-7.12524
1488380693,-34.84925,-7.12574
1488380699,-34.84997,-7.12634
1488380701,-34.8502,-7.12652
1488380705,-34.85055,-7.12674
1488380707,-34.85086,-7.12689
1488380709,-34.85105,-7.12696
1488380712,-34.85132,-7.12704
1488380723,-34.85214,-7.12721
1488380728,-34.85248,-7.12731
1488380731,-34.85277,-7.12746
1488380736,-34.85293,-7.12758
1488380747,-34.85296,-7.12762
1488380768,-34.85416,-7.12897
1488380769,-34.85438,-7.1292
1488380772,-34.85454,-7.12932
1488380779,-34.85481,-7.12944
1488380786,-34.85532,-7.12966
1488380791,-34.85579,-7.1298
1488380794,-34.85612,-7.12982
1488380798,-34.85659,-7.12971
1488380802,-34.85695,-7.12958
1488380804,-34.85728,-7.12944
1488380815,-34.85839,-7.12891
1488380819,-34.85882,-7.1287
1488380822,-34.85919,-7.12852
1488380825,-34.85955,-7.12834
1488380829,-34.8599,-7.12817
1488380831,-34.86023,-7.12801
1488380836,-34.86064,-7.12781
1488380840,-34.86081,-7.12773
1488380861,-34.86086,-7.12772
1488380887,-34.86155,-7.12737
1488380890,-34.8618,-7.12725
1488380894,-34.86198,-7.12717
1488380896,-34.86217,-7.1271
1488380900,-34.86252,-7.12694
1488380902,-34.86275,-7.12684
1488380904,-34.86297,-7.12674
1488380907,-34.86318,-7.12665
1488380908,-34.86339,-7.12657
1488380913,-34.86387,-7.12632
1488380922,-34.86412,-7.12621
1488380933,-34.86412,-7.12621
1488380945,-34.86412,-7.12621
1488380955,-34.86412,-7.12621
1488380963,-34.8643,-7.1261
1488380967,-34.86446,-7.12601
1488380970,-34.86463,-7.12594
1488380977,-34.86484,-7.12583
1488380985,-34.86506,-7.12572
1488380990,-34.86524,-7.12563
1488380999,-34.86565,-7.12543
1488381001,-34.86583,-7.12534
1488381004,-34.86607,-7.12524
1488381008,-34.86638,-7.1251
1488381013,-34.86679,-7.12493
1488381016,-34.86707,-7.1248
1488381020,-34.86732,-7.12468
1488381023,-34.86766,-7.1245
1488381026,-34.86793,-7.12436
1488381032,-34.86847,-7.12409
1488381041,-34.86872,-7.12399
1488381051,-34.86917,-7.12378
1488381055,-34.86932,-7.12366
1488381059,-34.86928,-7.12346
1488381063,-34.86911,-7.12321
1488381073,-34.86906,-7.12313
1488381084,-34.86906,-7.12313
1488381091,-34.86897,-7.12295
1488381096,-34.86881,-7.12284
1488381099,-34.86863,-7.12292
1488381103,-34.8684,-7.12303
1488381108,-34.86813,-7.12315
1488381114,-34.86796,-7.12322
1488381124,-34.86796,-7.12322
1488381130,-34.86796,-7.12322
