1486176288,-54.5701,-20.55096
1486176299,-54.57011,-20.55095
1486176310,-54.57011,-20.55095
1486176321,-54.57012,-20.55095
1486176334,-54.57012,-20.55095
1486176344,-54.57016,-20.55095
1486176386,-54.57014,-20.55093
1486176407,-54.57014,-20.55101
1486176417,-54.57019,-20.55099
1486176438,-54.57021,-20.55098
1486176440,-54.5702,-20.55098
1486176458,-54.5702,-20.55098
1486176469,-54.5702,-20.551
1486176480,-54.57018,-20.55097
1486176511,-54.57012,-20.55099
1486176533,-54.57061,-20.55128
1486176537,-54.57079,-20.55144
1486176541,-54.57091,-20.55161
1486176543,-54.57102,-20.55181
1486176547,-54.57115,-20.55196
1486176553,-54.57135,-20.55202
1486176568,-54.57201,-20.55168
1486176577,-54.57251,-20.55142
1486176588,-54.57295,-20.55113
1486176594,-54.57333,-20.55088
1486176597,-54.57357,-20.55081
1486176602,-54.57379,-20.55069
1486176612,-54.57388,-20.55064
1486176622,-54.57388,-20.55064
1486176633,-54.57596,-20.55216
1486176644,-54.57596,-20.55216
1486176645,-54.57573,-20.55241
1486176654,-54.57699,-20.55071
1486176655,-54.57623,-20.55206
1486176664,-54.57688,-20.55163
1486176669,-54.57709,-20.55146
1486176673,-54.57725,-20.55136
1486176676,-54.57744,-20.55124
1486176686,-54.57796,-20.55094
1486176688,-54.57814,-20.55086
1486176700,-54.5791,-20.55044
1486176718,-54.58031,-20.54985
1486176719,-54.5805,-20.54975
1486176721,-54.58068,-20.54965
1486176729,-54.58133,-20.54925
1486176739,-54.58263,-20.5487
1486176743,-54.58302,-20.54861
1486176750,-54.5842,-20.54854
1486176754,-54.58481,-20.54953
1486176757,-54.58527,-20.54854
1486176760,-54.58546,-20.54876
1486176761,-54.5857,-20.54894
1486176779,-54.58705,-20.5497
1486176782,-54.5875,-20.54979
1486176785,-54.58773,-20.54986
1486176788,-54.58811,-20.55007
1486176796,-54.58867,-20.55044
1486176798,-54.58889,-20.55053
1486176810,-54.58959,-20.55084
1486176817,-54.59022,-20.55105
1486176819,-54.59045,-20.55113
1486176821,-54.59082,-20.55124
1486176823,-54.59107,-20.55131
1486176826,-54.59144,-20.5514
1486176830,-54.59192,-20.55145
1486176854,-54.59082,-20.54973
1486176859,-54.59224,-20.54868
1486176862,-54.59237,-20.5485
1486176881,-54.59292,-20.54666
1486176882,-54.59298,-20.54642
1486176889,-54.59315,-20.54571
1486176893,-54.59325,-20.54531
1486176894,-54.59345,-20.54556
1486176897,-54.59329,-20.5449
1486176912,-54.59371,-20.54303
1486176915,-54.59377,-20.54279
1486176916,-54.59382,-20.54256
1486176922,-54.59402,-20.54187
1486176925,-54.59411,-20.54151
1486176928,-54.59422,-20.54115
1486176930,-54.59428,-20.54092
1486176940,-54.59454,-20.53978
1486176944,-54.59465,-20.53934
1486176950,-54.59478,-20.53883
1486176955,-54.59483,-20.53858
1486176958,-54.59492,-20.53829
1486176960,-54.59497,-20.53809
1486176965,-54.59509,-20.53756
1486176977,-54.59557,-20.5361
1486176981,-54.59565,-20.53588
1486176984,-54.59583,-20.5354
1486176989,-54.59603,-20.5348
1486176992,-54.59612,-20.53455
1486176997,-54.59636,-20.53391
1486176998,-54.59646,-20.53365
1486177014,-54.59667,-20.533
1486177017,-54.59768,-20.53051
1486177028,-54.59768,-20.53051
1486177048,-54.59835,-20.52875
1486177057,-54.59893,-20.52639
1486177059,-54.59835,-20.52706
1486177065,-54.59857,-20.52682
1486177075,-54.59895,-20.52594
1486177078,-54.59902,-20.52572
1486177079,-54.59908,-20.52551
1486177083,-54.59916,-20.52522
1486177098,-54.5992,-20.52548
1486177108,-54.5992,-20.52548
1486177118,-54.5992,-20.52548
1486177129,-54.5992,-20.52548
1486177130,-54.59924,-20.52528
1486177138,-54.59943,-20.52483
1486177149,-54.59971,-20.52412
1486177153,-54.59979,-20.52392
1486177155,-54.59985,-20.52373
1486177160,-54.5999,-20.52351
1486177164,-54.59997,-20.52324
1486177182,-54.60023,-20.52338
1486177186,-54.6002,-20.52356
1486177189,-54.60015,-20.5238
1486177195,-54.60008,-20.52401
1486177214,-54.59975,-20.52513
1486177220,-54.59968,-20.52541
1486177230,-54.59966,-20.52548
1486177251,-54.59966,-20.52548
1486177257,-54.59934,-20.52534
1486177259,-54.59966,-20.52548
1486177270,-54.59966,-20.52548
1486177280,-54.59966,-20.52548
1486177291,-54.59966,-20.52548
1486177301,-54.59966,-20.52548
1486177322,-54.59966,-20.52548
1486177333,-54.59966,-20.52548
1486177354,-54.59964,-20.52554
1486177364,-54.59964,-20.52554
1486177375,-54.59964,-20.52554
1486177385,-54.59964,-20.52554
1486177395,-54.59964,-20.52554
1486177406,-54.59964,-20.52554
1486177427,-54.59964,-20.52554
1486177438,-54.59964,-20.52554
1486177469,-54.59964,-20.52554
1486177500,-54.59964,-20.52554
1486177511,-54.59964,-20.52554
1486177532,-54.59965,-20.52563
1486177543,-54.59965,-20.52562
1486177565,-54.59965,-20.52566
1486177575,-54.59958,-20.52564
1486177596,-54.59959,-20.52566
1486177606,-54.59959,-20.52567
1486177627,-54.59958,-20.52564
1486177638,-54.59958,-20.52562
1486177669,-54.59956,-20.52565
1486177672,-54.59944,-20.52607
1486177680,-54.59945,-20.5268
1486177695,-54.59892,-20.52869
1486177702,-54.59834,-20.52993
1486177704,-54.59819,-20.53024
1486177707,-54.59805,-20.53054
1486177708,-54.60445,-20.53583
1486177709,-54.59782,-20.53095
1486177712,-54.59766,-20.53123
1486177714,-54.59743,-20.5317
1486177717,-54.59734,-20.532
1486177725,-54.59703,-20.53327
1486177731,-54.59684,-20.53392
1486177733,-54.59673,-20.53427
1486177735,-54.59666,-20.53451
1486177738,-54.59658,-20.53475
1486177743,-54.59629,-20.53537
1486177745,-54.59615,-20.53563
1486177746,-54.59606,-20.53584
1486177750,-54.59602,-20.53605
1486177759,-54.59603,-20.53678
1486177769,-54.59577,-20.53774
1486177771,-54.59568,-20.53799
1486177773,-54.59559,-20.5382
1486177776,-54.5955,-20.5384
1486177777,-54.59543,-20.53859
1486177780,-54.59534,-20.53877
1486177781,-54.59526,-20.53894
1486177784,-54.59516,-20.53921
1486177786,-54.59508,-20.53941
1486177792,-54.59484,-20.53998
1486177797,-54.59465,-20.54066
1486177799,-54.5946,-20.54087
1486177803,-54.59447,-20.54125
1486177807,-54.59439,-20.54168
1486177810,-54.59434,-20.54188
1486177813,-54.59424,-20.54227
1486177815,-54.59419,-20.54248
1486177817,-54.59414,-20.5427
1486177827,-54.59394,-20.54374
1486177842,-54.59367,-20.54509
1486177844,-54.59364,-20.54529
1486177846,-54.5936,-20.54549
1486177849,-54.59352,-20.54582
1486177864,-54.59296,-20.54717
1486177866,-54.5929,-20.54736
1486177870,-54.59286,-20.54766
1486177873,-54.59281,-20.54797
1486177881,-54.59269,-20.5488
1486177882,-54.59266,-20.54899
1486177894,-54.59224,-20.5502
1486177899,-54.59202,-20.55067
1486177900,-54.59193,-20.55084
1486177902,-54.59184,-20.55101
1486177906,-54.59171,-20.5513
1486177917,-54.59155,-20.55143
1486177926,-54.59133,-20.55107
1486177935,-54.59115,-20.55094
1486177937,-54.59092,-20.55086
1486177941,-54.59068,-20.55081
1486177944,-54.59032,-20.55072
1486177947,-54.59013,-20.55067
1486177949,-54.58891,-20.55029
1486177951,-54.58965,-20.55057
1486177952,-54.5894,-20.55052
1486177955,-54.58916,-20.55049
1486177969,-54.5878,-20.5502
1486177971,-54.58757,-20.55013
1486177975,-54.58733,-20.55008
1486177978,-54.5871,-20.55002
1486177980,-54.58686,-20.54996
1486177988,-54.58628,-20.54985
1486177999,-54.5853,-20.54972
1486178003,-54.58489,-20.5496
1486178009,-54.58433,-20.54942
1486178010,-54.58407,-20.54933
1486178012,-54.58381,-20.54925
1486178021,-54.5829,-20.54899
1486178034,-54.5816,-20.5493
1486178035,-54.58141,-20.5494
1486178040,-54.58089,-20.54967
1486178042,-54.5807,-20.54975
1486178045,-54.58043,-20.54986
1486178048,-54.58018,-20.54999
1486178053,-54.57993,-20.55019
1486178070,-54.57899,-20.55067
1486178075,-54.57875,-20.55077
1486178081,-54.57848,-20.55092
1486178084,-54.5783,-20.55101
1486178088,-54.57809,-20.5511
1486178103,-54.57747,-20.55147
1486178106,-54.57721,-20.55159
1486178111,-54.57693,-20.55169
1486178113,-54.57673,-20.55181
1486178124,-54.57631,-20.55202
1486178147,-54.57572,-20.55189
1486178153,-54.57536,-20.55102
1486178154,-54.57547,-20.55171
1486178156,-54.5753,-20.55163
1486178178,-54.57419,-20.55161
1486178185,-54.57374,-20.55182
1486178189,-54.57357,-20.55191
1486178192,-54.57336,-20.55204
1486178195,-54.57322,-20.5521
1486178210,-54.57232,-20.55259
1486178216,-54.57202,-20.55269
1486178227,-54.57161,-20.55276
1486178247,-54.57092,-20.55195
1486178253,-54.57091,-20.55124
1486178256,-54.57071,-20.55148
1486178259,-54.57059,-20.5513
1486178265,-54.57033,-20.55121
1486178273,-54.57014,-20.55104
1486178294,-54.57006,-20.55107
1486178315,-54.57005,-20.55106
1486178325,-54.57007,-20.55097
1486178335,-54.57007,-20.55097
1486178357,-54.57007,-20.55097
1486178367,-54.57007,-20.55097
1486178388,-54.57007,-20.55097
1486178399,-54.57007,-20.55097
1486178430,-54.57007,-20.55097
1486178441,-54.57007,-20.55097
1486178452,-54.57007,-20.55097
1486178462,-54.57007,-20.55097
1486178483,-54.57007,-20.55097
1486178494,-54.57007,-20.55097
1486178525,-54.57007,-20.55097
1486178535,-54.57007,-20.55097
1486178567,-54.57008,-20.55095
1486178588,-54.57009,-20.55092
1486178599,-54.57011,-20.5509
1486178609,-54.57011,-20.55091
1486178616,-54.57005,-20.55118
1486178627,-54.5701,-20.55091
1486178636,-54.57005,-20.5511
1486178637,-54.57011,-20.55089
1486178648,-54.5701,-20.55091
1486178659,-54.5701,-20.55091
1486178669,-54.5701,-20.5509
1486178680,-54.5701,-20.5509
1486178690,-54.5701,-20.5509
1486178697,-54.57005,-20.5511
1486178698,-54.5701,-20.5509
1486178709,-54.57009,-20.55089
1486178729,-54.57009,-20.55092
1486178739,-54.57009,-20.55092
1486178756,-54.57014,-20.55112
1486178759,-54.5701,-20.55093
1486178769,-54.5701,-20.55094
1486178780,-54.5701,-20.55093
1486178790,-54.5701,-20.55093
1486178800,-54.5701,-20.55093
1486178811,-54.5701,-20.55094
1486178821,-54.57011,-20.55096
1486178839,-54.57014,-20.55112
1486178849,-54.57013,-20.55095
1486178860,-54.57012,-20.55094
1486178870,-54.57011,-20.55094
1486178881,-54.5701,-20.55093
1486178900,-54.57014,-20.55112
1486178901,-54.57009,-20.55091
1486178912,-54.57011,-20.5509
1486178932,-54.5701,-20.55089
1486178953,-54.5701,-20.55092
1486178962,-54.57011,-20.55092
1486178972,-54.57012,-20.55092
1486178983,-54.57014,-20.55091
1486179035,-54.57012,-20.55093
1486179041,-54.57014,-20.55112
1486179042,-54.57011,-20.55092
1486179073,-54.57011,-20.55093
1486179081,-54.57001,-20.55121
1486179082,-54.5701,-20.55093
1486179093,-54.57009,-20.55092
1486179103,-54.5701,-20.55094
1486179114,-54.57013,-20.55092
1486179124,-54.57014,-20.55093
1486179135,-54.57012,-20.55095
1486179156,-54.5701,-20.55092
1486179166,-54.5701,-20.55092
1486179177,-54.57011,-20.55091
1486179198,-54.57011,-20.55089
1486179200,-54.57014,-20.55112
1486179203,-54.57011,-20.55091
1486179213,-54.57011,-20.55093
1486179223,-54.57011,-20.55093
1486179234,-54.57011,-20.5509
1486179240,-54.57018,-20.55109
1486179243,-54.5701,-20.5509
1486179264,-54.57011,-20.55095
1486179275,-54.57011,-20.55093
1486179295,-54.5701,-20.55095
1486179306,-54.57013,-20.55095
1486179327,-54.57012,-20.55093
1486179338,-54.57011,-20.55091
1486179341,-54.57018,-20.55109
1486179343,-54.57012,-20.55091
1486179353,-54.57012,-20.55091
1486179361,-54.57014,-20.55112
1486179362,-54.57012,-20.55091
1486179372,-54.57013,-20.55091
1486179399,-54.57012,-20.55091
1486179409,-54.57012,-20.55093
1486179430,-54.57011,-20.55091
1486179441,-54.5701,-20.55092
1486179451,-54.57011,-20.55093
1486179462,-54.57012,-20.55094
1486179472,-54.57012,-20.55094
1486179504,-54.57011,-20.55094
1486179514,-54.57012,-20.55095
1486179525,-54.57012,-20.55095
1486179535,-54.57012,-20.55095
1486179546,-54.57011,-20.55095
1486179567,-54.5701,-20.55093
1486179577,-54.57009,-20.55092
1486179588,-54.5701,-20.55093
1486179598,-54.57008,-20.55092
1486179609,-54.57007,-20.55089
1486179619,-54.57004,-20.55089
1486179630,-54.57008,-20.55092
1486179641,-54.57009,-20.55093
1486179673,-54.57008,-20.55093
1486179686,-54.5701,-20.55093
1486179687,-54.5701,-20.55093
1486179688,-54.57009,-20.55093
1486179689,-54.57009,-20.55093
1486179770,-54.5701,-20.55095
1486179791,-54.57012,-20.55098
1486179802,-54.57011,-20.55096
1486179812,-54.57013,-20.55096
1486179823,-54.57012,-20.55094
1486179833,-54.57013,-20.55095
1486179844,-54.57012,-20.55094
1486179865,-54.57012,-20.55095
1486179875,-54.57013,-20.55096
1486179896,-54.57013,-20.55095
1486179907,-54.57012,-20.55095
1486179917,-54.57011,-20.55093
1486179938,-54.57012,-20.55094
1486179959,-54.57012,-20.55092
1486179970,-54.57012,-20.55094
1486180002,-54.57014,-20.55094
1486180012,-54.57013,-20.55095
1486180023,-54.57013,-20.55096
1486180033,-54.57011,-20.55095
1486180044,-54.57012,-20.55094
1486180054,-54.57012,-20.55095
1486180065,-54.57012,-20.55095
1486180076,-54.57012,-20.55095
1486180086,-54.57012,-20.55095
1486180096,-54.57012,-20.55095
1486180117,-54.57011,-20.55094
1486180128,-54.57014,-20.55094
1486180148,-54.57011,-20.55095
1486180180,-54.5701,-20.55094
1486180190,-54.57009,-20.55095
1486180201,-54.57012,-20.55094
1486180222,-54.57012,-20.55091
1486180253,-54.57012,-20.55089
1486180264,-54.57012,-20.5509
1486180275,-54.57012,-20.5509
1486180296,-54.57013,-20.55091
1486180306,-54.57013,-20.55091
1486180317,-54.57013,-20.55091
1486180327,-54.57013,-20.55093
1486180359,-54.57015,-20.55094
1486180380,-54.57013,-20.55095
1486180422,-54.57012,-20.55094
1486180453,-54.57015,-20.55092
1486180464,-54.57015,-20.55092
1486180485,-54.57014,-20.55093
1486180495,-54.57015,-20.55092
1486180517,-54.57015,-20.55089
1486180548,-54.57016,-20.55091
1486180558,-54.57015,-20.55091
1486180569,-54.57014,-20.55094
1486180580,-54.57015,-20.55093
1486180600,-54.5701,-20.55093
1486180611,-54.5701,-20.55093
1486180632,-54.57013,-20.55093
1486180643,-54.57016,-20.55093
1486180653,-54.57016,-20.55095
1486180674,-54.57017,-20.55094
1486180695,-54.57015,-20.55092
1486180705,-54.57016,-20.55092
1486180737,-54.57012,-20.55096
1486180748,-54.57011,-20.55096
1486180758,-54.57011,-20.55096
1486180768,-54.57011,-20.55097
1486180779,-54.57012,-20.55092
1486180800,-54.57014,-20.55091
1486180810,-54.57016,-20.55091
1486180831,-54.57017,-20.55091
1486180842,-54.57016,-20.5509
1486180863,-54.57016,-20.5509
1486180873,-54.57016,-20.5509
1486180884,-54.57016,-20.5509
1486180894,-54.57017,-20.5509
1486180904,-54.57017,-20.5509
1486180941,-54.57017,-20.5509
1486180953,-54.57017,-20.5509
1486180964,-54.57017,-20.5509
1486180974,-54.57017,-20.5509
1486180995,-54.57017,-20.5509
1486181006,-54.57017,-20.5509
1486181016,-54.57017,-20.5509
1486181027,-54.57017,-20.5509
1486181037,-54.57017,-20.5509
1486181047,-54.57017,-20.5509
1486181058,-54.57017,-20.5509
1486181069,-54.57017,-20.5509
1486181079,-54.57017,-20.5509
1486181090,-54.57017,-20.5509
1486181100,-54.57017,-20.5509
1486181111,-54.57017,-20.5509
1486181121,-54.57017,-20.5509
1486181132,-54.57017,-20.5509
1486181142,-54.57017,-20.5509
1486181153,-54.57017,-20.5509
1486181174,-54.57017,-20.5509
1486181195,-54.57017,-20.5509
1486181205,-54.57017,-20.5509
1486181227,-54.57017,-20.5509
1486181237,-54.57017,-20.5509
1486181248,-54.57017,-20.5509
1486181269,-54.57017,-20.5509
1486181279,-54.57017,-20.5509
1486181290,-54.57017,-20.5509
1486181300,-54.57017,-20.5509
1486181311,-54.57017,-20.5509
1486181321,-54.57017,-20.5509
1486181332,-54.57017,-20.5509
1486181342,-54.57017,-20.5509
1486181363,-54.57017,-20.5509
1486181373,-54.57017,-20.5509
1486181384,-54.57017,-20.5509
1486181395,-54.57017,-20.5509
1486181405,-54.57017,-20.5509
1486181426,-54.57017,-20.5509
1486181458,-54.57017,-20.5509
1486181468,-54.57017,-20.5509
1486181489,-54.57017,-20.5509
1486181500,-54.57017,-20.5509
1486181521,-54.57017,-20.5509
1486181531,-54.57017,-20.5509
1486181552,-54.57017,-20.5509
1486181563,-54.57017,-20.5509
1486181584,-54.57017,-20.5509
1486181594,-54.57017,-20.5509
1486181615,-54.57017,-20.5509
1486181626,-54.57017,-20.5509
1486181636,-54.57017,-20.5509
1486181647,-54.57017,-20.5509
1486181657,-54.57017,-20.5509
1486181678,-54.57017,-20.5509
1486181688,-54.57017,-20.5509
1486181699,-54.57017,-20.5509
1486181709,-54.57017,-20.5509
1486181720,-54.57017,-20.5509
1486181731,-54.57017,-20.5509
1486181752,-54.57017,-20.5509
1486181762,-54.57017,-20.5509
1486181773,-54.57017,-20.5509
1486181783,-54.57017,-20.5509
1486181794,-54.57017,-20.5509
1486181805,-54.57017,-20.5509
1486181815,-54.57017,-20.5509
1486181826,-54.57017,-20.5509
1486181836,-54.57017,-20.5509
1486181847,-54.57017,-20.5509
1486181868,-54.57017,-20.5509
1486181878,-54.57017,-20.5509
1486181889,-54.57017,-20.5509
1486181910,-54.57017,-20.5509
1486181921,-54.57017,-20.5509
1486181931,-54.57017,-20.5509
1486181942,-54.57017,-20.5509
1486181952,-54.57017,-20.5509
1486181963,-54.57017,-20.5509
1486181973,-54.57017,-20.5509
1486181984,-54.57017,-20.5509
1486181995,-54.57017,-20.5509
1486182005,-54.57017,-20.5509
1486182016,-54.57017,-20.5509
1486182037,-54.57017,-20.5509
1486182047,-54.57017,-20.5509
1486182058,-54.57017,-20.5509
1486182079,-54.57017,-20.5509
1486182100,-54.57017,-20.5509
1486182131,-54.57017,-20.5509
1486182142,-54.57017,-20.5509
1486182152,-54.57017,-20.5509
1486182163,-54.57017,-20.5509
1486182184,-54.57017,-20.5509
1486182194,-54.57017,-20.5509
1486182205,-54.57017,-20.5509
1486182226,-54.57017,-20.5509
1486182236,-54.57017,-20.5509
1486182247,-54.57017,-20.5509
1486182257,-54.57017,-20.5509
1486182268,-54.57017,-20.5509
1486182289,-54.57017,-20.5509
1486182300,-54.57017,-20.5509
1486182310,-54.57017,-20.5509
1486182321,-54.57017,-20.5509
1486182352,-54.57017,-20.5509
1486182363,-54.57017,-20.5509
1486182373,-54.57017,-20.5509
1486182384,-54.57017,-20.5509
1486182395,-54.57017,-20.5509
1486182415,-54.57017,-20.5509
1486182426,-54.57017,-20.5509
1486182436,-54.57017,-20.5509
1486182447,-54.57017,-20.5509
1486182457,-54.57017,-20.5509
1486182468,-54.57017,-20.5509
1486182478,-54.57017,-20.5509
1486182489,-54.57017,-20.5509
1486182500,-54.57017,-20.5509
1486182520,-54.57017,-20.5509
1486182541,-54.57017,-20.5509
1486182552,-54.57017,-20.5509
1486182562,-54.57017,-20.5509
1486182573,-54.57017,-20.5509
1486182583,-54.57017,-20.5509
1486182594,-54.57017,-20.5509
1486182615,-54.57017,-20.5509
1486182626,-54.57017,-20.5509
1486182636,-54.57017,-20.5509
1486182647,-54.57017,-20.5509
1486182657,-54.57017,-20.5509
1486182678,-54.57017,-20.5509
1486182689,-54.57017,-20.5509
1486182699,-54.57017,-20.5509
1486182710,-54.57017,-20.5509
1486182720,-54.57017,-20.5509
1486182731,-54.57017,-20.5509
1486182741,-54.57017,-20.5509
1486182751,-54.57017,-20.5509
1486182773,-54.57017,-20.5509
1486182783,-54.57017,-20.5509
1486182804,-54.57017,-20.5509
1486182815,-54.57017,-20.5509
1486182846,-54.57017,-20.5509
1486182877,-54.57017,-20.5509
1486182887,-54.57017,-20.5509
1486182898,-54.57017,-20.5509
1486182908,-54.57017,-20.5509
1486182929,-54.57017,-20.5509
1486182939,-54.57017,-20.5509
1486182960,-54.57017,-20.5509
1486182971,-54.57017,-20.5509
1486182982,-54.57018,-20.55091
1486183003,-54.57018,-20.55091
1486183013,-54.57018,-20.55091
1486183024,-54.57018,-20.55091
1486183034,-54.57018,-20.55091
1486183044,-54.57017,-20.55091
1486183055,-54.57017,-20.55093
1486183066,-54.57017,-20.55093
1486183069,-54.57017,-20.55093
