1486077122,-43.18791,-22.89528
1486077123,-43.18764,-22.89537
1486077127,-43.1873,-22.89547
1486077130,-43.18716,-22.89552
1486077140,-43.18703,-22.89559
1486077150,-43.18703,-22.89559
1486077160,-43.18657,-22.89575
1486077164,-43.18657,-22.89553
1486077168,-43.1865,-22.89532
1486077173,-43.18643,-22.89511
1486077178,-43.18635,-22.89486
1486077197,-43.18623,-22.89471
1486077205,-43.18602,-22.89466
1486077211,-43.18582,-22.89477
1486077222,-43.18561,-22.89487
1486077233,-43.18549,-22.89492
1486077243,-43.18545,-22.89493
1486077248,-43.18545,-22.89493
1486077253,-43.18545,-22.89493
1486077263,-43.18545,-22.89493
1486077274,-43.18545,-22.89493
1486077283,-43.18545,-22.89493
1486077284,-43.18545,-22.89493
1486077294,-43.18545,-22.89493
1486077304,-43.18545,-22.89493
1486077314,-43.18545,-22.89493
1486077325,-43.18528,-22.89498
1486077335,-43.18462,-22.89521
1486077340,-43.18432,-22.89532
1486077343,-43.18399,-22.89544
1486077347,-43.18374,-22.89552
1486077351,-43.18351,-22.89558
1486077367,-43.18376,-22.89647
1486077377,-43.18379,-22.89657
1486077387,-43.18373,-22.89671
1486077391,-43.18388,-22.89703
1486077397,-43.18401,-22.89742
1486077401,-43.18415,-22.89757
1486077408,-43.18493,-22.8975
1486077410,-43.18515,-22.89747
1486077415,-43.18559,-22.89747
1486077417,-43.1859,-22.89745
1486077419,-43.18613,-22.89746
1486077422,-43.18636,-22.89751
1486077425,-43.18667,-22.89756
1486077427,-43.18693,-22.89758
1486077437,-43.18711,-22.89764
1486077453,-43.18746,-22.89759
1486077456,-43.18778,-22.89747
1486077459,-43.18806,-22.89733
1486077465,-43.1885,-22.89715
1486077468,-43.1889,-22.89718
1486077471,-43.18924,-22.89721
1486077477,-43.18992,-22.89726
1486077479,-43.19017,-22.89722
1486077481,-43.19041,-22.89716
1486077484,-43.19062,-22.8971
1486077486,-43.19083,-22.89707
1486077488,-43.19117,-22.89709
1486077494,-43.19168,-22.89716
1486077497,-43.19196,-22.8972
1486077498,-43.19216,-22.89721
1486077501,-43.1925,-22.89725
1486077510,-43.19359,-22.89739
1486077512,-43.19385,-22.89742
1486077515,-43.19424,-22.89747
1486077518,-43.19453,-22.89752
1486077520,-43.19481,-22.89757
1486077521,-43.19505,-22.8976
1486077526,-43.19553,-22.89761
1486077534,-43.19578,-22.89757
1486077538,-43.19593,-22.89737
1486077540,-43.19607,-22.89719
1486077545,-43.19631,-22.89689
1486077548,-43.19651,-22.89664
1486077550,-43.19664,-22.89636
1486077553,-43.19663,-22.89606
1486077555,-43.19659,-22.89581
1486077558,-43.19654,-22.89554
1486077559,-43.19648,-22.89528
1486077568,-43.19627,-22.89431
1486077571,-43.19621,-22.89409
1486077576,-43.19641,-22.894
1486077583,-43.19699,-22.89408
1486077584,-43.19717,-22.89416
1486077586,-43.19738,-22.89423
1486077591,-43.19774,-22.8944
1486077593,-43.198,-22.89453
1486077595,-43.19821,-22.89462
1486077597,-43.19839,-22.8947
1486077605,-43.19888,-22.89491
1486077609,-43.19906,-22.89498
1486077613,-43.19926,-22.89502
1486077616,-43.19951,-22.89506
1486077619,-43.19974,-22.89509
1486077632,-43.20103,-22.89559
1486077633,-43.20127,-22.89571
1486077635,-43.20151,-22.89583
1486077637,-43.20177,-22.89595
1486077640,-43.20203,-22.89606
1486077643,-43.20231,-22.89619
1486077646,-43.20259,-22.89631
1486077656,-43.20262,-22.89632
1486077666,-43.20262,-22.89632
1486077687,-43.20262,-22.89632
1486077697,-43.20262,-22.89632
1486077702,-43.20282,-22.89641
1486077707,-43.20309,-22.89654
1486077711,-43.20333,-22.89666
1486077713,-43.20355,-22.89677
1486077724,-43.20368,-22.89682
1486077734,-43.20368,-22.89682
1486077745,-43.20368,-22.89682
1486077763,-43.204,-22.89694
1486077773,-43.20412,-22.89699
1486077783,-43.20415,-22.897
1486077794,-43.20415,-22.897
1486077804,-43.20415,-22.897
1486077814,-43.20415,-22.897
1486077825,-43.20431,-22.89705
1486077831,-43.20452,-22.89713
1486077842,-43.20492,-22.89731
1486077847,-43.20512,-22.89737
1486077858,-43.20514,-22.89737
1486077868,-43.20514,-22.89737
1486077878,-43.20514,-22.89737
1486077888,-43.2052,-22.8974
1486077893,-43.20541,-22.89749
1486077900,-43.20584,-22.89768
1486077903,-43.20609,-22.89778
1486077906,-43.20635,-22.89789
1486077910,-43.20662,-22.89799
1486077914,-43.20692,-22.89811
1486077918,-43.2071,-22.89819
1486077928,-43.2071,-22.89819
1486077944,-43.20733,-22.89831
1486077949,-43.20746,-22.89846
1486077955,-43.20757,-22.89865
1486077959,-43.20767,-22.89885
1486077965,-43.20782,-22.89908
1486077969,-43.20796,-22.89927
1486077973,-43.20814,-22.89948
1486077977,-43.2083,-22.89968
1486077980,-43.20844,-22.89987
1486077983,-43.20854,-22.9001
1486077990,-43.20902,-22.90025
1486078002,-43.20998,-22.89951
1486078003,-43.21006,-22.89933
1486078006,-43.21021,-22.89909
1486078011,-43.21048,-22.89877
1486078012,-43.2107,-22.89857
1486078014,-43.21092,-22.89839
1486078022,-43.21192,-22.8976
1486078025,-43.21229,-22.89722
1486078031,-43.21276,-22.89651
1486078036,-43.2132,-22.8956
1486078039,-43.21333,-22.89533
1486078042,-43.21365,-22.89471
1486078045,-43.21378,-22.89443
1486078047,-43.2139,-22.89416
1486078048,-43.21403,-22.89388
1486078055,-43.2145,-22.89284
1486078057,-43.21465,-22.89251
1486078060,-43.2148,-22.8922
1486078062,-43.21494,-22.8919
1486078063,-43.21507,-22.89163
1486078066,-43.21526,-22.89122
1486078070,-43.21545,-22.89084
1486078073,-43.2157,-22.89032
1486078076,-43.21587,-22.88997
1486078081,-43.21623,-22.88943
1486078084,-43.21638,-22.88928
1486078085,-43.21656,-22.88913
1486078087,-43.21678,-22.889
1486078090,-43.21697,-22.88891
1486078093,-43.21741,-22.8888
1486078098,-43.21793,-22.88877
1486078103,-43.21829,-22.88875
1486078109,-43.21943,-22.88878
1486078110,-43.2198,-22.88877
1486078113,-43.2202,-22.88876
1486078115,-43.2208,-22.88876
1486078118,-43.22119,-22.88876
1486078119,-43.22159,-22.88875
1486078122,-43.22196,-22.88871
1486078124,-43.22243,-22.8886
1486078127,-43.22271,-22.88847
1486078130,-43.2231,-22.88819
1486078134,-43.22355,-22.88772
1486078135,-43.22377,-22.88748
1486078141,-43.22449,-22.8867
1486078144,-43.22477,-22.88642
1486078146,-43.22503,-22.88616
1486078148,-43.22542,-22.88576
1486078149,-43.22555,-22.88563
1486078155,-43.2264,-22.885
1486078157,-43.22674,-22.88489
1486078160,-43.22708,-22.88482
1486078162,-43.22742,-22.88482
1486078164,-43.22792,-22.88491
1486078168,-43.22836,-22.88517
1486078169,-43.22866,-22.88539
1486078171,-43.22897,-22.88562
1486078173,-43.22926,-22.88586
1486078175,-43.22954,-22.88609
1486078179,-43.23007,-22.88653
1486078183,-43.23049,-22.8868
1486078186,-43.23109,-22.88702
1486078193,-43.23228,-22.8871
1486078199,-43.23356,-22.88671
1486078200,-43.23373,-22.88661
1486078203,-43.23403,-22.88636
1486078204,-43.23428,-22.88607
1486078206,-43.23441,-22.88593
1486078207,-43.23454,-22.88579
1486078208,-43.23481,-22.88549
1486078210,-43.23495,-22.88535
1486078219,-43.23605,-22.88411
1486078224,-43.23678,-22.88333
1486078227,-43.23714,-22.88296
1486078230,-43.23739,-22.88272
1486078233,-43.23788,-22.88219
1486078239,-43.23857,-22.88137
1486078244,-43.23893,-22.88082
1486078247,-43.23922,-22.88038
1486078250,-43.23952,-22.87993
1486078251,-43.23972,-22.87964
1486078255,-43.24008,-22.87909
1486078261,-43.24068,-22.87823
1486078264,-43.24089,-22.87793
1486078265,-43.24108,-22.87765
1486078267,-43.24125,-22.87739
1486078271,-43.24161,-22.87682
1486078275,-43.24198,-22.87629
1486078277,-43.24219,-22.87601
1486078280,-43.24238,-22.87575
1486078282,-43.24262,-22.87541
1486078286,-43.24286,-22.87508
1486078289,-43.24312,-22.87474
1486078291,-43.24341,-22.87439
1486078297,-43.24394,-22.87371
1486078304,-43.24452,-22.87291
1486078307,-43.24469,-22.87267
1486078309,-43.24486,-22.87245
1486078315,-43.24526,-22.87194
1486078316,-43.24539,-22.87176
1486078317,-43.24553,-22.87153
1486078322,-43.24589,-22.87092
1486078331,-43.24629,-22.87
1486078337,-43.24569,-22.8698
1486078339,-43.24549,-22.86987
1486078349,-43.24566,-22.87058
1486078350,-43.24599,-22.87079
1486078355,-43.24669,-22.87114
1486078360,-43.24737,-22.87146
1486078365,-43.24824,-22.87175
1486078368,-43.24898,-22.87188
1486078371,-43.24939,-22.87194
1486078374,-43.25004,-22.87203
1486078375,-43.25045,-22.8721
1486078382,-43.25172,-22.87218
1486078391,-43.25335,-22.872
1486078392,-43.25375,-22.87196
1486078393,-43.25415,-22.87191
1486078399,-43.25538,-22.87177
1486078401,-43.2558,-22.87171
1486078403,-43.25601,-22.87169
1486078406,-43.25669,-22.87156
1486078408,-43.25714,-22.87145
1486078410,-43.2578,-22.8713
1486078413,-43.25824,-22.87123
1486078418,-43.25955,-22.87117
1486078419,-43.25976,-22.87118
1486078421,-43.25998,-22.8712
1486078423,-43.26042,-22.87123
1486078424,-43.26087,-22.87127
1486078426,-43.26133,-22.8713
1486078428,-43.26155,-22.87132
1486078429,-43.26178,-22.87133
1486078432,-43.2627,-22.87137
1486078434,-43.26314,-22.8714
1486078436,-43.26336,-22.87143
1486078437,-43.26381,-22.87148
1486078442,-43.26488,-22.87172
1486078445,-43.26529,-22.87186
1486078448,-43.2661,-22.87221
1486078452,-43.2669,-22.87264
1486078456,-43.2675,-22.87296
1486078463,-43.26892,-22.87374
1486078465,-43.26934,-22.87396
1486078466,-43.26977,-22.8742
1486078468,-43.2702,-22.87443
1486078472,-43.27083,-22.87478
1486078474,-43.27125,-22.87501
1486078477,-43.27213,-22.8754
1486078479,-43.27236,-22.87548
1486078480,-43.27283,-22.87561
1486078486,-43.27427,-22.87592
1486078490,-43.27516,-22.87619
1486078496,-43.27618,-22.87675
1486078497,-43.27654,-22.87706
1486078499,-43.27686,-22.8774
1486078504,-43.27753,-22.87835
1486078506,-43.27767,-22.87853
1486078509,-43.2783,-22.8792
1486078511,-43.27848,-22.87935
1486078517,-43.27991,-22.88029
1486078519,-43.28011,-22.88042
1486078520,-43.28054,-22.88064
1486078524,-43.28148,-22.88103
1486078526,-43.28198,-22.88119
1486078528,-43.28247,-22.88135
1486078530,-43.2827,-22.88142
1486078533,-43.2836,-22.88172
1486078535,-43.28384,-22.88179
1486078539,-43.28472,-22.88206
1486078542,-43.28558,-22.88228
1486078547,-43.28639,-22.88249
1486078548,-43.2866,-22.88253
1486078549,-43.28703,-22.88262
1486078551,-43.28744,-22.88271
1486078553,-43.28787,-22.88283
1486078557,-43.28849,-22.88305
1486078558,-43.2889,-22.88323
1486078561,-43.2893,-22.88344
1486078562,-43.28969,-22.88367
1486078564,-43.29006,-22.88393
1486078572,-43.29146,-22.8852
1486078582,-43.29261,-22.88682
1486078584,-43.29291,-22.88713
1486078596,-43.29511,-22.88897
1486078598,-43.29527,-22.88911
1486078599,-43.29563,-22.88939
1486078601,-43.296,-22.88968
1486078604,-43.29638,-22.88998
1486078610,-43.29767,-22.89097
1486078613,-43.29803,-22.89125
1486078618,-43.29889,-22.89194
1486078619,-43.29919,-22.89226
1486078620,-43.29934,-22.89243
1486078622,-43.2996,-22.89278
1486078627,-43.30001,-22.89353
1486078634,-43.30047,-22.89502
1486078637,-43.30059,-22.89539
1486078638,-43.30073,-22.89573
1486078640,-43.30087,-22.89604
1486078643,-43.30104,-22.89636
1486078644,-43.30124,-22.89668
1486078647,-43.30145,-22.89698
1486078654,-43.30247,-22.89822
1486078657,-43.30265,-22.89857
1486078658,-43.3028,-22.89895
1486078660,-43.30287,-22.89915
1486078661,-43.30299,-22.89955
1486078664,-43.30319,-22.90012
1486078668,-43.30332,-22.90051
1486078673,-43.30377,-22.90191
1486078676,-43.30389,-22.90232
1486078678,-43.30402,-22.9027
1486078681,-43.30425,-22.90342
1486078684,-43.30435,-22.90372
1486078685,-43.30444,-22.90397
1486078710,-43.30617,-22.90671
1486078715,-43.30686,-22.90704
1486078718,-43.30726,-22.90717
1486078724,-43.30782,-22.90726
1486078730,-43.30832,-22.9073
1486078741,-43.30837,-22.90729
1486078752,-43.30844,-22.90728
1486078762,-43.3085,-22.90727
1486078772,-43.3085,-22.90727
1486078803,-43.3086,-22.90723
1486078814,-43.3086,-22.90723
1486078824,-43.30869,-22.90722
1486078834,-43.30878,-22.90723
1486078845,-43.30878,-22.90723
1486078856,-43.30887,-22.90722
1486078865,-43.30938,-22.90713
1486078877,-43.3109,-22.90682
1486078882,-43.31156,-22.90679
1486078890,-43.31311,-22.90696
1486078893,-43.31346,-22.90709
1486078894,-43.31378,-22.90725
1486078904,-43.3149,-22.90844
1486078906,-43.31515,-22.90892
1486078927,-43.31515,-22.90892
1486078937,-43.31515,-22.90892
1486078968,-43.31515,-22.90892
1486078979,-43.31515,-22.90892
1486078989,-43.31515,-22.90892
1486079007,-43.33207,-22.92217
1486079010,-43.33242,-22.92232
1486079021,-43.33459,-22.92312
1486079022,-43.33497,-22.92329
1486079032,-43.33688,-22.92417
1486079034,-43.33706,-22.92427
1486079039,-43.33814,-22.92484
1486079042,-43.33851,-22.92503
1486079058,-43.34163,-22.92693
1486079060,-43.34194,-22.92725
1486079083,-43.34331,-22.92914
1486079084,-43.34458,-22.93128
1486079091,-43.34521,-22.93274
1486079094,-43.34538,-22.93307
1486079103,-43.34631,-22.93464
1486079109,-43.34702,-22.93549
1486079117,-43.34796,-22.93662
1486079120,-43.34854,-22.9373
1486079127,-43.34937,-22.93825
1486079141,-43.35128,-22.94047
1486079143,-43.35154,-22.94081
1486079145,-43.35177,-22.94115
1486079149,-43.35231,-22.94208
1486079166,-43.35415,-22.94534
1486079169,-43.35436,-22.94574
1486079173,-43.35477,-22.94656
1486079183,-43.35588,-22.94849
1486079184,-43.35609,-22.94884
1486079191,-43.35667,-22.95021
1486079200,-43.35699,-22.95185
1486079203,-43.3571,-22.95259
1486079207,-43.35719,-22.95309
1486079212,-43.35739,-22.95403
1486079225,-43.35677,-22.95619
1486079233,-43.3567,-22.95735
1486079236,-43.3568,-22.95767
1486079240,-43.35715,-22.95845
1486079252,-43.35759,-22.96006
1486079260,-43.35739,-22.9614
1486079265,-43.35729,-22.96198
1486079266,-43.35725,-22.96229
1486079272,-43.35718,-22.96324
1486079276,-43.35717,-22.96381
1486079291,-43.35727,-22.96588
1486079294,-43.35734,-22.96651
1486079299,-43.35753,-22.96719
1486079304,-43.35784,-22.96772
1486079306,-43.35803,-22.96795
1486079327,-43.36063,-22.97014
1486079329,-43.36099,-22.97054
1486079346,-43.36297,-22.97256
1486079349,-43.36329,-22.97286
1486079352,-43.36348,-22.97303
1486079353,-43.3637,-22.97315
1486079364,-43.36508,-22.97317
1486079368,-43.36537,-22.97318
1486079371,-43.36559,-22.97316
1486079382,-43.36575,-22.97315
1486079402,-43.36596,-22.97314
1486079412,-43.36686,-22.97313
1486079419,-43.36751,-22.97313
1486079429,-43.36875,-22.97313
1486079434,-43.36953,-22.97319
1486079444,-43.37078,-22.97328
1486079447,-43.37109,-22.97328
1486079451,-43.37193,-22.97326
1486079454,-43.37246,-22.97326
1486079466,-43.37453,-22.97324
1486079469,-43.37529,-22.97324
1486079472,-43.37563,-22.97323
1486079486,-43.37777,-22.97319
1486079491,-43.3787,-22.97314
1486079495,-43.37902,-22.97312
1486079498,-43.37932,-22.97313
1486079508,-43.37947,-22.97312
1486079519,-43.37947,-22.97312
1486079536,-43.38033,-22.97318
1486079540,-43.38085,-22.97318
1486079543,-43.38113,-22.97318
1486079561,-43.38153,-22.97317
1486079572,-43.38138,-22.97312
1486079574,-43.38159,-22.97317
1486079584,-43.38164,-22.97316
1486079594,-43.38176,-22.97314
1486079600,-43.38204,-22.97311
1486079616,-43.38243,-22.97308
1486079626,-43.38249,-22.97308
1486079647,-43.38262,-22.97309
1486079657,-43.38269,-22.97308
1486079666,-43.38318,-22.97306
1486079672,-43.38338,-22.97307
1486079683,-43.38351,-22.97305
1486079693,-43.38363,-22.97303
1486079700,-43.38382,-22.97304
1486079724,-43.38392,-22.97304
1486079734,-43.38392,-22.97304
1486079748,-43.38415,-22.97306
1486079754,-43.38443,-22.97305
1486079756,-43.38468,-22.97304
1486079763,-43.38513,-22.97303
1486079773,-43.38525,-22.97303
1486079783,-43.38525,-22.97303
1486079794,-43.38525,-22.97303
1486079814,-43.38525,-22.97303
1486079825,-43.38544,-22.97304
1486079836,-43.38687,-22.97311
1486079848,-43.38894,-22.97315
1486079860,-43.3912,-22.97315
1486079866,-43.39231,-22.97312
1486079871,-43.39305,-22.97309
1486079873,-43.39341,-22.97307
1486079888,-43.39613,-22.9731
1486079895,-43.39733,-22.97308
1486079901,-43.39773,-22.97307
1486079911,-43.39786,-22.97308
1486079920,-43.3981,-22.97307
1486079923,-43.39847,-22.97307
1486079931,-43.39935,-22.973
1486079939,-43.40014,-22.97221
1486079947,-43.40029,-22.97103
1486079953,-43.40066,-22.97056
1486079962,-43.4014,-22.97101
1486079963,-43.40161,-22.97123
1486079969,-43.40212,-22.9718
1486079984,-43.40372,-22.97311
1486079993,-43.40458,-22.97418
1486079996,-43.40496,-22.97469
1486080000,-43.40525,-22.97505
1486080008,-43.40594,-22.97596
1486080012,-43.40624,-22.97638
1486080015,-43.40658,-22.97682
1486080019,-43.40685,-22.97717
1486080030,-43.40803,-22.97869
1486080036,-43.4085,-22.97929
1486080044,-43.40937,-22.98039
1486080050,-43.40986,-22.98099
1486080051,-43.41004,-22.98123
1486080056,-43.41046,-22.98179
1486080067,-43.41116,-22.98234
1486080073,-43.41179,-22.98188
1486080078,-43.41222,-22.98155
1486080085,-43.41311,-22.98083
1486080096,-43.41429,-22.9799
1486080101,-43.41491,-22.9794
1486080107,-43.41561,-22.97886
1486080116,-43.41649,-22.97853
1486080118,-43.41634,-22.9782
1486080122,-43.41649,-22.97804
1486080124,-43.41672,-22.97799
1486080127,-43.4169,-22.97786
1486080135,-43.41699,-22.97769
1486080148,-43.41644,-22.97684
1486080152,-43.41623,-22.97673
1486080155,-43.41602,-22.97663
1486080165,-43.41596,-22.97649
1486080196,-43.41596,-22.97649
1486080206,-43.41596,-22.97649
1486080222,-43.41614,-22.97631
1486080231,-43.41667,-22.97687
1486080241,-43.41735,-22.97777
1486080243,-43.41755,-22.97804
1486080248,-43.41794,-22.9785
1486080254,-43.41845,-22.97879
1486080263,-43.41963,-22.97918
1486080273,-43.42064,-22.97951
1486080282,-43.42117,-22.97974
1486080292,-43.42208,-22.98009
1486080296,-43.42267,-22.98028
1486080303,-43.42337,-22.98054
1486080306,-43.42356,-22.98066
1486080307,-43.42374,-22.9808
1486080311,-43.42394,-22.981
1486080323,-43.4244,-22.98176
1486080327,-43.42456,-22.98234
1486080332,-43.42465,-22.983
1486080344,-43.4248,-22.98404
1486080350,-43.42518,-22.98451
1486080364,-43.42679,-22.98498
1486080370,-43.42737,-22.98504
1486080387,-43.42892,-22.98494
1486080393,-43.42954,-22.98498
1486080399,-43.43038,-22.98515
1486080401,-43.43066,-22.98526
1486080407,-43.43137,-22.98571
1486080423,-43.43302,-22.98729
1486080426,-43.43332,-22.98755
1486080431,-43.43388,-22.98798
1486080437,-43.43433,-22.98835
1486080446,-43.43519,-22.98908
1486080454,-43.43627,-22.98936
1486080457,-43.43652,-22.9893
1486080462,-43.43678,-22.98921
1486080475,-43.43762,-22.98898
1486080478,-43.4379,-22.98892
1486080482,-43.43814,-22.98886
1486080499,-43.43847,-22.98888
1486080510,-43.43852,-22.98898
1486080527,-43.43832,-22.98969
1486080539,-43.43815,-22.99031
1486080551,-43.43798,-22.99099
1486080555,-43.43791,-22.99123
1486080571,-43.43768,-22.99218
1486080576,-43.43762,-22.99237
1486080580,-43.43755,-22.99259
1486080581,-43.4375,-22.99281
1486080589,-43.43742,-22.9931
1486080597,-43.43733,-22.99346
1486080603,-43.43727,-22.99369
1486080614,-43.43727,-22.9937
1486080615,-43.43727,-22.9937
