1488058300,-46.69777,-23.61862
1488058305,-46.69777,-23.61862
1488058315,-46.69777,-23.61862
1488058323,-46.69777,-23.61863
1488058325,-46.69777,-23.61863
1488058336,-46.69778,-23.61866
1488058339,-46.69787,-23.6189
1488058342,-46.69798,-23.61919
1488058353,-46.69836,-23.62017
1488058357,-46.69853,-23.62057
1488058360,-46.69855,-23.62085
1488058364,-46.69848,-23.62104
1488058370,-46.69805,-23.62155
1488058373,-46.69786,-23.62177
1488058376,-46.69769,-23.62197
1488058380,-46.69749,-23.62221
1488058384,-46.69735,-23.62237
1488058391,-46.69721,-23.62252
1488058402,-46.69718,-23.62262
1488058405,-46.69703,-23.62277
1488058410,-46.69686,-23.62299
1488058428,-46.69666,-23.62321
1488058432,-46.69649,-23.62342
1488058439,-46.69597,-23.62379
1488058443,-46.69567,-23.62392
1488058444,-46.69542,-23.62402
1488058446,-46.69524,-23.62411
1488058450,-46.69506,-23.62421
1488058462,-46.69498,-23.62422
1488058484,-46.69498,-23.62422
1488058516,-46.69469,-23.62439
1488058519,-46.69452,-23.62448
1488058522,-46.69431,-23.62457
1488058525,-46.69399,-23.62474
1488058527,-46.69377,-23.62485
1488058528,-46.69346,-23.62502
1488058530,-46.69324,-23.62514
1488058533,-46.69294,-23.62531
1488058536,-46.69276,-23.62542
1488058539,-46.69237,-23.62561
1488058541,-46.69218,-23.62569
1488058545,-46.69192,-23.62579
1488058549,-46.69175,-23.6259
1488058560,-46.69224,-23.62661
1488058563,-46.69238,-23.6268
1488058570,-46.69241,-23.62703
1488058574,-46.69221,-23.62715
1488058577,-46.6921,-23.62736
1488058581,-46.69198,-23.6276
1488058584,-46.6919,-23.62778
1488058589,-46.69178,-23.628
1488058593,-46.69181,-23.6282
1488058596,-46.69194,-23.62838
1488058600,-46.69205,-23.62854
1488058603,-46.69223,-23.62875
1488058607,-46.69235,-23.62893
1488058611,-46.6925,-23.62915
1488058613,-46.69264,-23.62934
1488058618,-46.69282,-23.62958
1488058623,-46.69306,-23.62994
1488058627,-46.69321,-23.63019
1488058630,-46.69334,-23.63036
1488058635,-46.69345,-23.63053
1488058640,-46.69358,-23.63072
1488058643,-46.69374,-23.63095
1488058647,-46.6939,-23.6312
1488058652,-46.69408,-23.63144
1488058655,-46.69421,-23.63161
1488058658,-46.69432,-23.6318
1488058666,-46.69422,-23.63204
1488058670,-46.69397,-23.63218
1488058677,-46.6936,-23.63237
1488058687,-46.69312,-23.63267
1488058691,-46.69292,-23.63279
1488058704,-46.69277,-23.63282
1488058714,-46.69277,-23.63282
1488058725,-46.69277,-23.63282
1488058741,-46.69277,-23.63282
1488058753,-46.69275,-23.63283
1488058758,-46.69254,-23.63299
1488058762,-46.69232,-23.63311
1488058765,-46.692,-23.63331
1488058768,-46.69176,-23.63346
1488058775,-46.69135,-23.63371
1488058779,-46.69117,-23.63384
1488058789,-46.6911,-23.63389
1488058800,-46.69108,-23.63386
1488058810,-46.69082,-23.63399
1488058817,-46.69062,-23.634
1488058827,-46.69042,-23.63391
1488058838,-46.69036,-23.63384
1488058848,-46.69035,-23.63384
1488058860,-46.69035,-23.63381
1488058876,-46.69017,-23.63341
1488058881,-46.68996,-23.63317
1488058882,-46.68983,-23.63303
1488058890,-46.68932,-23.63255
1488058893,-46.68901,-23.63223
1488058895,-46.68884,-23.63206
1488058899,-46.68862,-23.63183
1488058900,-46.68848,-23.63166
1488058902,-46.68833,-23.63151
1488058904,-46.68819,-23.63136
1488058907,-46.68803,-23.63119
1488058909,-46.6878,-23.63094
1488058912,-46.68758,-23.63071
1488058914,-46.68744,-23.63056
1488058917,-46.68732,-23.63039
1488058925,-46.68659,-23.62961
1488058930,-46.68618,-23.62918
1488058933,-46.68601,-23.62901
1488058934,-46.68585,-23.62883
1488058937,-46.68559,-23.62857
1488058940,-46.68533,-23.62829
1488058942,-46.68515,-23.62811
1488058947,-46.68473,-23.62766
1488058950,-46.68448,-23.62739
1488058954,-46.68423,-23.62712
1488058960,-46.68373,-23.62659
1488058961,-46.68356,-23.62641
1488058964,-46.6833,-23.62615
1488058973,-46.68256,-23.62536
1488058976,-46.68232,-23.62511
1488058979,-46.68217,-23.62494
1488058981,-46.68201,-23.62477
1488058982,-46.68186,-23.6246
1488058984,-46.6817,-23.62443
1488058988,-46.68147,-23.62418
1488058989,-46.68134,-23.62402
1488058992,-46.68113,-23.62383
1488058997,-46.68093,-23.62361
1488059003,-46.68079,-23.62343
1488059013,-46.68006,-23.62265
1488059014,-46.6799,-23.62248
1488059017,-46.67966,-23.62223
1488059025,-46.67911,-23.62164
1488059030,-46.67888,-23.6214
1488059037,-46.67873,-23.62127
1488059049,-46.67871,-23.62127
1488059059,-46.67871,-23.62127
1488059069,-46.67871,-23.62127
1488059079,-46.6787,-23.62125
1488059084,-46.6785,-23.62104
1488059089,-46.67826,-23.62079
1488059094,-46.67794,-23.62045
1488059100,-46.67743,-23.61989
1488059107,-46.6769,-23.61931
1488059109,-46.67675,-23.61913
1488059113,-46.67652,-23.61889
1488059115,-46.67629,-23.61863
1488059118,-46.67603,-23.61838
1488059120,-46.67586,-23.6182
1488059125,-46.67553,-23.61786
1488059126,-46.67537,-23.61768
1488059128,-46.67522,-23.6175
1488059131,-46.67506,-23.61732
1488059132,-46.67488,-23.61715
1488059134,-46.6747,-23.617
1488059143,-46.67409,-23.61631
1488059147,-46.67366,-23.61586
1488059150,-46.6735,-23.61568
1488059152,-46.67337,-23.61554
1488059153,-46.67317,-23.61533
1488059155,-46.67301,-23.61515
1488059158,-46.67284,-23.61497
1488059163,-46.67232,-23.61443
1488059165,-46.67215,-23.61425
1488059169,-46.67181,-23.6139
1488059175,-46.67133,-23.61337
1488059177,-46.67115,-23.61319
1488059182,-46.67081,-23.61285
1488059183,-46.67064,-23.61267
1488059186,-46.67048,-23.61249
1488059189,-46.67015,-23.61214
1488059193,-46.6699,-23.61188
1488059194,-46.66974,-23.61172
1488059196,-46.6696,-23.61157
1488059200,-46.66946,-23.61143
1488059210,-46.66937,-23.61138
1488059220,-46.6692,-23.61119
1488059228,-46.66876,-23.61072
1488059229,-46.66862,-23.61057
1488059231,-46.66848,-23.61041
1488059234,-46.66826,-23.61017
1488059237,-46.66813,-23.61003
1488059239,-46.66794,-23.60983
1488059244,-46.66777,-23.60967
1488059251,-46.66757,-23.60957
1488059254,-46.66743,-23.60941
1488059263,-46.66714,-23.60907
1488059275,-46.66712,-23.60905
1488059278,-46.66699,-23.60885
1488059285,-46.6666,-23.6084
1488059288,-46.66631,-23.60812
1488059297,-46.66568,-23.60743
1488059300,-46.66543,-23.60718
1488059311,-46.66531,-23.60704
1488059313,-46.66469,-23.60634
1488059319,-46.66413,-23.60576
1488059320,-46.66399,-23.60559
1488059324,-46.66376,-23.60534
1488059327,-46.6636,-23.60519
1488059331,-46.66318,-23.60474
1488059346,-46.66213,-23.60357
1488059348,-46.66201,-23.60342
1488059353,-46.66176,-23.60319
1488059357,-46.66156,-23.60295
1488059360,-46.66139,-23.60278
1488059370,-46.66258,-23.60383
1488059371,-46.6614,-23.60256
1488059382,-46.66142,-23.60259
1488059394,-46.66139,-23.60259
1488059404,-46.66139,-23.60259
1488059416,-46.66132,-23.60257
1488059420,-46.66113,-23.60245
1488059423,-46.66088,-23.60221
1488059436,-46.65976,-23.60108
1488059441,-46.65943,-23.60073
1488059442,-46.65927,-23.60055
1488059447,-46.65894,-23.60021
1488059450,-46.6586,-23.59987
1488059457,-46.65809,-23.59935
1488059458,-46.65793,-23.59917
1488059460,-46.65777,-23.59899
1488059462,-46.65762,-23.59881
1488059465,-46.65746,-23.59864
1488059472,-46.65693,-23.59807
1488059473,-46.65679,-23.59791
1488059476,-46.6566,-23.59771
1488059481,-46.65639,-23.59748
1488059485,-46.65621,-23.59729
1488059499,-46.65559,-23.59664
1488059502,-46.65529,-23.59632
1488059505,-46.65506,-23.59608
1488059508,-46.65493,-23.59594
1488059509,-46.65478,-23.59579
1488059511,-46.65464,-23.59561
1488059521,-46.65393,-23.59491
1488059523,-46.65371,-23.59465
1488059526,-46.65348,-23.59439
1488059533,-46.65287,-23.59379
1488059535,-46.65269,-23.59359
1488059538,-46.65251,-23.59342
1488059539,-46.65236,-23.59324
1488059541,-46.6522,-23.59306
1488059544,-46.65207,-23.59288
1488059545,-46.65191,-23.5927
1488059547,-46.65175,-23.59252
1488059550,-46.65158,-23.59237
1488059551,-46.65135,-23.59227
1488059554,-46.65115,-23.59219
1488059556,-46.65084,-23.59206
1488059561,-46.65065,-23.59162
1488059564,-46.65075,-23.59129
1488059567,-46.65087,-23.59094
1488059577,-46.65145,-23.58974
1488059579,-46.65157,-23.5895
1488059581,-46.65169,-23.58926
1488059584,-46.65183,-23.58901
1488059590,-46.65229,-23.58812
1488059593,-46.65241,-23.58785
1488059595,-46.65254,-23.58761
1488059597,-46.65272,-23.58723
1488059600,-46.65288,-23.58686
1488059603,-46.653,-23.58662
1488059604,-46.65312,-23.58637
1488059607,-46.65324,-23.58611
1488059609,-46.65335,-23.58568
1488059611,-46.65338,-23.58539
1488059615,-46.65335,-23.58489
1488059620,-46.6531,-23.5842
1488059626,-46.65275,-23.58364
1488059635,-46.65193,-23.58284
1488059636,-46.65173,-23.5827
1488059638,-46.65153,-23.58256
1488059640,-46.65133,-23.58242
1488059644,-46.65102,-23.58221
1488059649,-46.65053,-23.58187
1488059650,-46.65036,-23.58175
1488059652,-46.65016,-23.58161
1488059656,-46.64976,-23.58133
1488059671,-46.64814,-23.58016
1488059672,-46.64791,-23.58
1488059674,-46.64769,-23.57985
1488059678,-46.64732,-23.57958
1488059680,-46.64709,-23.5794
1488059684,-46.64681,-23.57919
1488059686,-46.64652,-23.579
1488059691,-46.64615,-23.57873
1488059693,-46.64586,-23.57853
1488059695,-46.64566,-23.57839
1488059698,-46.64545,-23.57825
1488059702,-46.64493,-23.57786
1488059708,-46.6444,-23.57746
1488059712,-46.64382,-23.57705
1488059717,-46.64324,-23.57665
1488059720,-46.643,-23.57649
1488059722,-46.64266,-23.57623
1488059725,-46.64232,-23.576
1488059728,-46.64207,-23.57584
1488059732,-46.6415,-23.57543
1488059734,-46.64133,-23.57522
1488059739,-46.64114,-23.57476
1488059751,-46.64101,-23.57309
1488059752,-46.64099,-23.57276
1488059756,-46.64093,-23.57222
1488059759,-46.64087,-23.57195
1488059761,-46.64084,-23.57169
1488059762,-46.6408,-23.57142
1488059766,-46.64076,-23.57102
1488059768,-46.64073,-23.57063
1488059770,-46.64071,-23.57037
1488059773,-46.64067,-23.56997
1488059778,-46.64061,-23.5693
1488059788,-46.6405,-23.56795
1488059790,-46.64047,-23.56768
1488059793,-46.64047,-23.56727
1488059796,-46.64046,-23.56698
1488059803,-46.64054,-23.56605
1488059804,-46.64055,-23.5658
1488059806,-46.64053,-23.56555
1488059814,-46.64037,-23.56465
1488059819,-46.64022,-23.56409
1488059822,-46.64018,-23.56386
1488059828,-46.64005,-23.56317
1488059830,-46.63998,-23.56296
1488059831,-46.63992,-23.56273
1488059833,-46.63991,-23.5625
1488059836,-46.63991,-23.56216
1488059842,-46.63981,-23.56145
1488059845,-46.63972,-23.56108
1488059848,-46.63959,-23.56072
1488059852,-46.63937,-23.56025
1488059858,-46.63899,-23.55969
1488059860,-46.63883,-23.55949
1488059861,-46.63868,-23.5593
1488059863,-46.63856,-23.55908
1488059876,-46.63787,-23.55777
1488059879,-46.63779,-23.55756
1488059882,-46.63764,-23.55718
1488059885,-46.63752,-23.55694
1488059888,-46.63727,-23.55676
1488059891,-46.63705,-23.55665
1488059900,-46.63639,-23.55649
1488059902,-46.63605,-23.5566
1488059907,-46.63554,-23.55665
1488059908,-46.6353,-23.55668
1488059910,-46.63508,-23.55672
1488059914,-46.63475,-23.55671
1488059917,-46.63444,-23.5567
1488059927,-46.63323,-23.55664
1488059929,-46.63303,-23.55664
1488059933,-46.63269,-23.55663
1488059934,-46.63237,-23.55663
1488059940,-46.63165,-23.55656
1488059944,-46.63127,-23.55654
1488059947,-46.63091,-23.55651
1488059952,-46.63032,-23.55645
1488059954,-46.63007,-23.55643
1488059955,-46.62982,-23.55641
1488059957,-46.62957,-23.55639
1488059960,-46.62919,-23.55635
1488059964,-46.62883,-23.55633
1488059965,-46.62857,-23.55629
1488059967,-46.62835,-23.55623
1488059971,-46.62797,-23.55606
1488059978,-46.62744,-23.55553
1488059980,-46.62728,-23.55521
1488059982,-46.62719,-23.555
1488059984,-46.62711,-23.55478
1488059988,-46.62697,-23.55447
1488059991,-46.62676,-23.55406
1488059993,-46.62666,-23.55385
1488059998,-46.62643,-23.55345
1488060000,-46.62632,-23.55325
1488060004,-46.62601,-23.55272
1488060011,-46.62552,-23.55203
1488060013,-46.62529,-23.55192
1488060016,-46.62504,-23.55183
1488060019,-46.62451,-23.55183
1488060022,-46.62425,-23.55185
1488060024,-46.62399,-23.55189
1488060026,-46.6236,-23.55193
1488060030,-46.6231,-23.55201
1488060033,-46.62285,-23.55205
1488060035,-46.62253,-23.5521
1488060037,-46.62223,-23.55215
1488060043,-46.62145,-23.55227
1488060048,-46.62093,-23.55234
1488060049,-46.62067,-23.55238
1488060051,-46.62041,-23.55241
1488060053,-46.62016,-23.55245
1488060056,-46.61992,-23.55248
1488060057,-46.61967,-23.55252
1488060065,-46.61881,-23.55262
1488060067,-46.61854,-23.55265
1488060071,-46.61791,-23.55269
1488060077,-46.61713,-23.55276
1488060079,-46.61687,-23.55279
1488060081,-46.61661,-23.55281
1488060083,-46.61635,-23.55283
1488060085,-46.61609,-23.55286
1488060090,-46.61558,-23.55291
1488060094,-46.61497,-23.55296
1488060101,-46.61422,-23.55303
1488060108,-46.61334,-23.55311
1488060111,-46.61286,-23.55312
1488060117,-46.61224,-23.55303
1488060119,-46.61187,-23.55297
1488060122,-46.61163,-23.55291
1488060127,-46.6109,-23.55269
1488060130,-46.61055,-23.55253
1488060132,-46.61032,-23.55242
1488060135,-46.60998,-23.55226
1488060137,-46.60975,-23.55215
1488060139,-46.60952,-23.55203
1488060145,-46.60888,-23.55168
1488060148,-46.60852,-23.5515
1488060151,-46.60821,-23.55132
1488060153,-46.608,-23.55121
1488060160,-46.60742,-23.55087
1488060164,-46.60697,-23.55061
1488060167,-46.60673,-23.55049
1488060172,-46.60627,-23.55024
1488060179,-46.60579,-23.54997
1488060190,-46.60564,-23.54989
1488060202,-46.60564,-23.54988
1488060214,-46.60562,-23.54986
1488060222,-46.60545,-23.54978
1488060226,-46.60526,-23.5497
1488060229,-46.60498,-23.54953
1488060234,-46.60466,-23.54936
1488060240,-46.60418,-23.54909
1488060244,-46.60374,-23.54885
1488060247,-46.6035,-23.54871
1488060255,-46.60296,-23.54841
1488060260,-46.60258,-23.54826
1488060261,-46.60232,-23.54814
1488060263,-46.60211,-23.54803
1488060266,-46.60193,-23.54794
1488060267,-46.60173,-23.54784
1488060269,-46.60156,-23.54775
1488060273,-46.6013,-23.54763
1488060279,-46.60074,-23.5473
1488060282,-46.60049,-23.54717
1488060287,-46.60017,-23.54699
1488060291,-46.59984,-23.54679
1488060294,-46.59961,-23.54666
1488060296,-46.59939,-23.54653
1488060298,-46.59922,-23.54643
1488060300,-46.59905,-23.54632
1488060305,-46.59867,-23.54613
1488060306,-46.59848,-23.54601
1488060309,-46.5982,-23.54584
1488060312,-46.59791,-23.54571
1488060316,-46.59765,-23.54562
1488060319,-46.59737,-23.54553
1488060321,-46.59708,-23.54543
1488060323,-46.5969,-23.54536
1488060329,-46.59642,-23.54526
1488060337,-46.59548,-23.54506
1488060341,-46.59502,-23.54497
1488060344,-46.5948,-23.54494
1488060345,-46.59458,-23.54489
1488060347,-46.59437,-23.54484
1488060350,-46.59409,-23.54476
1488060358,-46.59353,-23.54467
1488060365,-46.5928,-23.54455
1488060370,-46.59204,-23.54438
1488060373,-46.59179,-23.54434
1488060374,-46.59155,-23.54429
1488060379,-46.59095,-23.54416
1488060382,-46.5907,-23.54411
1488060384,-46.59033,-23.54404
1488060386,-46.5901,-23.54399
1488060388,-46.58986,-23.54393
1488060391,-46.58962,-23.54388
1488060393,-46.58937,-23.54384
1488060395,-46.58905,-23.54379
1488060402,-46.58827,-23.54364
1488060407,-46.58775,-23.54354
1488060409,-46.58755,-23.54348
1488060412,-46.58735,-23.54342
1488060422,-46.58721,-23.54337
1488060432,-46.58721,-23.54338
1488060444,-46.58721,-23.54338
1488060464,-46.58643,-23.54326
1488060468,-46.58624,-23.54322
1488060471,-46.58594,-23.54316
1488060479,-46.5853,-23.54307
1488060482,-46.58504,-23.54301
1488060486,-46.58472,-23.54296
1488060496,-46.58398,-23.5428
1488060499,-46.5836,-23.54274
1488060501,-46.58338,-23.5427
1488060503,-46.58313,-23.54265
1488060511,-46.58219,-23.54242
1488060514,-46.58196,-23.54236
1488060517,-46.58169,-23.5423
1488060520,-46.58138,-23.54227
1488060524,-46.5811,-23.54221
1488060526,-46.58076,-23.54213
1488060535,-46.57982,-23.54198
1488060539,-46.57956,-23.54217
1488060543,-46.57961,-23.54243
1488060545,-46.57985,-23.54256
1488060548,-46.58007,-23.5425
1488060556,-46.58025,-23.5422
1488060561,-46.58036,-23.54191
1488060563,-46.58047,-23.54164
1488060569,-46.5806,-23.54117
1488060572,-46.5807,-23.5409
1488060575,-46.58078,-23.54069
1488060578,-46.58093,-23.54021
1488060581,-46.58102,-23.53997
1488060583,-46.58113,-23.5396
1488060589,-46.58153,-23.53894
1488060593,-46.5818,-23.53855
1488060595,-46.58193,-23.53834
1488060605,-46.58225,-23.53733
1488060610,-46.58238,-23.5368
1488060611,-46.58242,-23.53662
1488060615,-46.5825,-23.53637
1488060618,-46.58256,-23.53614
1488060626,-46.58264,-23.53588
1488060632,-46.58276,-23.53543
1488060634,-46.58283,-23.53513
1488060637,-46.58288,-23.53494
1488060640,-46.583,-23.53454
1488060643,-46.58304,-23.53433
1488060644,-46.5831,-23.53413
1488060647,-46.58317,-23.53382
1488060651,-46.58324,-23.53352
1488060654,-46.58333,-23.53314
1488060657,-46.5834,-23.53287
1488060660,-46.58348,-23.5326
1488060664,-46.58354,-23.53229
1488060666,-46.58359,-23.53196
1488060670,-46.58367,-23.53159
1488060673,-46.58374,-23.53132
1488060681,-46.58387,-23.53063
1488060684,-46.58384,-23.53041
1488060689,-46.58373,-23.53002
1488060691,-46.58361,-23.52974
1488060694,-46.58353,-23.52955
1488060695,-46.58343,-23.52935
1488060697,-46.58335,-23.52917
1488060705,-46.58293,-23.52853
1488060710,-46.5825,-23.5283
1488060713,-46.58216,-23.52821
1488060716,-46.58192,-23.52815
1488060718,-46.58155,-23.52807
1488060720,-46.58133,-23.52801
1488060722,-46.58109,-23.52796
1488060726,-46.58074,-23.52785
1488060731,-46.58013,-23.52769
1488060732,-46.57988,-23.52762
1488060742,-46.57867,-23.52727
1488060743,-46.57839,-23.52719
1488060746,-46.57798,-23.52707
1488060749,-46.57754,-23.52696
1488060752,-46.57711,-23.52684
1488060755,-46.57662,-23.52674
1488060757,-46.57631,-23.52667
1488060760,-46.57584,-23.52664
1488060766,-46.57508,-23.52663
1488060768,-46.57478,-23.52663
1488060770,-46.57447,-23.52666
1488060772,-46.57417,-23.5267
1488060773,-46.57388,-23.52673
1488060775,-46.57364,-23.52675
1488060779,-46.57321,-23.52679
1488060780,-46.57287,-23.52683
1488060783,-46.57245,-23.52688
1488060786,-46.57217,-23.52688
1488060793,-46.57112,-23.52679
1488060795,-46.5708,-23.52674
1488060798,-46.57019,-23.52657
1488060800,-46.5699,-23.52647
1488060803,-46.5696,-23.52637
1488060809,-46.56872,-23.52606
1488060810,-46.56845,-23.52593
1488060812,-46.56816,-23.5258
1488060816,-46.56774,-23.52559
1488060818,-46.56735,-23.52538
1488060821,-46.56711,-23.52523
1488060823,-46.56674,-23.52502
1488060827,-46.56637,-23.52482
1488060828,-46.56612,-23.52468
1488060836,-46.56509,-23.52421
1488060838,-46.56483,-23.52411
1488060842,-46.56441,-23.52401
1488060856,-46.56209,-23.52382
1488060860,-46.56177,-23.52385
1488060861,-46.56129,-23.52387
1488060863,-46.56097,-23.52388
1488060867,-46.56051,-23.52391
1488060869,-46.5602,-23.52392
1488060874,-46.5595,-23.52384
1488060875,-46.55921,-23.52377
1488060877,-46.55891,-23.52368
1488060884,-46.55789,-23.52324
1488060886,-46.55759,-23.52307
1488060889,-46.55731,-23.52289
1488060892,-46.55691,-23.52261
1488060893,-46.55668,-23.52238
1488060898,-46.55619,-23.52183
1488060901,-46.556,-23.52157
1488060902,-46.5558,-23.52123
1488060905,-46.55559,-23.52079
1488060910,-46.55534,-23.52002
1488060912,-46.55528,-23.5197
1488060914,-46.55524,-23.51938
1488060917,-46.55522,-23.51907
1488060919,-46.55523,-23.51875
1488060920,-46.55527,-23.51844
1488060922,-46.55532,-23.51813
1488060928,-46.55552,-23.5172
1488060934,-46.5557,-23.5164
1488060935,-46.55577,-23.51609
1488060937,-46.55583,-23.51577
1488060942,-46.55593,-23.51505
1488060944,-46.55595,-23.51475
1488060946,-46.55598,-23.51446
1488060948,-46.55599,-23.51416
1488060951,-46.55598,-23.51372
1488060954,-46.55594,-23.51327
1488060956,-46.55589,-23.51295
1488060959,-46.55584,-23.51264
1488060960,-46.55576,-23.51233
1488060962,-46.55569,-23.51202
1488060965,-46.55556,-23.51158
1488060967,-46.55544,-23.51128
1488060972,-46.55509,-23.51057
1488060975,-46.55484,-23.51015
1488060980,-46.55444,-23.50962
1488060981,-46.55422,-23.5094
1488060984,-46.55405,-23.50922
1488060987,-46.5535,-23.50875
1488060989,-46.55322,-23.50856
1488060991,-46.55294,-23.50839
1488060996,-46.55234,-23.50808
1488060999,-46.55169,-23.50783
1488061001,-46.55132,-23.50773
1488061005,-46.55078,-23.5076
1488061009,-46.54974,-23.50746
1488061017,-46.54797,-23.50725
1488061019,-46.54774,-23.50723
1488061022,-46.54681,-23.50707
1488061025,-46.54633,-23.50697
1488061026,-46.54586,-23.50683
1488061030,-46.5452,-23.50658
1488061033,-46.54434,-23.50618
1488061040,-46.543,-23.50524
1488061041,-46.54282,-23.50508
1488061043,-46.54248,-23.50475
1488061047,-46.54192,-23.50418
1488061048,-46.5416,-23.50386
1488061049,-46.54143,-23.50367
1488061053,-46.54067,-23.5029
1488061055,-46.54048,-23.50271
1488061056,-46.54009,-23.50232
1488061057,-46.53989,-23.50212
1488061064,-46.53852,-23.50072
1488061067,-46.53812,-23.5003
1488061068,-46.53771,-23.49989
1488061072,-46.53691,-23.49908
1488061074,-46.53653,-23.49869
1488061075,-46.53634,-23.49849
1488061079,-46.53578,-23.49796
1488061080,-46.53558,-23.49781
1488061081,-46.53516,-23.49751
1488061089,-46.53325,-23.49673
1488061092,-46.53247,-23.4966
1488061097,-46.53139,-23.49655
1488061100,-46.53033,-23.49654
1488061104,-46.52953,-23.49652
1488061105,-46.52926,-23.49651
1488061108,-46.52885,-23.49651
1488061109,-46.52808,-23.49649
1488061112,-46.52745,-23.49648
1488061114,-46.52667,-23.49646
1488061117,-46.5259,-23.49645
1488061119,-46.52539,-23.49644
1488061123,-46.52464,-23.49641
1488061126,-46.52368,-23.49632
1488061127,-46.52344,-23.49628
1488061133,-46.52206,-23.49588
1488061135,-46.5216,-23.49573
1488061139,-46.52067,-23.4954
1488061141,-46.52021,-23.49525
1488061145,-46.51955,-23.49501
1488061148,-46.51864,-23.49469
1488061151,-46.51795,-23.49447
1488061153,-46.51751,-23.49432
1488061156,-46.51683,-23.49409
1488061158,-46.51638,-23.49393
1488061161,-46.5157,-23.49367
1488061166,-46.51453,-23.49327
1488061170,-46.51385,-23.49302
1488061171,-46.51341,-23.49283
1488061175,-46.51279,-23.49255
1488061176,-46.5124,-23.49234
1488061178,-46.51201,-23.49213
1488061184,-46.51106,-23.49152
1488061185,-46.51087,-23.49139
1488061186,-46.51052,-23.49112
1488061189,-46.51018,-23.49084
1488061194,-46.50939,-23.49008
1488061201,-46.50827,-23.48874
1488061202,-46.50815,-23.48856
1488061207,-46.50764,-23.48783
1488061208,-46.50739,-23.48749
1488061210,-46.50727,-23.48732
1488061218,-46.50615,-23.48575
1488061219,-46.50602,-23.48557
1488061222,-46.50577,-23.48522
1488061223,-46.50564,-23.48504
1488061224,-46.50537,-23.4847
1488061225,-46.50524,-23.48453
1488061228,-46.50487,-23.48402
1488061230,-46.50462,-23.48368
1488061232,-46.50435,-23.48332
1488061235,-46.5041,-23.48299
1488061238,-46.50374,-23.48248
1488061239,-46.5035,-23.48213
1488061241,-46.50325,-23.48179
1488061243,-46.50312,-23.48162
1488061244,-46.50288,-23.48132
1488061249,-46.50235,-23.48059
1488061251,-46.50218,-23.48033
1488061254,-46.50203,-23.48014
1488061257,-46.50176,-23.4798
1488061263,-46.50122,-23.47906
1488061269,-46.50068,-23.47833
1488061274,-46.50019,-23.47765
1488061277,-46.49996,-23.47733
1488061280,-46.4998,-23.47711
1488061281,-46.49965,-23.4769
1488061287,-46.49924,-23.47634
1488061288,-46.49906,-23.4761
1488061291,-46.49883,-23.47577
1488061293,-46.49865,-23.47555
1488061296,-46.49845,-23.47536
1488061297,-46.49821,-23.47519
1488061308,-46.49667,-23.47488
1488061309,-46.49633,-23.47497
1488061315,-46.49535,-23.47532
1488061318,-46.49502,-23.47541
1488061319,-46.49468,-23.47546
1488061322,-46.49423,-23.47545
1488061325,-46.49372,-23.47532
1488061327,-46.49334,-23.47514
1488061330,-46.49306,-23.47494
1488061331,-46.49283,-23.47472
1488061336,-46.49247,-23.47419
1488061338,-46.49231,-23.47376
1488061342,-46.49222,-23.47332
1488061348,-46.49203,-23.47249
1488061349,-46.49196,-23.47222
1488061353,-46.49186,-23.47166
1488061359,-46.49169,-23.4709
1488061361,-46.49162,-23.47057
1488061364,-46.49157,-23.4703
1488061369,-46.49142,-23.46939
1488061373,-46.49133,-23.46892
1488061375,-46.49126,-23.4686
1488061376,-46.49118,-23.46828
1488061381,-46.49101,-23.46747
1488061385,-46.49086,-23.4668
1488061388,-46.4908,-23.46648
1488061389,-46.49073,-23.46615
1488061391,-46.49066,-23.4658
1488061394,-46.49058,-23.46546
1488061396,-46.49047,-23.46493
1488061400,-46.4903,-23.46423
1488061404,-46.49018,-23.46371
1488061410,-46.49029,-23.46253
1488061412,-46.49035,-23.46236
1488061417,-46.49075,-23.46136
1488061420,-46.49097,-23.46084
1488061424,-46.4911,-23.46014
1488061426,-46.49106,-23.45979
1488061430,-46.49093,-23.45907
1488061432,-46.49087,-23.45873
1488061436,-46.49076,-23.45803
1488061442,-46.49059,-23.4571
1488061445,-46.49052,-23.45662
1488061449,-46.49038,-23.45583
1488061453,-46.49034,-23.45508
1488061455,-46.49036,-23.45471
1488061457,-46.49038,-23.45453
1488061460,-46.49054,-23.45387
1488061468,-46.49101,-23.45259
1488061472,-46.49125,-23.45197
1488061475,-46.49137,-23.45165
1488061478,-46.49162,-23.45102
1488061482,-46.49182,-23.45054
1488061484,-46.492,-23.45007
1488061486,-46.49214,-23.44976
1488061489,-46.49225,-23.44945
1488061490,-46.49238,-23.44914
1488061492,-46.49248,-23.44884
1488061494,-46.49261,-23.44853
1488061496,-46.49273,-23.44823
1488061500,-46.49299,-23.44761
1488061503,-46.49312,-23.4473
1488061504,-46.49325,-23.447
1488061510,-46.49355,-23.44626
1488061512,-46.49371,-23.44585
1488061516,-46.4939,-23.44539
1488061524,-46.49424,-23.44461
1488061526,-46.49434,-23.44434
1488061527,-46.49447,-23.44397
1488061530,-46.49459,-23.4435
1488061533,-46.49465,-23.44318
1488061534,-46.49469,-23.44287
1488061536,-46.49471,-23.44256
1488061539,-46.4947,-23.44227
1488061540,-46.4947,-23.44197
1488061543,-46.49467,-23.44156
1488061547,-46.49459,-23.44102
1488061550,-46.49453,-23.44076
1488061551,-46.49448,-23.4405
1488061555,-46.49438,-23.44
1488061561,-46.49426,-23.43936
1488061565,-46.49414,-23.43871
1488061570,-46.49403,-23.4382
1488061571,-46.49399,-23.43793
1488061574,-46.49394,-23.43767
1488061577,-46.49383,-23.4371
1488061581,-46.49373,-23.43668
1488061583,-46.49368,-23.43641
1488061585,-46.49363,-23.43611
1488061590,-46.49347,-23.43529
1488061592,-46.49342,-23.43501
1488061596,-46.49336,-23.43458
1488061598,-46.49331,-23.43414
1488061601,-46.49325,-23.43372
1488061603,-46.4932,-23.43345
1488061609,-46.49311,-23.43267
1488061612,-46.49309,-23.43241
1488061614,-46.49305,-23.43201
1488061616,-46.493,-23.43177
1488061619,-46.49298,-23.43151
1488061621,-46.49293,-23.43112
1488061623,-46.49291,-23.43085
1488061629,-46.49282,-23.43016
1488061631,-46.49278,-23.42974
1488061634,-46.49274,-23.42932
1488061638,-46.4927,-23.42889
1488061641,-46.49265,-23.42846
1488061643,-46.49261,-23.42817
1488061646,-46.49257,-23.42766
1488061655,-46.49239,-23.42657
1488061656,-46.49229,-23.42633
1488061658,-46.49217,-23.4261
1488061661,-46.49203,-23.42587
1488061662,-46.49187,-23.42564
1488061664,-46.4917,-23.42543
1488061669,-46.49122,-23.42498
1488061671,-46.49101,-23.42481
1488061674,-46.49079,-23.42467
1488061677,-46.49034,-23.42445
1488061680,-46.4901,-23.42434
1488061682,-46.48971,-23.42424
1488061687,-46.48921,-23.4241
1488061688,-46.48897,-23.42402
1488061690,-46.48873,-23.42396
1488061693,-46.48835,-23.42385
1488061696,-46.48798,-23.42376
1488061699,-46.48761,-23.42366
1488061709,-46.48676,-23.42343
1488061711,-46.48635,-23.42331
1488061714,-46.48614,-23.42326
1488061718,-46.48562,-23.42318
1488061722,-46.48543,-23.42315
1488061724,-46.48523,-23.42313
1488061725,-46.48494,-23.42307
1488061729,-46.48457,-23.4231
1488061733,-46.48437,-23.42326
1488061739,-46.48429,-23.42376
1488061749,-46.4843,-23.42417
1488061765,-46.48437,-23.42494
1488061783,-46.48442,-23.42531
1488061794,-46.48437,-23.42554
1488061804,-46.48397,-23.42575
1488061820,-46.48348,-23.42579
1488061831,-46.48328,-23.42577
1488061841,-46.48308,-23.42577
1488061852,-46.48302,-23.42577
1488061864,-46.48299,-23.42576
1488061874,-46.48299,-23.42576
1488061885,-46.48299,-23.42576
1488061895,-46.48299,-23.42576
1488061905,-46.48299,-23.42576
1488061917,-46.48299,-23.42575
1488061928,-46.48294,-23.42572
1488061948,-46.4829,-23.42569
1488061961,-46.4829,-23.42569
1488061972,-46.4829,-23.42569
1488062006,-46.4829,-23.42569
1488062030,-46.4829,-23.42569
1488062041,-46.4829,-23.42569
1488062052,-46.4829,-23.42569
1488062062,-46.4829,-23.42569
1488062075,-46.4829,-23.42569
1488062086,-46.4829,-23.42569
1488062100,-46.48291,-23.42569
1488062112,-46.48291,-23.42569
1488062122,-46.48291,-23.42569
1488062134,-46.48291,-23.42569
1488062146,-46.48291,-23.42569
1488062158,-46.48291,-23.42569
1488062168,-46.48251,-23.4256
1488062197,-46.48108,-23.42553
1488062202,-46.48084,-23.42552
1488062208,-46.48063,-23.42553
1488062218,-46.47951,-23.42543
1488062221,-46.47933,-23.42521
1488062229,-46.47929,-23.42483
1488062233,-46.47941,-23.42452
1488062235,-46.4795,-23.42427
1488062239,-46.4796,-23.42392
1488062242,-46.47968,-23.42361
1488062247,-46.47985,-23.42312
1488062252,-46.48001,-23.42263
1488062259,-46.48011,-23.42207
1488062264,-46.48057,-23.42178
1488062267,-46.48091,-23.4218
1488062271,-46.48122,-23.42184
1488062275,-46.48177,-23.42186
1488062279,-46.48228,-23.42191
1488062281,-46.48254,-23.42197
1488062287,-46.48326,-23.42217
1488062290,-46.48384,-23.42233
1488062293,-46.48428,-23.42245
1488062296,-46.48458,-23.42253
1488062298,-46.48504,-23.42265
1488062300,-46.48533,-23.42274
1488062305,-46.48608,-23.42295
1488062311,-46.48686,-23.42315
1488062314,-46.48732,-23.42327
1488062319,-46.4882,-23.42349
1488062321,-46.48848,-23.42357
1488062323,-46.48873,-23.42365
1488062326,-46.48912,-23.42374
1488062331,-46.48983,-23.42393
1488062334,-46.49012,-23.42402
1488062335,-46.49041,-23.42412
1488062343,-46.49135,-23.42467
1488062344,-46.49159,-23.42487
1488062349,-46.49201,-23.42531
1488062350,-46.49225,-23.42564
1488062352,-46.49243,-23.42595
1488062354,-46.49256,-23.42627
1488062369,-46.49295,-23.42878
1488062371,-46.49298,-23.42911
1488062373,-46.49302,-23.42945
1488062385,-46.49323,-23.43143
1488062390,-46.4933,-23.43209
1488062392,-46.49336,-23.43258
1488062394,-46.4934,-23.4329
1488062398,-46.49345,-23.4334
1488062400,-46.4935,-23.43373
1488062405,-46.49361,-23.43453
1488062408,-46.49369,-23.4351
1488062411,-46.49377,-23.43548
1488062413,-46.49386,-23.43594
1488062416,-46.49395,-23.43641
1488062418,-46.49401,-23.43672
1488062420,-46.49408,-23.43705
1488062427,-46.4943,-23.4382
1488062430,-46.4944,-23.43869
1488062437,-46.49459,-23.43969
1488062438,-46.49465,-23.44002
1488062443,-46.49482,-23.44084
1488062446,-46.49489,-23.44133
1488062452,-46.49496,-23.44232
1488062456,-46.49495,-23.44282
1488062457,-46.49491,-23.44316
1488062468,-46.49457,-23.44448
1488062474,-46.49405,-23.44576
1488062476,-46.49386,-23.44622
1488062478,-46.49374,-23.44653
1488062482,-46.49349,-23.44715
1488062487,-46.49316,-23.44795
1488062490,-46.49295,-23.44844
1488062493,-46.49283,-23.44876
1488062494,-46.4927,-23.44908
1488062500,-46.49232,-23.45001
1488062502,-46.49219,-23.45033
1488062505,-46.49198,-23.45079
1488062507,-46.49185,-23.45111
1488062511,-46.4916,-23.45173
1488062517,-46.49128,-23.45251
1488062518,-46.49116,-23.45283
1488062523,-46.4909,-23.45345
1488062525,-46.49071,-23.45391
1488062533,-46.49049,-23.45521
1488062537,-46.49054,-23.4557
1488062542,-46.49066,-23.45654
1488064130,-46.6434,-23.57653
1488065185,-46.69818,-23.65637
