1487149539,-46.82978,-23.33802
1487149544,-46.82978,-23.33802
1487149556,-46.82978,-23.33802
1487149566,-46.82978,-23.33802
1487149587,-46.82978,-23.33802
1487149598,-46.82978,-23.33802
1487149626,-46.82907,-23.33819
1487149630,-46.82895,-23.33835
1487149638,-46.82903,-23.33857
1487149654,-46.82944,-23.33912
1487149657,-46.82924,-23.33911
1487149661,-46.82895,-23.33906
1487149664,-46.82874,-23.33903
1487149667,-46.82853,-23.33897
1487149671,-46.82829,-23.33896
1487149674,-46.82811,-23.33907
1487149684,-46.82782,-23.33953
1487149694,-46.82774,-23.34037
1487149704,-46.82813,-23.34088
1487149706,-46.82836,-23.341
1487149708,-46.82862,-23.34113
1487149710,-46.82891,-23.34127
1487149712,-46.82922,-23.34143
1487149720,-46.83082,-23.34216
1487149723,-46.83113,-23.34229
1487149726,-46.83144,-23.34244
1487149735,-46.83226,-23.34273
1487149739,-46.83261,-23.34294
1487149740,-46.83288,-23.34309
1487149743,-46.83319,-23.34323
1487149745,-46.83351,-23.34337
1487149759,-46.83565,-23.34424
1487149762,-46.83619,-23.34436
1487149769,-46.83688,-23.3444
1487149771,-46.8371,-23.34437
1487149773,-46.83732,-23.34432
1487149776,-46.83759,-23.34427
1487149779,-46.8378,-23.34423
1487149782,-46.838,-23.3442
1487149794,-46.83884,-23.34408
1487149804,-46.839,-23.34406
1487149811,-46.83919,-23.34398
1487149815,-46.83937,-23.34391
1487149834,-46.84019,-23.34384
1487149839,-46.84048,-23.34416
1487149844,-46.84093,-23.34453
1487149850,-46.84165,-23.34497
1487149852,-46.84195,-23.3451
1487149864,-46.84382,-23.34589
1487149872,-46.84487,-23.34687
1487149875,-46.84514,-23.34739
1487149877,-46.84531,-23.34779
1487149881,-46.84568,-23.34869
1487149882,-46.84578,-23.34893
1487149884,-46.84597,-23.34941
1487149887,-46.84627,-23.3501
1487149896,-46.84711,-23.35211
1487149898,-46.8472,-23.35233
1487149899,-46.84735,-23.35278
1487149901,-46.84748,-23.35325
1487149914,-46.848,-23.35642
1487149916,-46.84806,-23.35689
1487149918,-46.84812,-23.35737
1487149921,-46.8482,-23.35784
1487149925,-46.84835,-23.35903
1487149928,-46.84846,-23.35995
1487149933,-46.84856,-23.36085
1487149934,-46.84855,-23.3613
1487149940,-46.84824,-23.36237
1487149942,-46.84801,-23.36278
1487149943,-46.84788,-23.36297
1487149945,-46.84758,-23.36333
1487149948,-46.84711,-23.36383
1487149950,-46.84682,-23.36413
1487149952,-46.84656,-23.36446
1487149971,-46.84566,-23.36806
1487149973,-46.84556,-23.36847
1487149976,-46.84541,-23.36888
1487149979,-46.84492,-23.3697
1487149982,-46.84458,-23.37034
1487149983,-46.8445,-23.37057
1487149985,-46.84442,-23.3708
1487149986,-46.8443,-23.37127
1487149987,-46.84425,-23.3715
1487149989,-46.84414,-23.37194
1487150001,-46.84242,-23.37426
1487150003,-46.84221,-23.37438
1487150005,-46.8418,-23.37464
1487150009,-46.841,-23.37515
1487150010,-46.84081,-23.37527
1487150012,-46.84046,-23.37557
1487150015,-46.84,-23.37613
1487150017,-46.83976,-23.37654
1487150019,-46.83956,-23.37699
1487150021,-46.8394,-23.37744
1487150024,-46.83914,-23.37811
1487150033,-46.83843,-23.38039
1487150037,-46.8384,-23.38113
1487150039,-46.83842,-23.3816
1487150041,-46.83843,-23.38209
1487150043,-46.83846,-23.38256
1487150044,-46.83848,-23.38305
1487150048,-46.8385,-23.38377
1487150049,-46.83852,-23.38425
1487150054,-46.83855,-23.38533
1487150056,-46.83855,-23.38554
1487150067,-46.83758,-23.38781
1487150072,-46.83693,-23.38876
1487150075,-46.83653,-23.38931
1487150078,-46.83601,-23.39011
1487150082,-46.83569,-23.39077
1487150084,-46.83556,-23.39122
1487150088,-46.83547,-23.3919
1487150089,-46.83548,-23.39235
1487150090,-46.83548,-23.39257
1487150091,-46.83549,-23.39301
1487150102,-46.83556,-23.39524
1487150104,-46.83558,-23.39568
1487150105,-46.8356,-23.39614
1487150108,-46.83562,-23.3966
1487150112,-46.83578,-23.39753
1487150114,-46.83594,-23.39798
1487150115,-46.83604,-23.3982
1487150116,-46.83616,-23.39842
1487150119,-46.83655,-23.39907
1487150123,-46.83696,-23.39994
1487150132,-46.83672,-23.402
1487150139,-46.8357,-23.40327
1487150145,-46.83472,-23.40432
1487150146,-46.83453,-23.40447
1487150150,-46.83392,-23.40479
1487150151,-46.83349,-23.40492
1487150152,-46.83327,-23.40497
1487150154,-46.8329,-23.40501
1487150156,-46.83244,-23.40503
1487150159,-46.83216,-23.40505
1487150166,-46.83112,-23.40512
1487150175,-46.82924,-23.40522
1487150181,-46.82805,-23.40529
1487150184,-46.82704,-23.40537
1487150188,-46.82626,-23.40552
1487150190,-46.82575,-23.40568
1487150192,-46.82525,-23.4059
1487150194,-46.82502,-23.40603
1487150195,-46.82457,-23.40632
1487150202,-46.82321,-23.40741
1487150206,-46.82244,-23.40802
1487150210,-46.82161,-23.40862
1487150211,-46.8214,-23.40879
1487150214,-46.8206,-23.40939
1487150217,-46.82019,-23.40966
1487150219,-46.81975,-23.40989
1487150223,-46.81883,-23.41025
1487150225,-46.81835,-23.41038
1487150229,-46.81733,-23.4105
1487150238,-46.81494,-23.41056
1487150242,-46.81385,-23.4106
1487150243,-46.81359,-23.41062
1487150244,-46.81331,-23.41065
1487150246,-46.81278,-23.41071
1487150247,-46.81253,-23.41075
1487150251,-46.81124,-23.41114
1487150253,-46.81099,-23.41123
1487150256,-46.81027,-23.41159
1487150259,-46.80959,-23.41203
1487150261,-46.80917,-23.41236
1487150262,-46.80896,-23.41253
1487150266,-46.80814,-23.4132
1487150274,-46.80639,-23.41434
1487150278,-46.80574,-23.41469
1487150283,-46.80421,-23.41551
1487150286,-46.80378,-23.41575
1487150288,-46.80337,-23.41598
1487150289,-46.80299,-23.41619
1487150291,-46.80279,-23.41632
1487150293,-46.80244,-23.41656
1487150294,-46.80227,-23.41669
1487150301,-46.80123,-23.41743
1487150316,-46.79932,-23.41844
1487150320,-46.79908,-23.41856
1487150323,-46.79888,-23.41868
1487150330,-46.79753,-23.41927
1487150342,-46.79568,-23.42012
1487150344,-46.79541,-23.42026
1487150348,-46.79497,-23.4205
1487150350,-46.79477,-23.4206
1487150352,-46.79446,-23.42077
1487150355,-46.79423,-23.42089
1487150358,-46.79383,-23.4211
1487150362,-46.7933,-23.42138
1487150366,-46.79273,-23.42169
1487150368,-46.79243,-23.42186
1487150372,-46.79177,-23.4222
1487150375,-46.79124,-23.42249
1487150377,-46.79087,-23.4227
1487150385,-46.78938,-23.4236
1487150387,-46.78905,-23.42389
1487150389,-46.78872,-23.42422
1487150394,-46.78808,-23.42516
1487150396,-46.78799,-23.42536
1487150397,-46.78783,-23.42577
1487150398,-46.78777,-23.42598
1487150401,-46.7876,-23.42681
1487150405,-46.78751,-23.42743
1487150418,-46.7871,-23.43016
1487150422,-46.78699,-23.431
1487150425,-46.78689,-23.4316
1487150427,-46.78684,-23.43201
1487150429,-46.78677,-23.43242
1487150432,-46.78668,-23.43305
1487150436,-46.78655,-23.4339
1487150437,-46.78652,-23.43412
1487150438,-46.78648,-23.43434
1487150440,-46.78643,-23.43477
1487150443,-46.78633,-23.43545
1487150451,-46.78604,-23.43739
1487150459,-46.78602,-23.43886
1487150461,-46.78603,-23.43906
1487150462,-46.78609,-23.43946
1487150464,-46.78618,-23.44001
1487150469,-46.78632,-23.44068
1487150473,-46.78643,-23.44128
1487150476,-46.78651,-23.44164
1487150478,-46.78655,-23.44186
1487150481,-46.7866,-23.44213
1487150505,-46.78692,-23.44368
1487150511,-46.78697,-23.44393
1487150515,-46.78701,-23.44415
1487150524,-46.78704,-23.44434
1487150543,-46.7871,-23.44462
1487150553,-46.78726,-23.4454
1487150559,-46.78739,-23.44602
1487150564,-46.78749,-23.4466
1487150569,-46.78754,-23.44731
1487150578,-46.78746,-23.44827
1487150588,-46.78732,-23.44913
1487150592,-46.78726,-23.44949
1487150603,-46.78706,-23.45056
1487150615,-46.78687,-23.45164
1487150622,-46.78681,-23.45206
1487150630,-46.78667,-23.45275
1487150632,-46.78663,-23.45295
1487150636,-46.78657,-23.45322
1487150640,-46.78651,-23.45345
1487150666,-46.78596,-23.45477
1487150673,-46.78571,-23.45518
1487150685,-46.78508,-23.45605
1487150690,-46.78467,-23.4566
1487150694,-46.78445,-23.4569
1487150699,-46.78403,-23.45745
1487150707,-46.78347,-23.45821
1487150717,-46.78287,-23.45899
1487150719,-46.78274,-23.45917
1487150723,-46.7826,-23.45935
1487150745,-46.78099,-23.46148
1487150747,-46.78083,-23.4617
1487150752,-46.78042,-23.46221
1487150753,-46.78024,-23.46241
1487150777,-46.77795,-23.4655
1487150779,-46.77791,-23.46587
1487150783,-46.7781,-23.46666
1487150792,-46.77884,-23.46838
1487150797,-46.77913,-23.46946
1487150800,-46.77907,-23.47016
1487150801,-46.77901,-23.47036
1487150803,-46.77881,-23.47078
1487150814,-46.77664,-23.47228
1487150820,-46.77557,-23.47269
1487150821,-46.77515,-23.47285
1487150823,-46.77473,-23.47301
1487150825,-46.7743,-23.47317
1487150827,-46.77387,-23.47334
1487150828,-46.77343,-23.47352
1487150829,-46.7732,-23.47361
1487150831,-46.7732,-23.47361
1487150836,-46.7718,-23.4742
1487150838,-46.77139,-23.47446
1487150839,-46.77121,-23.47462
1487150842,-46.77073,-23.47517
1487150844,-46.77049,-23.47557
1487150849,-46.77321,-23.47466
1487150851,-46.77016,-23.47723
1487150852,-46.77018,-23.47748
1487150873,-46.77059,-23.4827
1487150877,-46.77032,-23.48369
1487150879,-46.77013,-23.48416
1487150881,-46.76987,-23.48461
1487150885,-46.76924,-23.48542
1487150890,-46.7685,-23.48643
1487150892,-46.76825,-23.48686
1487150911,-46.76656,-23.49138
1487150914,-46.76609,-23.49223
1487150921,-46.76512,-23.49327
1487150923,-46.76473,-23.49355
1487150924,-46.76431,-23.4938
1487150929,-46.76343,-23.49417
1487150931,-46.76297,-23.4943
1487150933,-46.7625,-23.49438
1487150935,-46.76202,-23.49442
1487150951,-46.75787,-23.49419
1487150962,-46.75542,-23.49544
1487150964,-46.75513,-23.49586
1487150968,-46.7548,-23.4968
1487150969,-46.75477,-23.49705
1487150973,-46.75473,-23.49805
1487150975,-46.75472,-23.49855
1487150976,-46.75471,-23.49904
1487150978,-46.75471,-23.49929
1487150979,-46.7547,-23.4995
1487150981,-46.75469,-23.49993
1487150983,-46.75468,-23.50032
1487150985,-46.75467,-23.50063
1487150992,-46.7546,-23.50145
1487151015,-46.7544,-23.50221
1487151025,-46.7544,-23.50221
1487151036,-46.75438,-23.50227
1487151053,-46.75385,-23.5033
1487151057,-46.75366,-23.50357
1487151060,-46.75349,-23.50379
1487151063,-46.7533,-23.50403
1487151064,-46.75318,-23.50419
1487151068,-46.75303,-23.50438
1487151073,-46.75289,-23.50457
1487151082,-46.75258,-23.50494
1487151092,-46.75234,-23.50524
1487151114,-46.75224,-23.50539
1487151128,-46.7522,-23.50543
1487151139,-46.75193,-23.50576
1487151143,-46.75174,-23.50596
1487151150,-46.75132,-23.50634
1487151153,-46.75114,-23.50648
1487151156,-46.75088,-23.50665
1487151161,-46.75058,-23.50681
1487151175,-46.74988,-23.50707
1487151178,-46.74966,-23.50713
1487151189,-46.74923,-23.50722
1487151194,-46.749,-23.50725
1487151210,-46.7486,-23.50732
1487151218,-46.7484,-23.50734
1487151243,-46.74808,-23.50739
1487151247,-46.74782,-23.50743
1487151250,-46.74757,-23.50745
1487151253,-46.74731,-23.50748
1487151257,-46.74695,-23.50753
1487151260,-46.7467,-23.50756
1487151266,-46.74635,-23.50758
1487151284,-46.74475,-23.50771
1487151287,-46.74446,-23.50774
1487151289,-46.74426,-23.50777
1487151294,-46.74398,-23.50778
1487151297,-46.74377,-23.50779
1487151299,-46.74356,-23.50781
1487151319,-46.74262,-23.50787
1487151323,-46.74241,-23.50788
1487151327,-46.74219,-23.50791
1487151332,-46.74188,-23.50795
1487151336,-46.74158,-23.50795
1487151348,-46.741,-23.508
1487151351,-46.7407,-23.50804
1487151356,-46.74042,-23.50804
1487151358,-46.74016,-23.50807
1487151362,-46.73991,-23.50807
1487151365,-46.73964,-23.50811
1487151368,-46.73938,-23.50813
1487151378,-46.73858,-23.50818
1487151385,-46.73809,-23.50825
1487151389,-46.73774,-23.50828
1487151392,-46.73744,-23.5083
1487151394,-46.73723,-23.50833
1487151399,-46.73667,-23.50837
1487151401,-46.73645,-23.50839
1487151403,-46.73622,-23.50841
1487151415,-46.73455,-23.50849
1487151418,-46.73401,-23.50851
1487151421,-46.73348,-23.50854
1487151423,-46.73311,-23.50858
1487151425,-46.73275,-23.50864
1487151427,-46.73237,-23.50871
1487151429,-46.73201,-23.50879
1487151431,-46.73166,-23.50888
1487151432,-46.7313,-23.50882
1487151434,-46.73118,-23.50905
1487151436,-46.73088,-23.50916
1487151445,-46.72979,-23.50969
1487151447,-46.72962,-23.50979
1487151451,-46.72936,-23.50994
1487151464,-46.72924,-23.51004
1487151481,-46.72903,-23.51019
1487151486,-46.72886,-23.5103
1487151493,-46.72889,-23.51053
1487151504,-46.7288,-23.51037
1487151517,-46.72855,-23.51052
1487151521,-46.72839,-23.51063
1487151528,-46.72821,-23.51076
1487151532,-46.72806,-23.51088
1487151541,-46.72776,-23.51116
1487151546,-46.72762,-23.51131
1487151550,-46.72751,-23.51146
1487151556,-46.7274,-23.51162
1487151566,-46.72729,-23.5118
1487151577,-46.72726,-23.51187
1487151590,-46.72726,-23.51187
1487151601,-46.72726,-23.51187
1487151611,-46.72726,-23.51187
1487151631,-46.72711,-23.51219
1487151638,-46.72704,-23.51238
1487151650,-46.72691,-23.5128
1487151659,-46.72676,-23.5133
1487151667,-46.7266,-23.51382
1487151679,-46.72654,-23.51402
1487151687,-46.7264,-23.51423
1487151694,-46.72623,-23.51439
1487151704,-46.72604,-23.51453
1487151715,-46.72588,-23.51459
1487151725,-46.72566,-23.51464
1487151741,-46.7255,-23.51464
1487151752,-46.72529,-23.51462
1487151760,-46.72506,-23.51457
1487151768,-46.72485,-23.51447
1487151775,-46.72463,-23.51436
1487151784,-46.72445,-23.51426
1487151792,-46.72424,-23.51414
1487151800,-46.72407,-23.51404
1487151812,-46.72399,-23.51398
1487151822,-46.72379,-23.51387
1487151831,-46.72361,-23.51377
1487151837,-46.72342,-23.51366
1487151843,-46.72325,-23.51356
1487151852,-46.72307,-23.51343
1487151859,-46.72289,-23.5133
1487151869,-46.72276,-23.51319
1487151880,-46.7227,-23.51313
1487151894,-46.72262,-23.51307
1487151904,-46.72247,-23.51292
1487151916,-46.72235,-23.5128
1487151923,-46.72224,-23.51264
1487151930,-46.72211,-23.51246
1487151937,-46.72189,-23.5121
1487151941,-46.72168,-23.5118
1487151945,-46.72149,-23.51151
1487151953,-46.7211,-23.51091
1487151958,-46.72078,-23.51041
1487151961,-46.72055,-23.51011
1487151963,-46.72041,-23.50995
1487151965,-46.72025,-23.50981
1487151968,-46.72004,-23.50963
1487151972,-46.71959,-23.50936
1487151975,-46.71937,-23.50924
1487151979,-46.71896,-23.50904
1487151981,-46.71875,-23.50896
1487151986,-46.71821,-23.50879
1487151989,-46.71787,-23.50874
1487151996,-46.71719,-23.50867
1487151998,-46.71697,-23.50866
1487152000,-46.71675,-23.50864
1487152006,-46.71602,-23.50868
1487152013,-46.71517,-23.50874
1487152015,-46.71483,-23.50876
1487152021,-46.71422,-23.50881
1487152025,-46.71382,-23.50885
1487152027,-46.71342,-23.50888
1487152030,-46.71315,-23.5089
1487152031,-46.71289,-23.50892
1487152032,-46.71262,-23.50893
1487152035,-46.71235,-23.50896
1487152049,-46.71026,-23.50916
1487152054,-46.70943,-23.50923
1487152058,-46.70876,-23.50929
1487152060,-46.70841,-23.50931
1487152062,-46.70808,-23.50933
1487152065,-46.70761,-23.50934
1487152079,-46.71001,-23.50939
1487152088,-46.70402,-23.50909
1487152095,-46.70285,-23.50901
1487152097,-46.70252,-23.50899
1487152101,-46.70186,-23.50894
1487152102,-46.70152,-23.50891
1487152106,-46.70102,-23.50887
1487152116,-46.69921,-23.50874
1487152119,-46.69889,-23.50871
1487152122,-46.69841,-23.50868
1487152125,-46.6981,-23.50866
1487152128,-46.69745,-23.5086
1487152129,-46.69711,-23.50857
1487152135,-46.69621,-23.50852
1487152137,-46.69586,-23.50853
1487152139,-46.6955,-23.50854
1487152151,-46.69339,-23.50884
1487152157,-46.69238,-23.50904
1487152161,-46.6917,-23.50917
1487152164,-46.6912,-23.50928
1487152168,-46.69053,-23.5094
1487152171,-46.69002,-23.5095
1487152174,-46.68951,-23.50959
1487152191,-46.68685,-23.51012
1487152195,-46.68617,-23.51025
1487152199,-46.68566,-23.51035
1487152200,-46.68533,-23.51041
1487152204,-46.68467,-23.51055
1487152207,-46.68414,-23.51069
1487152208,-46.68378,-23.51081
1487152214,-46.68293,-23.5112
1487152217,-46.68247,-23.51149
1487152219,-46.68217,-23.51169
1487152222,-46.68175,-23.51201
1487152261,-46.67566,-23.51463
1487152272,-46.67386,-23.51485
1487152274,-46.67353,-23.51488
1487152284,-46.67183,-23.5151
1487152295,-46.67005,-23.51532
1487152300,-46.66923,-23.51542
1487152303,-46.66876,-23.51547
1487152305,-46.66835,-23.51553
1487152321,-46.66615,-23.51581
1487152323,-46.66583,-23.51585
1487152329,-46.66488,-23.51596
1487152348,-46.66181,-23.51636
1487152352,-46.66116,-23.51644
1487152354,-46.66084,-23.51647
1487152357,-46.66035,-23.51653
1487152369,-46.65831,-23.51683
1487152371,-46.65795,-23.51687
1487152373,-46.6576,-23.51692
1487152380,-46.65621,-23.51709
1487152390,-46.65461,-23.51728
1487152399,-46.65305,-23.51749
1487152404,-46.65219,-23.51759
1487152407,-46.65167,-23.51766
1487152415,-46.6503,-23.51783
1487152418,-46.64977,-23.5179
1487152420,-46.64943,-23.51795
1487152422,-46.64911,-23.51799
1487152456,-46.64353,-23.51877
1487152463,-46.6423,-23.51892
1487152466,-46.64176,-23.51892
1487152468,-46.64141,-23.51891
1487152472,-46.64071,-23.51889
1487152473,-46.64036,-23.51889
1487152476,-46.64002,-23.51889
1487152490,-46.63752,-23.51894
1487152493,-46.6367,-23.51897
1487152497,-46.63588,-23.51903
1487152501,-46.63507,-23.51907
1487152504,-46.63448,-23.51912
1487152506,-46.63409,-23.51914
1487152507,-46.6337,-23.51917
1487152510,-46.63332,-23.51919
1487152518,-46.63179,-23.51929
1487152519,-46.63141,-23.51932
1487152522,-46.63104,-23.51935
1487152526,-46.6303,-23.51939
1487152528,-46.62995,-23.51942
1487152539,-46.62808,-23.51955
1487152555,-46.62528,-23.51974
1487152557,-46.62493,-23.51977
1487152559,-46.62458,-23.51978
1487152562,-46.62423,-23.51981
1487152564,-46.6237,-23.51983
1487152566,-46.62336,-23.51983
1487152569,-46.62285,-23.51978
1487152573,-46.62213,-23.51966
1487152575,-46.62177,-23.51958
1487152577,-46.62141,-23.5195
1487152587,-46.61965,-23.51923
1487152590,-46.61912,-23.51923
1487152594,-46.61845,-23.51929
1487152596,-46.61811,-23.51935
1487152601,-46.6173,-23.51961
1487152603,-46.61685,-23.5198
1487152606,-46.61656,-23.51995
1487152608,-46.61629,-23.52012
1487152621,-46.61475,-23.52133
1487152623,-46.61452,-23.5215
1487152629,-46.6138,-23.52208
1487152631,-46.61338,-23.5224
1487152634,-46.61309,-23.52262
1487152636,-46.6128,-23.52282
1487152637,-46.61247,-23.523
1487152640,-46.61215,-23.52316
1487152641,-46.61183,-23.52328
1487152655,-46.60978,-23.52381
1487152658,-46.60925,-23.52384
1487152662,-46.60852,-23.52383
1487152665,-46.60799,-23.52376
1487152667,-46.60764,-23.52369
1487152670,-46.60694,-23.52354
1487152673,-46.60658,-23.52346
1487152676,-46.60606,-23.52335
1487152678,-46.60571,-23.52331
1487152683,-46.6047,-23.52332
1487152688,-46.60405,-23.52345
1487152693,-46.60326,-23.52368
1487152695,-46.60296,-23.5238
1487152697,-46.60268,-23.52393
1487152702,-46.60202,-23.52435
1487152704,-46.60175,-23.52456
1487152709,-46.601,-23.52515
1487152711,-46.60069,-23.52539
1487152719,-46.59949,-23.52633
1487152725,-46.59869,-23.52696
1487152727,-46.59845,-23.52716
1487152729,-46.5982,-23.52736
1487152732,-46.59782,-23.52766
1487152734,-46.59741,-23.52799
1487152737,-46.59715,-23.5282
1487152742,-46.59648,-23.52873
1487152753,-46.59493,-23.52973
1487152761,-46.59368,-23.53016
1487152763,-46.59338,-23.53022
1487152766,-46.5929,-23.5303
1487152768,-46.59236,-23.53034
1487152772,-46.59174,-23.53035
1487152774,-46.59131,-23.53031
1487152776,-46.59087,-23.53023
1487152793,-46.58745,-23.52939
1487152794,-46.58724,-23.52934
1487152796,-46.58683,-23.52924
1487152797,-46.5864,-23.52913
1487152801,-46.58576,-23.52898
1487152805,-46.58467,-23.52871
1487152808,-46.58423,-23.5286
1487152809,-46.58402,-23.52855
1487152810,-46.5838,-23.5285
1487152815,-46.58275,-23.52822
1487152826,-46.5805,-23.52765
1487152828,-46.58009,-23.52755
1487152835,-46.57868,-23.52719
1487152836,-46.57827,-23.52709
1487152839,-46.57788,-23.52699
1487152840,-46.57769,-23.52694
1487152843,-46.5773,-23.52684
1487152844,-46.57692,-23.52675
1487152846,-46.57652,-23.52667
1487152861,-46.5739,-23.5267
1487152867,-46.57261,-23.52683
1487152869,-46.57224,-23.52684
1487152873,-46.57149,-23.5268
1487152875,-46.57112,-23.52674
1487152892,-46.56795,-23.52562
1487152896,-46.56718,-23.5252
1487152899,-46.56661,-23.52489
1487152900,-46.56641,-23.52478
1487152901,-46.56622,-23.52468
1487152906,-46.56503,-23.52414
1487152909,-46.56461,-23.52401
1487152910,-46.5644,-23.52396
1487152928,-46.56076,-23.52384
1487152931,-46.55992,-23.52383
1487152932,-46.55972,-23.5238
1487152936,-46.55892,-23.52363
1487152938,-46.55854,-23.5235
1487152940,-46.55817,-23.52334
1487152942,-46.5578,-23.52315
1487152944,-46.55744,-23.52294
1487152945,-46.55709,-23.52271
1487152957,-46.55558,-23.52073
1487152959,-46.55551,-23.52053
1487152960,-46.55544,-23.52033
1487152961,-46.55532,-23.51991
1487152963,-46.55529,-23.5197
1487152964,-46.55527,-23.5195
1487152966,-46.55525,-23.5193
1487152968,-46.55525,-23.51871
1487152970,-46.55526,-23.51852
1487152976,-46.55554,-23.51711
1487152979,-46.55569,-23.5165
1487152980,-46.55574,-23.5163
1487152993,-46.55601,-23.51369
1487152995,-46.55598,-23.51328
1487152999,-46.55585,-23.51245
1487153000,-46.5558,-23.51224
1487153002,-46.55575,-23.51203
1487153004,-46.55556,-23.51141
1487153005,-46.5554,-23.511
1487153007,-46.55531,-23.5108
1487153008,-46.55521,-23.5106
1487153012,-46.55474,-23.50985
1487153014,-46.55444,-23.5095
1487153024,-46.5525,-23.50809
1487153027,-46.55184,-23.5078
1487153030,-46.55112,-23.50759
1487153035,-46.54985,-23.5074
1487153036,-46.54936,-23.50734
1487153040,-46.54869,-23.50727
1487153042,-46.54825,-23.50722
1487153043,-46.54802,-23.50719
1487153046,-46.54733,-23.5071
1487153059,-46.5447,-23.50626
1487153071,-46.54225,-23.50446
1487153083,-46.5406,-23.50275
1487153091,-46.53937,-23.50149
1487153095,-46.53868,-23.50078
1487153098,-46.53816,-23.50024
1487153112,-46.53545,-23.49762
1487153118,-46.53393,-23.49685
1487153120,-46.53339,-23.49669
1487153122,-46.53282,-23.49657
1487153133,-46.52965,-23.49645
1487153135,-46.52906,-23.49643
1487153146,-46.52864,-23.49766
1487153147,-46.5253,-23.49635
1487153160,-46.52146,-23.49557
1487153163,-46.52068,-23.49529
1487153169,-46.51915,-23.49474
1487153173,-46.51806,-23.49437
1487153184,-46.51516,-23.49336
1487153194,-46.51201,-23.492
1487153199,-46.51096,-23.49131
1487153200,-46.51046,-23.49092
1487153202,-46.51,-23.49051
1487153219,-46.50683,-23.48642
1487153224,-46.50597,-23.4852
1487153227,-46.50529,-23.48423
1487153229,-46.50512,-23.48398
1487153235,-46.50426,-23.48276
1487153241,-46.50302,-23.48104
1487153246,-46.50213,-23.47982
1487153264,-46.49912,-23.4756
1487153268,-46.49836,-23.47476
1487153269,-46.49814,-23.47457
1487153277,-46.49601,-23.47347
1487153292,-46.49132,-23.47365
1487153297,-46.48973,-23.47392
1487153299,-46.48909,-23.47403
1487153301,-46.48845,-23.47413
1487153303,-46.48781,-23.4742
1487153322,-46.48175,-23.47389
1487153326,-46.4805,-23.47384
1487153327,-46.48018,-23.47386
1487153341,-46.47629,-23.47529
1487153343,-46.47583,-23.47564
1487153351,-46.47393,-23.47708
1487153352,-46.47369,-23.47726
1487153359,-46.47202,-23.47852
1487153374,-46.46808,-23.4808
1487153375,-46.46779,-23.48092
1487153377,-46.4675,-23.48103
1487153397,-46.46131,-23.4822
1487153400,-46.46042,-23.4822
1487153401,-46.45985,-23.48217
1487153404,-46.45926,-23.48213
1487153423,-46.45366,-23.48117
1487153424,-46.45303,-23.48105
1487153426,-46.45239,-23.48093
1487153428,-46.45175,-23.48081
1487153441,-46.44743,-23.48001
1487153443,-46.44675,-23.47988
1487153444,-46.44641,-23.47982
1487153447,-46.44538,-23.47962
1487153449,-46.44469,-23.47949
1487153460,-46.44122,-23.47835
1487153474,-46.43769,-23.47602
1487153476,-46.43726,-23.47561
1487153477,-46.43705,-23.4754
1487153479,-46.43664,-23.47496
1487153488,-46.43521,-23.4731
1487153489,-46.43488,-23.47262
1487153493,-46.43436,-23.47191
1487153529,-46.42392,-23.46828
1487153531,-46.4233,-23.46829
1487153533,-46.42269,-23.4683
1487153538,-46.42118,-23.46834
1487153540,-46.42057,-23.46833
1487153541,-46.41995,-23.4683
1487153544,-46.41935,-23.46825
1487153559,-46.4147,-23.46792
1487153564,-46.41318,-23.46813
1487153566,-46.41258,-23.46824
1487153567,-46.41228,-23.46829
1487153569,-46.41168,-23.4684
1487153571,-46.41109,-23.4685
1487153572,-46.4108,-23.46855
1487153573,-46.41023,-23.46865
1487153575,-46.40995,-23.4687
1487153577,-46.40939,-23.4688
1487153587,-46.40657,-23.46931
1487153588,-46.40628,-23.46936
1487153590,-46.40571,-23.46947
1487153594,-46.40459,-23.46967
1487153599,-46.40325,-23.46989
1487153601,-46.40272,-23.46999
1487153604,-46.40192,-23.47013
1487153606,-46.40138,-23.47019
1487153607,-46.40083,-23.47024
1487153609,-46.40056,-23.47025
1487153611,-46.39999,-23.47025
1487153619,-46.3977,-23.46989
1487153622,-46.39712,-23.46972
1487153640,-46.39198,-23.46812
1487153641,-46.39146,-23.46796
1487153643,-46.39094,-23.4678
1487153651,-46.38876,-23.46711
1487153655,-46.38795,-23.46686
1487153660,-46.38655,-23.46646
1487153666,-46.38452,-23.466
1487153671,-46.38332,-23.46577
1487153672,-46.38272,-23.46568
1487153674,-46.38212,-23.4656
1487153686,-46.37869,-23.46531
1487153688,-46.37782,-23.4653
1487153691,-46.37724,-23.4653
1487153692,-46.37666,-23.46533
1487153695,-46.37609,-23.46535
1487153696,-46.37581,-23.46537
1487153697,-46.37525,-23.46539
1487153700,-46.3747,-23.46542
1487153704,-46.37368,-23.46552
1487153706,-46.37321,-23.46558
1487153707,-46.37298,-23.46561
1487153717,-46.37096,-23.46607
1487153721,-46.37043,-23.46621
1487153723,-46.37023,-23.46626
1487153725,-46.36997,-23.46632
1487153729,-46.37135,-23.46034
1487153731,-46.36959,-23.46642
1487153734,-46.36937,-23.46648
1487153737,-46.36915,-23.46653
1487153739,-46.36893,-23.46659
1487153745,-46.36843,-23.4667
1487153754,-46.36689,-23.46692
1487153760,-46.36571,-23.46715
1487153762,-46.3655,-23.4672
1487153763,-46.36507,-23.46729
1487153764,-46.36462,-23.46738
1487153770,-46.36348,-23.46761
1487153772,-46.36301,-23.46769
1487153774,-46.36277,-23.46772
1487153775,-46.36228,-23.46779
1487153788,-46.35898,-23.46793
1487153790,-46.35846,-23.4679
1487153791,-46.35794,-23.46786
1487153795,-46.35715,-23.46776
1487153799,-46.35635,-23.46764
1487153800,-46.35583,-23.46755
1487153806,-46.35441,-23.46724
1487153807,-46.35395,-23.46712
1487153815,-46.35227,-23.46658
1487153823,-46.35023,-23.4657
1487153824,-46.34997,-23.46557
1487153826,-46.34945,-23.46528
1487153828,-46.34892,-23.46497
1487153833,-46.34763,-23.46413
1487153834,-46.34713,-23.46377
1487153836,-46.34688,-23.46358
1487153838,-46.34639,-23.46321
1487153840,-46.34616,-23.46303
1487153841,-46.3457,-23.46266
1487153843,-46.34526,-23.4623
1487153860,-46.34214,-23.45963
1487153871,-46.33969,-23.45756
1487153875,-46.33881,-23.4568
1487153876,-46.33858,-23.4566
1487153886,-46.33598,-23.45441
1487153893,-46.33459,-23.45323
1487153895,-46.33414,-23.45284
1487153898,-46.33348,-23.45225
1487153899,-46.33304,-23.45188
1487153901,-46.33282,-23.45169
1487153904,-46.33215,-23.45114
1487153905,-46.33193,-23.45095
1487153907,-46.33149,-23.45057
1487153909,-46.33103,-23.45021
1487153920,-46.32833,-23.44848
1487153924,-46.32751,-23.44808
1487153925,-46.32696,-23.44785
1487153927,-46.32668,-23.44773
1487153929,-46.32588,-23.44744
1487153932,-46.32504,-23.44718
1487153934,-46.32447,-23.44703
1487153935,-46.32418,-23.44697
1487153937,-46.32358,-23.44684
1487153939,-46.32299,-23.44671
1487153941,-46.32269,-23.44664
1487153942,-46.32209,-23.44652
1487153943,-46.32179,-23.44645
1487153951,-46.31942,-23.44595
1487153952,-46.31912,-23.44589
1487153954,-46.31851,-23.44576
1487153956,-46.31792,-23.44564
1487153958,-46.31732,-23.44551
1487153965,-46.31524,-23.44506
1487153968,-46.31434,-23.44487
1487153970,-46.31376,-23.44475
1487153971,-46.31347,-23.44468
1487153973,-46.31289,-23.44456
1487153985,-46.30943,-23.44382
1487153990,-46.30795,-23.44351
1487153991,-46.30735,-23.44338
1487153994,-46.30674,-23.44326
1487153998,-46.30551,-23.44301
1487154000,-46.3049,-23.44288
1487154002,-46.3043,-23.44277
1487154004,-46.30401,-23.44271
1487154005,-46.30342,-23.44262
1487154006,-46.30312,-23.44258
1487154007,-46.30253,-23.44251
1487154022,-46.29837,-23.44252
1487154028,-46.29658,-23.4427
1487154031,-46.29568,-23.44279
1487154032,-46.29539,-23.44283
1487154035,-46.29448,-23.44292
1487154036,-46.29418,-23.44295
1487154038,-46.29387,-23.44297
1487154040,-46.29266,-23.443
1487154052,-46.28972,-23.44231
1487154053,-46.28918,-23.44207
1487154055,-46.28863,-23.44183
1487154057,-46.2881,-23.44158
1487154092,-46.27899,-23.44064
1487154093,-46.27854,-23.44077
1487154095,-46.27831,-23.44085
1487154098,-46.27763,-23.44107
1487154100,-46.27714,-23.44122
1487154104,-46.27612,-23.44157
1487154105,-46.27558,-23.44177
1487154108,-46.27504,-23.44196
1487154122,-46.27113,-23.44324
1487154125,-46.27029,-23.44337
1487154126,-46.27001,-23.44339
1487154127,-46.26945,-23.44341
1487154132,-46.26806,-23.4433
1487154134,-46.26779,-23.44324
1487154135,-46.26751,-23.44319
1487154139,-46.26641,-23.44296
1487154140,-46.26614,-23.4429
1487154142,-46.26558,-23.44278
1487154158,-46.26151,-23.44198
1487154159,-46.26098,-23.44188
1487154168,-46.25866,-23.44153
1487154170,-46.25814,-23.44151
1487154172,-46.25763,-23.44154
1487154174,-46.25713,-23.4416
1487154175,-46.25666,-23.44169
1487154177,-46.25643,-23.44175
1487154181,-46.25558,-23.44203
1487154188,-46.2543,-23.44268
1487154189,-46.25413,-23.44278
1487154191,-46.25379,-23.44299
1487154193,-46.25344,-23.4432
1487154201,-46.25219,-23.444
1487154202,-46.2518,-23.44424
1487154205,-46.2512,-23.44463
1487154207,-46.25079,-23.4449
1487154209,-46.25037,-23.44518
1487154210,-46.25016,-23.44532
1487154219,-46.24827,-23.44661
1487154221,-46.24795,-23.44697
1487154226,-46.24751,-23.44797
1487154227,-46.24746,-23.44817
1487154228,-46.24741,-23.44836
1487154230,-46.24731,-23.44876
1487154231,-46.24727,-23.44895
1487154237,-46.247,-23.45013
1487154240,-46.24687,-23.4507
1487154242,-46.24682,-23.45088
1487154244,-46.2467,-23.4514
1487154249,-46.24648,-23.45231
1487154256,-46.24615,-23.45363
1487154259,-46.24605,-23.45422
1487154261,-46.24605,-23.45462
1487154263,-46.24607,-23.45501
1487154266,-46.24609,-23.45557
1487154268,-46.2461,-23.45594
1487154275,-46.24596,-23.45728
1487154276,-46.24591,-23.45769
1487154285,-46.24568,-23.45939
1487154287,-46.24563,-23.45982
1487154289,-46.24555,-23.46046
1487154293,-46.24548,-23.4611
1487154294,-46.24544,-23.46154
1487154298,-46.24537,-23.46221
1487154299,-46.24535,-23.46243
1487154301,-46.2453,-23.46287
1487154304,-46.24522,-23.46374
1487154306,-46.24518,-23.46396
1487154308,-46.24511,-23.46442
1487154319,-46.24471,-23.46689
1487154323,-46.24458,-23.46778
1487154325,-46.24452,-23.46822
1487154328,-46.24444,-23.46888
1487154329,-46.24441,-23.4691
1487154331,-46.24435,-23.46955
1487154333,-46.24429,-23.46999
1487154336,-46.24416,-23.47066
1487154338,-46.24403,-23.4711
1487154339,-46.24395,-23.47132
1487154341,-46.24376,-23.47176
1487154358,-46.24167,-23.47504
1487154360,-46.24132,-23.47535
1487154362,-46.24094,-23.47563
1487154364,-46.24054,-23.47589
1487154367,-46.24013,-23.47614
1487154369,-46.2393,-23.47664
1487154372,-46.23888,-23.47689
1487154375,-46.23824,-23.47727
1487154376,-46.23803,-23.4774
1487154392,-46.23453,-23.47919
1487154394,-46.2341,-23.47928
1487154398,-46.23328,-23.47952
1487154399,-46.23309,-23.47962
1487155382,-46.15294,-23.4963
