1488387572,-46.41233,-23.54647
1488387583,-46.41233,-23.54647
1488387595,-46.41233,-23.54647
1488387606,-46.41233,-23.54647
1488387619,-46.41232,-23.54648
1488387630,-46.41232,-23.54649
1488387652,-46.41231,-23.54649
1488387663,-46.4123,-23.54648
1488387674,-46.4123,-23.54648
1488387684,-46.4123,-23.54649
1488387697,-46.4123,-23.54649
1488387708,-46.4123,-23.54649
1488387719,-46.4123,-23.54649
1488387729,-46.4123,-23.54649
1488387739,-46.41226,-23.54649
1488387750,-46.41226,-23.54649
1488387760,-46.41226,-23.54649
1488387772,-46.41226,-23.54649
1488387783,-46.41226,-23.54649
1488387794,-46.41226,-23.54649
1488387806,-46.41226,-23.54649
1488387817,-46.41227,-23.54649
1488387831,-46.41227,-23.54649
1488387857,-46.41227,-23.54649
1488387867,-46.41227,-23.54649
1488387878,-46.41227,-23.54649
1488387883,-46.41227,-23.5465
1488387889,-46.41227,-23.5465
1488387900,-46.41228,-23.54649
1488387926,-46.41228,-23.54648
1488387953,-46.41232,-23.54644
1488387966,-46.41227,-23.54624
1488387976,-46.41225,-23.54616
1488387986,-46.41211,-23.54595
1488387997,-46.41203,-23.54581
1488388009,-46.41201,-23.54578
1488388017,-46.41181,-23.54585
1488388028,-46.4117,-23.5459
1488388039,-46.41169,-23.54589
1488388047,-46.41151,-23.54597
1488388053,-46.41134,-23.54586
1488388055,-46.41127,-23.54563
1488388059,-46.41115,-23.54531
1488388061,-46.41109,-23.54513
1488388063,-46.411,-23.54491
1488388075,-46.41052,-23.54356
1488388083,-46.41003,-23.54255
1488388084,-46.40989,-23.54231
1488388089,-46.40961,-23.54192
1488388093,-46.40947,-23.54173
1488388101,-46.40901,-23.54123
1488388105,-46.40883,-23.54098
1488388110,-46.40872,-23.5408
1488388114,-46.40866,-23.5406
1488388119,-46.40852,-23.54032
1488388124,-46.40839,-23.54006
1488388127,-46.4083,-23.53976
1488388131,-46.40826,-23.53956
1488388140,-46.40818,-23.53939
1488388150,-46.40817,-23.53925
1488388159,-46.40867,-23.53923
1488388169,-46.40925,-23.53917
1488388178,-46.41013,-23.53909
1488388181,-46.41044,-23.53905
1488388186,-46.41104,-23.53901
1488388188,-46.41131,-23.53899
1488388194,-46.41195,-23.53895
1488388196,-46.41221,-23.53896
1488388207,-46.41313,-23.53906
1488388212,-46.41338,-23.53911
1488388215,-46.4136,-23.53915
1488388219,-46.41384,-23.5392
1488388231,-46.41399,-23.53919
1488388253,-46.414,-23.53919
1488388266,-46.414,-23.53919
1488388276,-46.41418,-23.53917
1488388283,-46.41451,-23.53889
1488388292,-46.41485,-23.53836
1488388297,-46.41495,-23.53804
1488388308,-46.41563,-23.53709
1488388310,-46.41579,-23.53697
1488388311,-46.41597,-23.53684
1488388313,-46.41617,-23.53671
1488388315,-46.41636,-23.53657
1488388319,-46.41673,-23.53629
1488388323,-46.41686,-23.53606
1488388334,-46.41695,-23.53523
1488388339,-46.4169,-23.53494
1488388350,-46.41672,-23.53424
1488388363,-46.41632,-23.53305
1488388367,-46.41603,-23.53287
1488388376,-46.41549,-23.53202
1488388386,-46.41547,-23.53184
1488388393,-46.41539,-23.53154
1488388401,-46.41537,-23.53092
1488388405,-46.41539,-23.5306
1488388409,-46.41544,-23.53038
1488388412,-46.41551,-23.53011
1488388423,-46.41593,-23.5296
1488388426,-46.41619,-23.52945
1488388432,-46.41639,-23.52931
1488388444,-46.41652,-23.52922
1488388449,-46.41675,-23.52907
1488388452,-46.41695,-23.52895
1488388462,-46.41696,-23.52888
1488388474,-46.41683,-23.52878
1488388483,-46.41666,-23.52863
1488388494,-46.41675,-23.52849
1488388504,-46.41677,-23.52849
1488388516,-46.41677,-23.52849
1488388537,-46.41678,-23.52853
1488388547,-46.41677,-23.52852
1488388559,-46.4168,-23.52851
1488388569,-46.4168,-23.52851
1488388582,-46.41679,-23.52851
1488388593,-46.41679,-23.52851
1488388606,-46.41677,-23.52851
1488388619,-46.41675,-23.52851
1488388630,-46.41674,-23.52851
1488388655,-46.41674,-23.52848
1488388669,-46.41674,-23.52848
1488388680,-46.41674,-23.52848
1488388692,-46.41674,-23.52848
1488388702,-46.41674,-23.52848
1488388713,-46.41674,-23.52848
1488388724,-46.41674,-23.52848
1488388755,-46.41681,-23.5287
1488388765,-46.41695,-23.52877
1488388781,-46.41711,-23.52882
1488388786,-46.41734,-23.52867
1488388791,-46.41754,-23.52848
1488388794,-46.41763,-23.5283
1488388798,-46.4177,-23.52809
1488388801,-46.41777,-23.52783
1488388807,-46.41788,-23.52728
1488388810,-46.41792,-23.5271
1488388831,-46.41814,-23.52595
1488388833,-46.41817,-23.52576
1488388847,-46.41838,-23.52488
1488388851,-46.41869,-23.52492
1488388855,-46.41891,-23.52496
1488388857,-46.41913,-23.52502
1488388862,-46.41937,-23.52527
1488388867,-46.41966,-23.52561
1488388870,-46.41992,-23.52581
1488388874,-46.42017,-23.52584
1488388880,-46.4204,-23.52583
1488388891,-46.42094,-23.52573
1488388906,-46.42147,-23.52557
1488388909,-46.42143,-23.52529
1488388913,-46.42142,-23.52504
1488388952,-46.42374,-23.52381
1488388955,-46.42395,-23.52374
1488388958,-46.42414,-23.52365
1488388963,-46.42433,-23.52359
1488388977,-46.42532,-23.52327
1488388984,-46.42585,-23.52313
1488388995,-46.42655,-23.52295
1488389005,-46.42741,-23.52302
1488389009,-46.42765,-23.52309
1488389023,-46.42872,-23.52346
1488389031,-46.42917,-23.52361
1488389032,-46.4294,-23.52368
1488389037,-46.42964,-23.52376
1488389041,-46.42988,-23.52382
1488389051,-46.43037,-23.52406
1488389057,-46.43057,-23.5242
1488389064,-46.43115,-23.5241
1488389072,-46.43152,-23.52442
1488389076,-46.4316,-23.52472
1488389080,-46.43172,-23.52502
1488389102,-46.43216,-23.52602
1488389113,-46.43216,-23.52603
1488389123,-46.43216,-23.52606
1488389144,-46.43216,-23.52606
1488389154,-46.43218,-23.52608
1488389163,-46.43235,-23.52624
1488389168,-46.43251,-23.52614
1488389172,-46.43268,-23.52588
1488389174,-46.43283,-23.52568
1488389183,-46.43355,-23.52506
1488389187,-46.43383,-23.52494
1488389189,-46.43415,-23.52484
1488389191,-46.43434,-23.5248
1488389193,-46.43454,-23.52479
1488389196,-46.43481,-23.5248
1488389199,-46.43506,-23.52483
1488389204,-46.43533,-23.52491
1488389208,-46.43586,-23.5251
1488389211,-46.43607,-23.52518
1488389212,-46.43629,-23.52526
1488389214,-46.43653,-23.52535
1488389220,-46.4373,-23.52564
1488389222,-46.43757,-23.52575
1488389225,-46.43784,-23.52583
1488389227,-46.43825,-23.52593
1488389230,-46.43867,-23.52595
1488389237,-46.4396,-23.5258
1488389239,-46.43984,-23.52572
1488389250,-46.4413,-23.52521
1488389252,-46.44157,-23.52518
1488389254,-46.44186,-23.52516
1488389257,-46.44215,-23.52517
1488389259,-46.44245,-23.52517
1488389261,-46.4429,-23.52517
1488389264,-46.44334,-23.52523
1488389271,-46.44428,-23.52559
1488389274,-46.44463,-23.52584
1488389277,-46.44491,-23.52609
1488389280,-46.44508,-23.52625
1488389292,-46.44545,-23.52672
1488389304,-46.44546,-23.52673
1488389313,-46.44559,-23.52691
1488389316,-46.44569,-23.52709
1488389320,-46.44579,-23.52729
1488389323,-46.44597,-23.52758
1488389331,-46.44633,-23.52809
1488389333,-46.44661,-23.52844
1488389335,-46.44677,-23.52863
1488389341,-46.44723,-23.52922
1488389344,-46.44743,-23.5295
1488389346,-46.44756,-23.52969
1488389349,-46.44775,-23.52998
1488389352,-46.44794,-23.53024
1488389356,-46.44818,-23.53052
1488389357,-46.44836,-23.5307
1488389359,-46.44856,-23.53088
1488389361,-46.44874,-23.53105
1488389366,-46.44914,-23.53137
1488389369,-46.44951,-23.5317
1488389371,-46.44969,-23.53186
1488389373,-46.44987,-23.53201
1488389376,-46.45003,-23.53213
1488389379,-46.45024,-23.53232
1488389385,-46.45042,-23.53246
1488389407,-46.4513,-23.53312
1488389409,-46.45148,-23.53325
1488389411,-46.45165,-23.53337
1488389413,-46.45183,-23.53349
1488389417,-46.45211,-23.5337
1488389430,-46.45353,-23.53469
1488389435,-46.45406,-23.53508
1488389440,-46.45445,-23.53546
1488389446,-46.45484,-23.53605
1488389470,-46.45613,-23.5379
1488389472,-46.45634,-23.53814
1488389475,-46.45658,-23.53839
1488389477,-46.45677,-23.53856
1488389479,-46.45695,-23.53869
1488389481,-46.45715,-23.53882
1488389483,-46.45736,-23.53895
1488389492,-46.45847,-23.53969
1488389495,-46.45888,-23.53992
1488389501,-46.45965,-23.54012
1488389502,-46.45995,-23.54014
1488389505,-46.46025,-23.54012
1488389506,-46.46055,-23.54006
1488389509,-46.46085,-23.54
1488389511,-46.46123,-23.53992
1488389515,-46.46163,-23.53985
1488389520,-46.4625,-23.53983
1488389523,-46.46297,-23.53989
1488389525,-46.46329,-23.53995
1488389528,-46.46372,-23.54006
1488389531,-46.46415,-23.54024
1488389547,-46.46586,-23.54143
1488389549,-46.46592,-23.54175
1488389551,-46.46609,-23.54197
1488389553,-46.46627,-23.54217
1488389555,-46.4665,-23.54235
1488389558,-46.46689,-23.54259
1488389561,-46.46732,-23.54274
1488389564,-46.46771,-23.54282
1488389575,-46.46809,-23.5429
1488389590,-46.4719,-23.54339
1488389593,-46.47237,-23.54328
1488389605,-46.47403,-23.54311
1488389608,-46.47461,-23.54321
1488389612,-46.47509,-23.54328
1488389614,-46.4756,-23.54332
1488389618,-46.47615,-23.54331
1488389629,-46.47808,-23.54292
1488389631,-46.47887,-23.54275
1488389633,-46.47924,-23.54267
1488389635,-46.4796,-23.54259
1488389642,-46.48058,-23.5424
1488389643,-46.48087,-23.54233
1488389645,-46.48114,-23.54227
1488389648,-46.48135,-23.54222
1488389649,-46.48104,-23.54255
1488389651,-46.48158,-23.54217
1488389656,-46.48178,-23.54213
1488389666,-46.48179,-23.54213
1488389676,-46.482,-23.54207
1488389680,-46.48229,-23.54201
1488389690,-46.48309,-23.54175
1488389694,-46.48356,-23.54152
1488389697,-46.48383,-23.54132
1488389700,-46.48408,-23.54113
1488389705,-46.48431,-23.54093
1488389712,-46.48466,-23.54062
1488389716,-46.48492,-23.54037
1488389720,-46.48517,-23.54015
1488389723,-46.4855,-23.53972
1488389725,-46.48564,-23.53948
1488389727,-46.48578,-23.53927
1488389730,-46.48597,-23.53893
1488389733,-46.48613,-23.53861
1488389750,-46.48703,-23.5368
1488389754,-46.48737,-23.53649
1488389755,-46.48761,-23.5363
1488389757,-46.48787,-23.53615
1488389760,-46.48814,-23.53603
1488389762,-46.48856,-23.5359
1488389771,-46.48987,-23.53587
1488389773,-46.49014,-23.53589
1488389776,-46.49053,-23.53591
1488389780,-46.49104,-23.5359
1488389785,-46.49152,-23.53586
1488389786,-46.49177,-23.53584
1488389788,-46.49204,-23.53582
1488389790,-46.49229,-23.53579
1488389793,-46.4927,-23.53575
1488389799,-46.49339,-23.53567
1488389807,-46.49417,-23.53559
1488389811,-46.49468,-23.53549
1488389812,-46.49497,-23.53545
1488389815,-46.49523,-23.53536
1488389817,-46.49549,-23.53527
1488389820,-46.49601,-23.53503
1488389825,-46.4965,-23.53472
1488389826,-46.49673,-23.53456
1488389828,-46.49696,-23.53438
1488389832,-46.49738,-23.534
1488389835,-46.49773,-23.5337
1488389847,-46.49893,-23.53294
1488389860,-46.50047,-23.53215
1488389863,-46.50063,-23.53205
1488389869,-46.50082,-23.53194
1488389880,-46.50085,-23.53194
1488389888,-46.50127,-23.53166
1488389892,-46.50159,-23.53145
1488389899,-46.50225,-23.53101
1488389902,-46.50255,-23.53078
1488389905,-46.50287,-23.53058
1488389908,-46.50308,-23.53045
1488389910,-46.50341,-23.53021
1488389914,-46.50374,-23.52997
1488389919,-46.50449,-23.52948
1488389921,-46.50476,-23.5293
1488389924,-46.50504,-23.5291
1488389927,-46.50558,-23.52874
1488389929,-46.50584,-23.52857
1488389931,-46.50612,-23.52842
1488389934,-46.50653,-23.52821
1488389937,-46.50698,-23.52803
1488389950,-46.50878,-23.52765
1488389952,-46.50926,-23.52765
1488389954,-46.50956,-23.52765
1488389957,-46.50986,-23.52767
1488389961,-46.51059,-23.52778
1488389965,-46.51102,-23.52784
1488389969,-46.51173,-23.52795
1488389972,-46.51203,-23.52799
1488389975,-46.51261,-23.52808
1488389981,-46.51354,-23.52822
1488389983,-46.51384,-23.52829
1488389986,-46.51427,-23.52844
1488389990,-46.51476,-23.52863
1488389997,-46.51562,-23.52905
1488390001,-46.516,-23.52923
1488390003,-46.51637,-23.52942
1488390005,-46.51663,-23.52955
1488390012,-46.51747,-23.52996
1488390015,-46.51777,-23.5301
1488390017,-46.51795,-23.53017
1488390021,-46.51818,-23.53031
1488390026,-46.51841,-23.53043
1488390033,-46.51883,-23.5306
1488390037,-46.51917,-23.53077
1488390042,-46.51966,-23.531
1488390045,-46.51998,-23.53112
1488390052,-46.52067,-23.53133
1488390054,-46.52089,-23.53139
1488390057,-46.52124,-23.53145
1488390061,-46.5216,-23.53152
1488390068,-46.52259,-23.53168
1488390070,-46.52283,-23.5317
1488390073,-46.52317,-23.53172
1488390076,-46.52351,-23.53175
1488390080,-46.52397,-23.53176
1488390083,-46.5242,-23.53178
1488390086,-46.52465,-23.53181
1488390089,-46.52499,-23.53185
1488390092,-46.5252,-23.53188
1488390094,-46.52552,-23.53191
1488390098,-46.52591,-23.53197
1488390100,-46.52611,-23.53198
1488390105,-46.5265,-23.53202
1488390106,-46.52671,-23.53205
1488390110,-46.52702,-23.53208
1488390112,-46.52722,-23.53211
1488390115,-46.52745,-23.53214
1488390125,-46.52762,-23.53218
1488390136,-46.52762,-23.53218
1488390142,-46.52785,-23.5322
1488390151,-46.52866,-23.53226
1488390156,-46.52921,-23.53228
1488390159,-46.52945,-23.53226
1488390160,-46.52968,-23.53224
1488390162,-46.52992,-23.53221
1488390165,-46.53017,-23.53217
1488390167,-46.53054,-23.53212
1488390171,-46.53108,-23.53205
1488390176,-46.53177,-23.53198
1488390178,-46.53207,-23.53197
1488390181,-46.53236,-23.53196
1488390182,-46.53262,-23.53197
1488390184,-46.53287,-23.53197
1488390186,-46.53313,-23.53199
1488390190,-46.53363,-23.53205
1488390192,-46.53389,-23.53209
1488390194,-46.53415,-23.53212
1488390197,-46.53442,-23.53217
1488390201,-46.53507,-23.53229
1488390203,-46.53532,-23.53231
1488390205,-46.53559,-23.53235
1488390207,-46.53586,-23.53241
1488390212,-46.53655,-23.53251
1488390217,-46.53723,-23.53266
1488390219,-46.53743,-23.53271
1488390222,-46.53763,-23.53278
1488390234,-46.53772,-23.53281
1488390244,-46.53772,-23.53282
1488390255,-46.53791,-23.53287
1488390258,-46.53823,-23.53293
1488390261,-46.53843,-23.53299
1488390263,-46.53873,-23.53304
1488390266,-46.53905,-23.5331
1488390280,-46.54024,-23.53342
1488390283,-46.54069,-23.53352
1488390285,-46.54092,-23.53357
1488390288,-46.54128,-23.53364
1488390291,-46.54166,-23.5337
1488390293,-46.5419,-23.53374
1488390301,-46.5428,-23.53387
1488390306,-46.54348,-23.53401
1488390307,-46.54376,-23.53406
1488390309,-46.54403,-23.5341
1488390316,-46.54474,-23.5342
1488390317,-46.54496,-23.53425
1488390319,-46.54516,-23.53429
1488390324,-46.54573,-23.53439
1488390326,-46.54597,-23.53444
1488390328,-46.5462,-23.53448
1488390331,-46.54661,-23.53455
1488390339,-46.54758,-23.5347
1488390347,-46.54858,-23.53484
1488390349,-46.54882,-23.53489
1488390351,-46.54904,-23.53495
1488390354,-46.54925,-23.53502
1488390358,-46.54976,-23.53513
1488390361,-46.54996,-23.53517
1488390362,-46.55017,-23.53522
1488390364,-46.5504,-23.53527
1488390372,-46.55123,-23.53544
1488390373,-46.55147,-23.53549
1488390379,-46.55213,-23.53563
1488390381,-46.55236,-23.53568
1488390385,-46.55281,-23.53579
1488390387,-46.55304,-23.53584
1488390392,-46.55356,-23.53595
1488390394,-46.55395,-23.53604
1488390396,-46.55422,-23.53611
1488390399,-46.55448,-23.53618
1488390400,-46.55474,-23.53624
1488390403,-46.55514,-23.53634
1488390405,-46.55538,-23.53639
1488390410,-46.55588,-23.53648
1488390412,-46.55612,-23.53652
1488390420,-46.55706,-23.53667
1488390422,-46.5573,-23.53671
1488390424,-46.55764,-23.53681
1488390428,-46.55792,-23.53685
1488390432,-46.55813,-23.53692
1488390453,-46.55819,-23.53694
1488390463,-46.55819,-23.53694
1488390476,-46.5588,-23.53706
1488390478,-46.559,-23.5371
1488390482,-46.55942,-23.53713
1488390485,-46.55978,-23.53721
1488390488,-46.56015,-23.53726
1488390493,-46.56079,-23.5374
1488390497,-46.56128,-23.53749
1488390506,-46.56242,-23.53774
1488390508,-46.56266,-23.53779
1488390511,-46.56291,-23.53783
1488390512,-46.56317,-23.53789
1488390520,-46.56401,-23.53805
1488390524,-46.56461,-23.53815
1488390526,-46.56485,-23.5382
1488390528,-46.56507,-23.53824
1488390541,-46.56668,-23.53858
1488390543,-46.56691,-23.53862
1488390545,-46.56713,-23.53864
1488390549,-46.56738,-23.53863
1488390568,-46.5676,-23.53868
1488390579,-46.56779,-23.53868
1488390582,-46.56801,-23.53872
1488390588,-46.56866,-23.53886
1488390591,-46.56887,-23.53889
1488390597,-46.56962,-23.53904
1488390601,-46.57007,-23.53912
1488390605,-46.57052,-23.5392
1488390607,-46.57074,-23.53925
1488390610,-46.57096,-23.53928
1488390612,-46.57118,-23.53931
1488390613,-46.57143,-23.53936
1488390619,-46.57203,-23.5395
1488390623,-46.5725,-23.53964
1488390625,-46.57285,-23.53976
1488390631,-46.57359,-23.54003
1488390636,-46.57411,-23.5402
1488390638,-46.57435,-23.54028
1488390640,-46.57457,-23.54036
1488390647,-46.57551,-23.54055
1488390649,-46.57574,-23.54059
1488390651,-46.57595,-23.54062
1488390656,-46.5764,-23.5407
1488390658,-46.57662,-23.54075
1488390672,-46.57824,-23.54104
1488390677,-46.57895,-23.54124
1488390682,-46.57959,-23.54145
1488390691,-46.58013,-23.54182
1488390693,-46.58004,-23.54208
1488390696,-46.57979,-23.54216
1488390699,-46.57948,-23.54208
1488390701,-46.57928,-23.54204
1488390705,-46.57899,-23.54197
1488390711,-46.57854,-23.54169
1488390713,-46.57836,-23.54156
1488390727,-46.57792,-23.54135
1488390730,-46.57768,-23.54127
1488390735,-46.57728,-23.54111
1488390737,-46.57706,-23.54106
1488390739,-46.5768,-23.54101
1488390741,-46.57654,-23.54096
1488390743,-46.5763,-23.5409
1488390749,-46.57574,-23.54076
1488390752,-46.57545,-23.54077
1488390759,-46.57538,-23.54099
1488390765,-46.57533,-23.54117
1488390769,-46.57527,-23.54144
1488390775,-46.57525,-23.54162
1488390789,-46.57573,-23.54205
1488390794,-46.57603,-23.54211
1488390797,-46.57628,-23.54216
1488390806,-46.57683,-23.54227
1488390816,-46.57707,-23.54225
1488390823,-46.57732,-23.5422
1488390827,-46.57755,-23.54229
1488390830,-46.57777,-23.54235
1488390836,-46.57793,-23.54246
1488390840,-46.57788,-23.54268
1488390844,-46.5778,-23.54289
1488390849,-46.57775,-23.54313
1488390859,-46.57755,-23.54316
1488390873,-46.57689,-23.54306
1488390880,-46.57678,-23.54345
1488390883,-46.57673,-23.54363
1488390888,-46.57668,-23.54384
1488390899,-46.57667,-23.54392
1488390910,-46.57666,-23.54393
1488390921,-46.57665,-23.54399
1488390937,-46.57657,-23.54425
1488390947,-46.57651,-23.54442
1488390957,-46.57651,-23.54441
1488390967,-46.57651,-23.54441
1488390978,-46.57651,-23.54441
1488390988,-46.57651,-23.54442
1488391009,-46.5765,-23.5444
1488391021,-46.57645,-23.5446
1488391025,-46.57628,-23.54478
1488391029,-46.57608,-23.54491
1488391031,-46.57578,-23.5451
1488391039,-46.5756,-23.54501
1488391043,-46.57567,-23.54482
1488391049,-46.57578,-23.54445
1488391054,-46.57582,-23.54419
1488391064,-46.57594,-23.54379
1488391070,-46.57602,-23.54355
1488391074,-46.57606,-23.54334
1488391082,-46.57609,-23.54313
1488391094,-46.57597,-23.54298
1488391101,-46.57575,-23.54296
1488391107,-46.57554,-23.54293
1488391117,-46.57546,-23.54291
1488391128,-46.57546,-23.54285
1488391143,-46.57564,-23.54292
1488391146,-46.57585,-23.54295
1488391151,-46.57605,-23.54298
1488391166,-46.57616,-23.54287
1488391177,-46.57616,-23.54286
1488391187,-46.57616,-23.54286
1488391199,-46.57616,-23.54285
1488391210,-46.57616,-23.54286
1488391221,-46.57616,-23.54286
1488391245,-46.57616,-23.54285
1488391257,-46.57616,-23.54286
1488391269,-46.57617,-23.54286
1488391281,-46.57617,-23.54286
1488391293,-46.57617,-23.54286
1488391305,-46.57617,-23.54286
1488391320,-46.57617,-23.54286
1488391331,-46.57617,-23.54286
1488391343,-46.57617,-23.54286
1488391355,-46.57616,-23.54287
1488391367,-46.57614,-23.54288
1488391383,-46.57614,-23.54288
1488391395,-46.57614,-23.54288
1488391419,-46.57614,-23.54288
1488391430,-46.57614,-23.54288
1488391444,-46.57614,-23.54288
1488391458,-46.57614,-23.54288
1488391470,-46.57614,-23.54288
1488391481,-46.57614,-23.54288
1488391493,-46.57614,-23.54288
1488391512,-46.57614,-23.54288
1488391523,-46.57614,-23.54288
1488391537,-46.57614,-23.54288
1488391548,-46.57614,-23.54288
1488391560,-46.57614,-23.54288
1488391571,-46.57614,-23.54287
1488391582,-46.57615,-23.54289
1488391592,-46.57615,-23.54289
1488391602,-46.57614,-23.54289
1488391613,-46.57613,-23.54289
1488391623,-46.57613,-23.54289
1488391633,-46.57613,-23.54288
1488391645,-46.57613,-23.54288
1488391656,-46.57614,-23.54289
1488391666,-46.57614,-23.54289
1488391677,-46.57614,-23.54289
1488391689,-46.57614,-23.54289
1488391700,-46.57614,-23.54289
1488391711,-46.57614,-23.54289
1488391722,-46.57614,-23.54289
1488391732,-46.57614,-23.54289
1488391743,-46.57614,-23.54289
1488391754,-46.57611,-23.54289
1488391764,-46.57611,-23.54289
1488391775,-46.57613,-23.54288
1488391787,-46.57612,-23.54289
1488391797,-46.57613,-23.54288
1488391806,-46.57618,-23.54268
1488391813,-46.57623,-23.54248
1488391824,-46.57629,-23.54226
1488391831,-46.57657,-23.54224
1488391836,-46.57685,-23.54229
1488391841,-46.57709,-23.54226
1488391855,-46.57782,-23.54234
1488391866,-46.57812,-23.54205
1488391869,-46.57818,-23.54176
1488391873,-46.57821,-23.54157
1488391885,-46.57815,-23.54144
1488391896,-46.57809,-23.5414
1488391901,-46.57746,-23.54131
1488391903,-46.5772,-23.54116
1488391907,-46.57696,-23.54106
1488391910,-46.57672,-23.54099
1488391914,-46.5764,-23.54091
1488391917,-46.5762,-23.54087
1488391922,-46.57597,-23.5408
1488391933,-46.57579,-23.54075
1488391938,-46.57554,-23.54072
1488391943,-46.57514,-23.54064
1488391949,-46.57454,-23.54049
1488391952,-46.57424,-23.54038
1488391955,-46.57393,-23.54027
1488391964,-46.57282,-23.53988
1488391967,-46.57262,-23.53983
1488391977,-46.57255,-23.53981
1488391988,-46.57256,-23.53981
1488391994,-46.57221,-23.5397
1488392004,-46.57121,-23.53949
1488392007,-46.57094,-23.53945
1488392013,-46.57056,-23.53941
1488392021,-46.57029,-23.53998
1488392025,-46.5702,-23.54028
1488392028,-46.57014,-23.54054
1488392030,-46.57008,-23.54072
1488392040,-46.56996,-23.54174
1488392043,-46.56995,-23.54194
1488392046,-46.57002,-23.54221
1488392050,-46.56973,-23.54231
1488392054,-46.56954,-23.54263
1488392057,-46.56951,-23.54283
1488392060,-46.56948,-23.54304
1488392061,-46.56945,-23.54328
1488392082,-46.56945,-23.5434
1488392093,-46.56945,-23.5434
1488392104,-46.56945,-23.5434
1488392114,-46.56945,-23.54341
1488392119,-46.5696,-23.54361
1488392126,-46.57002,-23.54373
1488392131,-46.57033,-23.54378
1488392137,-46.5706,-23.54383
1488392143,-46.57086,-23.54387
1488392154,-46.57124,-23.54393
1488392180,-46.5713,-23.54394
1488392191,-46.57133,-23.54394
1488392201,-46.57129,-23.54396
1488392212,-46.57114,-23.54394
1488392223,-46.57103,-23.54393
1488392235,-46.57092,-23.54389
1488392246,-46.57082,-23.54385
1488392256,-46.5707,-23.54381
1488392266,-46.5706,-23.54379
1488392281,-46.57045,-23.54378
1488392306,-46.5703,-23.54379
1488392317,-46.57032,-23.5438
1488392328,-46.57034,-23.5438
1488392339,-46.57031,-23.5438
1488392349,-46.57029,-23.5438
1488392360,-46.57029,-23.5438
1488392371,-46.57034,-23.54377
1488392382,-46.57027,-23.54374
1488392392,-46.57027,-23.54375
1488392403,-46.57035,-23.54377
1488392413,-46.57046,-23.54382
1488392424,-46.57059,-23.54385
1488392434,-46.57072,-23.54386
1488392445,-46.57083,-23.54389
1488392456,-46.57095,-23.5439
1488392467,-46.57109,-23.54391
1488392481,-46.5712,-23.54391
1488392494,-46.57123,-23.54393
1488392508,-46.57124,-23.54393
1488392519,-46.57125,-23.54394
1488392531,-46.57125,-23.54394
1488392542,-46.57125,-23.54394
1488392553,-46.57125,-23.54394
1488392563,-46.57125,-23.54394
1488392576,-46.57127,-23.54393
1488392587,-46.57127,-23.54393
1488392598,-46.57128,-23.54393
1488392609,-46.57128,-23.54393
1488392620,-46.57128,-23.54393
1488392630,-46.57128,-23.54392
1488392645,-46.57125,-23.54392
1488392668,-46.57126,-23.54392
1488392682,-46.57126,-23.54392
1488392693,-46.57125,-23.54393
1488392704,-46.57125,-23.54393
1488392724,-46.57124,-23.54393
1488392736,-46.57124,-23.54393
1488392747,-46.57124,-23.54393
1488392757,-46.57124,-23.54393
1488392767,-46.57124,-23.54393
1488392778,-46.57124,-23.54393
1488392788,-46.57124,-23.54393
1488392799,-46.57124,-23.54393
1488392810,-46.57124,-23.54393
1488392821,-46.57124,-23.54393
1488392832,-46.57125,-23.54393
1488392842,-46.57124,-23.54393
1488392865,-46.57128,-23.54392
1488392878,-46.57128,-23.54392
1488392888,-46.57128,-23.54392
1488392899,-46.57128,-23.54392
1488392909,-46.57128,-23.54392
1488392920,-46.5713,-23.54393
1488392931,-46.57136,-23.54394
1488392934,-46.5716,-23.54397
1488392939,-46.5719,-23.544
1488392942,-46.57218,-23.54406
1488392958,-46.57313,-23.54427
1488392961,-46.57334,-23.54432
1488392972,-46.57354,-23.54431
1488392979,-46.57387,-23.54441
1488392982,-46.57409,-23.54446
1488392987,-46.57437,-23.5445
1488392997,-46.57442,-23.54453
1488393021,-46.57444,-23.54452
1488393032,-46.57445,-23.54451
1488393046,-46.57448,-23.54453
1488393070,-46.57449,-23.54469
1488393078,-46.57444,-23.54489
1488393089,-46.57443,-23.54501
1488393100,-46.57442,-23.54502
1488393111,-46.57443,-23.54502
1488393122,-46.57443,-23.54503
1488393130,-46.57453,-23.54525
1488393136,-46.57486,-23.54535
1488393139,-46.57509,-23.54539
1488393142,-46.57529,-23.54536
1488393145,-46.57548,-23.54524
1488393148,-46.57569,-23.54512
1488393154,-46.57594,-23.54494
1488393164,-46.57594,-23.54494
1488393174,-46.57595,-23.54494
1488393186,-46.57612,-23.54482
1488393188,-46.57636,-23.5447
1488393197,-46.57718,-23.54419
1488393199,-46.57736,-23.54411
1488393200,-46.57756,-23.54405
1488393203,-46.57776,-23.54401
1488393213,-46.57776,-23.54401
1488393217,-46.57908,-23.54328
1488393219,-46.57932,-23.5431
1488393222,-46.57965,-23.543
1488393224,-46.5799,-23.54301
1488393226,-46.58036,-23.54307
1488393236,-46.58133,-23.54318
1488393239,-46.58176,-23.54334
1488393241,-46.58198,-23.54351
1488393244,-46.58225,-23.54376
1488393247,-46.58246,-23.5439
1488393257,-46.58344,-23.54391
1488393262,-46.58386,-23.54397
1488393265,-46.58411,-23.54402
1488393268,-46.58435,-23.54407
1488393271,-46.58461,-23.54411
1488393291,-46.58498,-23.54422
1488393295,-46.58519,-23.54425
1488393299,-46.58539,-23.54415
1488393310,-46.58585,-23.54438
1488393321,-46.58594,-23.54439
1488393332,-46.58593,-23.54438
1488393345,-46.58593,-23.54439
1488393356,-46.58593,-23.54439
1488393366,-46.58607,-23.54442
1488393370,-46.58643,-23.54451
1488393376,-46.5869,-23.54462
1488393379,-46.58719,-23.54467
1488393383,-46.58753,-23.54475
1488393389,-46.58775,-23.54481
1488393401,-46.58769,-23.54473
1488393412,-46.58769,-23.54473
1488393423,-46.58768,-23.54473
1488393433,-46.58782,-23.54478
1488393439,-46.58799,-23.54489
1488393451,-46.58805,-23.54496
1488393465,-46.58833,-23.54493
1488393477,-46.58883,-23.54478
1488393482,-46.58891,-23.54459
1488393488,-46.589,-23.54436
1488393494,-46.5891,-23.54414
1488393513,-46.58922,-23.54384
1488393519,-46.58902,-23.54377
1488393522,-46.58882,-23.54375
1488393531,-46.5886,-23.54375
1488393542,-46.58847,-23.5437
1488393552,-46.58826,-23.54363
1488393555,-46.58793,-23.54359
1488393569,-46.58743,-23.54346
1488393572,-46.58721,-23.54342
1488393576,-46.58689,-23.54336
1488393587,-46.58689,-23.54336
1488393595,-46.58671,-23.54344
1488393606,-46.5866,-23.54358
1488393612,-46.58655,-23.54377
1488393636,-46.58651,-23.54376
1488393648,-46.5865,-23.54377
1488393659,-46.5865,-23.54376
1488393672,-46.5865,-23.54376
1488393683,-46.5865,-23.54376
1488393694,-46.58649,-23.54376
1488393705,-46.5865,-23.54379
1488393717,-46.5865,-23.54379
1488393731,-46.5865,-23.54379
1488393742,-46.5865,-23.54379
1488393755,-46.5865,-23.54379
1488393765,-46.5865,-23.54379
1488393775,-46.5865,-23.54379
1488393786,-46.5865,-23.54379
1488393800,-46.5865,-23.5438
1488393810,-46.58651,-23.5438
1488393822,-46.5865,-23.54379
1488393833,-46.58654,-23.54368
1488393843,-46.58653,-23.54344
1488393850,-46.58645,-23.54328
1488393854,-46.5861,-23.54318
1488393857,-46.58585,-23.54313
1488393860,-46.58559,-23.54309
1488393862,-46.58532,-23.54303
1488393867,-46.58497,-23.54295
1488393869,-46.58472,-23.54291
1488393876,-46.58425,-23.54282
1488393878,-46.58403,-23.54278
1488393882,-46.58379,-23.54272
1488393884,-46.58349,-23.54267
1488393888,-46.5831,-23.54259
1488393890,-46.58287,-23.54255
1488393894,-46.58253,-23.54247
1488393903,-46.58134,-23.54222
1488393909,-46.58075,-23.54211
1488393914,-46.58018,-23.54199
1488393916,-46.57983,-23.54192
1488393920,-46.5795,-23.54183
1488393921,-46.57928,-23.54176
1488393927,-46.57881,-23.54158
1488393929,-46.57853,-23.54146
1488393932,-46.57834,-23.54139
1488393935,-46.57803,-23.54128
1488393943,-46.577,-23.54104
1488393946,-46.57677,-23.54099
1488393948,-46.57656,-23.54096
1488393950,-46.57625,-23.54089
1488393953,-46.57602,-23.54083
1488393960,-46.57551,-23.54078
1488393965,-46.57537,-23.54093
1488393970,-46.57532,-23.54122
1488393978,-46.57522,-23.5417
1488393983,-46.57514,-23.54197
1488393986,-46.57508,-23.5422
1488393991,-46.57502,-23.54243
1488393994,-46.57496,-23.54263
1488394015,-46.57486,-23.54302
1488394025,-46.57486,-23.54302
1488394036,-46.57488,-23.54309
1488394041,-46.57481,-23.54331
1488394045,-46.57476,-23.54353
1488394049,-46.57467,-23.54374
1488394053,-46.57463,-23.54398
1488394058,-46.57459,-23.54425
1488394063,-46.57452,-23.54446
1488394069,-46.57448,-23.54469
1488394079,-46.57447,-23.54475
1488394090,-46.57445,-23.54475
1488394100,-46.57445,-23.54475
1488394111,-46.57445,-23.54475
1488394121,-46.57444,-23.54475
1488394131,-46.57444,-23.54475
1488394143,-46.57439,-23.54514
1488394150,-46.57453,-23.54535
1488394154,-46.57502,-23.54541
1488394157,-46.57527,-23.54534
1488394160,-46.57551,-23.54521
1488394163,-46.57569,-23.54511
1488394167,-46.57589,-23.54501
1488394178,-46.57592,-23.54498
1488394186,-46.57608,-23.54487
1488394192,-46.57647,-23.54469
1488394195,-46.57668,-23.54455
1488394199,-46.57693,-23.54437
1488394203,-46.57716,-23.54426
1488394210,-46.57726,-23.54448
1488394215,-46.5772,-23.54475
1488394220,-46.57718,-23.54497
1488394228,-46.57765,-23.54482
1488394231,-46.57785,-23.54475
1488394242,-46.57789,-23.54475
1488394243,-46.57871,-23.54469
1488394247,-46.57904,-23.54465
1488394250,-46.57931,-23.54459
1488394253,-46.57951,-23.54447
1488394261,-46.57967,-23.54428
1488394265,-46.57977,-23.54405
1488394266,-46.57977,-23.54387
1488394274,-46.57983,-23.54319
1488394276,-46.57992,-23.54297
1488394278,-46.58004,-23.54277
1488394282,-46.58019,-23.5424
1488394285,-46.58028,-23.54218
1488394293,-46.58034,-23.54163
1488394296,-46.58052,-23.54126
1488394298,-46.58051,-23.54098
1488394301,-46.58053,-23.5408
1488394304,-46.58055,-23.54058
1488394312,-46.58057,-23.54012
1488394315,-46.5804,-23.53999
1488394318,-46.58014,-23.53988
1488394322,-46.57989,-23.53976
1488394336,-46.57969,-23.53961
1488394350,-46.57946,-23.5397
1488394354,-46.57943,-23.53993
1488394357,-46.57943,-23.54023
1488394362,-46.57931,-23.54041
1488394370,-46.57864,-23.54035
1488394371,-46.57843,-23.54032
1488394376,-46.57805,-23.54017
1488394381,-46.57748,-23.54012
1488394385,-46.57708,-23.54007
1488394388,-46.57674,-23.54001
1488394393,-46.57655,-23.53994
1488394404,-46.57562,-23.53977
1488394406,-46.57541,-23.53961
1488394409,-46.57511,-23.53958
1488394411,-46.57483,-23.53952
1488398085,-46.41333,-23.54363
