1486749019,-46.65658,-23.62732
1486749021,-46.65658,-23.62732
1486749031,-46.65658,-23.62732
1486749042,-46.65658,-23.62732
1486749064,-46.65658,-23.62732
1486749081,-46.65658,-23.62732
1486749085,-46.65658,-23.62732
1486749110,-46.65658,-23.62732
1486749134,-46.65658,-23.62732
1486749145,-46.65658,-23.62732
1486749156,-46.65658,-23.62732
1486749167,-46.65658,-23.62732
1486749178,-46.65658,-23.62732
1486749188,-46.65658,-23.62732
1486749210,-46.65658,-23.62732
1486749220,-46.65658,-23.62732
1486749242,-46.65658,-23.62732
1486749252,-46.65658,-23.62732
1486749274,-46.65658,-23.62732
1486749285,-46.65658,-23.62732
1486749295,-46.65658,-23.62732
1486749306,-46.65658,-23.62732
1486749317,-46.65658,-23.62732
1486749339,-46.65658,-23.62732
1486749349,-46.65658,-23.62732
1486749371,-46.65658,-23.62732
1486749382,-46.65658,-23.62732
1486749392,-46.65658,-23.62732
1486749403,-46.65658,-23.62732
1486749414,-46.65658,-23.62732
1486749425,-46.65658,-23.62732
1486749435,-46.65658,-23.62732
1486749446,-46.65658,-23.62732
1486749457,-46.65658,-23.62732
1486749479,-46.65658,-23.62732
1486749490,-46.65658,-23.62732
1486749511,-46.65658,-23.62732
1486749533,-46.65658,-23.62732
1486749544,-46.65658,-23.62732
1486749565,-46.65658,-23.62732
1486749576,-46.65658,-23.62732
1486749587,-46.65658,-23.62732
1486749603,-46.65658,-23.62732
1486749608,-46.65658,-23.62732
1486749619,-46.65658,-23.62732
1486749630,-46.65658,-23.62732
1486749640,-46.65658,-23.62732
1486749652,-46.65658,-23.62732
1486749663,-46.65658,-23.62732
1486749695,-46.65658,-23.62732
1486749705,-46.65658,-23.62732
1486749716,-46.65658,-23.62732
1486749727,-46.65658,-23.62732
1486749738,-46.65658,-23.62732
1486749759,-46.65658,-23.62732
1486749770,-46.65658,-23.62732
1486749802,-46.65658,-23.62732
1486749813,-46.65658,-23.62732
1486749823,-46.65658,-23.62732
1486749834,-46.65658,-23.62732
1486749845,-46.65658,-23.62732
1486749856,-46.65658,-23.62732
1486749866,-46.65658,-23.62732
1486749887,-46.65658,-23.62732
1486749898,-46.65658,-23.62732
1486749909,-46.65658,-23.62732
1486749920,-46.65658,-23.62732
1486749930,-46.65658,-23.62732
1486749963,-46.65658,-23.62732
1486749973,-46.65658,-23.62732
1486749994,-46.65658,-23.62732
1486750026,-46.65658,-23.62732
1486750028,-46.65514,-23.62098
1486750039,-46.65514,-23.62098
1486750060,-46.65514,-23.62098
1486750071,-46.65514,-23.62098
1486750092,-46.65514,-23.62098
1486750103,-46.65514,-23.62098
1486750125,-46.65514,-23.62098
1486750136,-46.65514,-23.62098
1486750157,-46.65514,-23.62098
1486750168,-46.65514,-23.62098
1486750178,-46.65514,-23.62098
1486750189,-46.65514,-23.62098
1486750200,-46.65514,-23.62098
1486750210,-46.65514,-23.62098
1486750221,-46.65514,-23.62098
1486750232,-46.65514,-23.62098
1486750253,-46.65514,-23.62098
1486750263,-46.65514,-23.62098
1486750274,-46.65514,-23.62098
1486750285,-46.65514,-23.62098
1486750295,-46.65514,-23.62098
1486750306,-46.65514,-23.62098
1486750317,-46.65514,-23.62098
1486750328,-46.65514,-23.62098
1486750350,-46.65514,-23.62098
1486750360,-46.65514,-23.62098
1486750382,-46.65514,-23.62098
1486750393,-46.65514,-23.62098
1486750414,-46.65514,-23.62098
1486750425,-46.65514,-23.62098
1486750446,-46.65514,-23.62098
1486750457,-46.65514,-23.62098
1486750467,-46.65514,-23.62098
1486750478,-46.65514,-23.62098
1486750489,-46.65514,-23.62098
1486750510,-46.65514,-23.62098
1486750531,-46.65514,-23.62098
1486750542,-46.65514,-23.62098
1486750552,-46.65514,-23.62098
1486750563,-46.65514,-23.62098
1486750574,-46.65514,-23.62098
1486750584,-46.65514,-23.62098
1486750595,-46.65514,-23.62098
1486750606,-46.65514,-23.62098
1486750617,-46.65514,-23.62098
1486750638,-46.65514,-23.62098
1486750649,-46.65514,-23.62098
1486750660,-46.65514,-23.62098
1486750681,-46.65514,-23.62098
1486750703,-46.65514,-23.62098
1486750713,-46.65514,-23.62098
1486750735,-46.65514,-23.62098
1486750746,-46.65514,-23.62098
1486750767,-46.65514,-23.62098
1486750778,-46.65514,-23.62098
1486750799,-46.65514,-23.62098
1486750810,-46.65514,-23.62098
1486750821,-46.65514,-23.62098
1486750831,-46.65514,-23.62098
1486750842,-46.65514,-23.62098
1486750863,-46.65514,-23.62098
1486750874,-46.65514,-23.62098
1486750885,-46.65514,-23.62098
1486750895,-46.65514,-23.62098
1486750906,-46.65514,-23.62098
1486750938,-46.65514,-23.62098
1486750948,-46.65514,-23.62098
1486750959,-46.65514,-23.62098
1486750970,-46.65514,-23.62098
1486751002,-46.65514,-23.62098
1486751012,-46.65514,-23.62098
1486751023,-46.65514,-23.62098
1486751034,-46.65514,-23.62098
1486751056,-46.65514,-23.62098
1486751066,-46.65514,-23.62098
1486751088,-46.65514,-23.62098
1486751120,-46.65514,-23.62098
1486751131,-46.65514,-23.62098
1486751141,-46.65514,-23.62098
1486751152,-46.65514,-23.62098
1486751163,-46.65514,-23.62098
1486751184,-46.65514,-23.62098
1486751195,-46.65514,-23.62098
1486751216,-46.65514,-23.62098
1486751227,-46.65514,-23.62098
1486751248,-46.65514,-23.62098
1486751258,-46.65514,-23.62098
1486751280,-46.65514,-23.62098
1486751291,-46.65514,-23.62098
1486751312,-46.65514,-23.62098
1486751323,-46.65514,-23.62098
1486751344,-46.65514,-23.62098
1486751355,-46.65514,-23.62098
1486751376,-46.65514,-23.62098
1486751387,-46.65514,-23.62098
1486751408,-46.65514,-23.62098
1486751419,-46.65514,-23.62098
1486751440,-46.65514,-23.62098
1486751451,-46.65514,-23.62098
1486751462,-46.65514,-23.62098
1486751472,-46.65514,-23.62098
1486751483,-46.65514,-23.62098
1486751504,-46.65514,-23.62098
1486751526,-46.65514,-23.62098
1486751536,-46.65514,-23.62098
1486751548,-46.65514,-23.62098
1486751558,-46.65514,-23.62098
1486751569,-46.65514,-23.62098
1486751580,-46.65514,-23.62098
1486751591,-46.65514,-23.62098
1486751612,-46.65514,-23.62098
1486751622,-46.65514,-23.62098
1486751655,-46.65514,-23.62098
1486751665,-46.65514,-23.62098
1486751676,-46.65514,-23.62098
1486751686,-46.65514,-23.62098
1486751697,-46.65514,-23.62098
1486751708,-46.65514,-23.62098
1486751719,-46.65514,-23.62098
1486751729,-46.65514,-23.62098
1486751740,-46.65514,-23.62098
1486751750,-46.65514,-23.62098
1486751761,-46.65514,-23.62098
1486751772,-46.65514,-23.62098
1486751783,-46.65514,-23.62098
1486751804,-46.65514,-23.62098
1486751814,-46.65514,-23.62098
1486751825,-46.65514,-23.62098
1486751836,-46.65514,-23.62098
1486751847,-46.65514,-23.62098
1486751857,-46.65514,-23.62098
1486751868,-46.65514,-23.62098
1486751879,-46.65514,-23.62098
1486751890,-46.65514,-23.62098
1486751900,-46.65514,-23.62098
1486751911,-46.65514,-23.62098
1486751922,-46.65514,-23.62098
1486751933,-46.65514,-23.62098
1486751943,-46.65514,-23.62098
1486751965,-46.65514,-23.62098
1486751986,-46.65514,-23.62098
1486751997,-46.65514,-23.62098
1486752008,-46.65514,-23.62098
1486752019,-46.65514,-23.62098
1486752029,-46.65514,-23.62098
1486752040,-46.65514,-23.62098
1486752050,-46.65514,-23.62098
1486752061,-46.65514,-23.62098
1486752072,-46.65514,-23.62098
1486752093,-46.65514,-23.62098
1486752104,-46.65514,-23.62098
1486752115,-46.65514,-23.62098
1486752126,-46.65514,-23.62098
1486752137,-46.65514,-23.62098
1486752158,-46.65514,-23.62098
1486752169,-46.65514,-23.62098
1486752179,-46.65514,-23.62098
1486752190,-46.65514,-23.62098
1486752201,-46.65514,-23.62098
1486752212,-46.65514,-23.62098
1486752222,-46.65514,-23.62098
1486752233,-46.65514,-23.62098
1486752244,-46.65514,-23.62098
1486752254,-46.65514,-23.62098
1486752265,-46.65514,-23.62098
1486752276,-46.65514,-23.62098
1486752286,-46.65514,-23.62098
1486752308,-46.65514,-23.62098
1486752341,-46.65514,-23.62098
1486752351,-46.65514,-23.62098
1486752362,-46.65514,-23.62098
1486752373,-46.65514,-23.62098
1486752384,-46.65514,-23.62098
1486752395,-46.65514,-23.62098
1486752406,-46.65514,-23.62098
1486752416,-46.65514,-23.62098
1486752427,-46.65514,-23.62098
1486752438,-46.65514,-23.62098
1486752449,-46.65514,-23.62098
1486752459,-46.65514,-23.62098
1486752470,-46.65514,-23.62098
1486752481,-46.65514,-23.62098
1486752492,-46.65514,-23.62098
1486752503,-46.65514,-23.62098
1486752513,-46.65514,-23.62098
1486752524,-46.65514,-23.62098
1486752534,-46.65514,-23.62098
1486752545,-46.65514,-23.62098
1486752556,-46.65514,-23.62098
1486752567,-46.65514,-23.62098
1486752577,-46.65514,-23.62098
1486752599,-46.65514,-23.62098
1486752610,-46.65514,-23.62098
1486752631,-46.65514,-23.62098
1486752642,-46.65514,-23.62098
1486752685,-46.65514,-23.62098
1486752696,-46.65514,-23.62098
1486752706,-46.65514,-23.62098
1486752728,-46.65514,-23.62098
1486752739,-46.65514,-23.62098
1486752750,-46.65514,-23.62098
1486752760,-46.65514,-23.62098
1486752781,-46.65514,-23.62098
1486752803,-46.65514,-23.62098
1486752814,-46.65514,-23.62098
1486752824,-46.65514,-23.62098
1486752835,-46.65514,-23.62098
1486752846,-46.65514,-23.62098
1486752868,-46.65514,-23.62098
1486752878,-46.65514,-23.62098
1486752889,-46.65514,-23.62098
1486752899,-46.65514,-23.62098
1486752910,-46.65514,-23.62098
1486752943,-46.65514,-23.62098
1486752953,-46.65514,-23.62098
1486752964,-46.65514,-23.62098
1486752986,-46.65514,-23.62098
1486752997,-46.65514,-23.62098
1486753007,-46.65514,-23.62098
1486753029,-46.65514,-23.62098
1486753040,-46.65514,-23.62098
1486753061,-46.65514,-23.62098
1486753072,-46.65514,-23.62098
1486753087,-46.65514,-23.62098
1486753101,-46.65514,-23.62098
1486753113,-46.65514,-23.62098
1486753125,-46.65514,-23.62098
1486753136,-46.65514,-23.62098
1486753148,-46.65514,-23.62098
1486753160,-46.65514,-23.62098
1486753172,-46.65514,-23.62098
1486753184,-46.65514,-23.62098
1486753195,-46.65514,-23.62098
1486753227,-46.65514,-23.62098
1486753239,-46.65514,-23.62098
1486753271,-46.65514,-23.62098
1486753330,-46.65514,-23.62098
1486753341,-46.65514,-23.62098
1486753353,-46.65514,-23.62098
1486753366,-46.65514,-23.62098
1486753382,-46.65514,-23.62098
1486753386,-46.65514,-23.62098
1486753412,-46.65514,-23.62098
1486753423,-46.65514,-23.62098
1486753435,-46.65514,-23.62098
1486753446,-46.65514,-23.62098
1486753470,-46.65514,-23.62098
1486753491,-46.65514,-23.62098
1486753504,-46.65514,-23.62098
1486753514,-46.65514,-23.62098
1486753525,-46.65514,-23.62098
1486753538,-46.65514,-23.62098
1486753552,-46.65514,-23.62098
1486753565,-46.65514,-23.62098
1486753576,-46.65514,-23.62098
1486753587,-46.65514,-23.62098
1486753614,-46.65514,-23.62098
1486753626,-46.65514,-23.62098
1486753637,-46.65514,-23.62098
1486753651,-46.65514,-23.62098
1486753690,-46.65514,-23.62098
1486753701,-46.65514,-23.62098
1486753714,-46.65514,-23.62098
1486753727,-46.65514,-23.62098
1486753738,-46.65514,-23.62098
1486753751,-46.65514,-23.62098
1486753762,-46.65514,-23.62098
1486753774,-46.65514,-23.62098
1486753797,-46.65514,-23.62098
1486753808,-46.65514,-23.62098
1486753818,-46.65514,-23.62098
1486753829,-46.65514,-23.62098
1486753845,-46.65514,-23.62098
1486753856,-46.65514,-23.62098
1486753866,-46.65514,-23.62098
1486753877,-46.65514,-23.62098
1486753898,-46.65514,-23.62098
1486753909,-46.65514,-23.62098
1486753920,-46.65514,-23.62098
1486753930,-46.65514,-23.62098
1486753941,-46.65514,-23.62098
1486753952,-46.65514,-23.62098
1486753962,-46.65514,-23.62098
1486753973,-46.65514,-23.62098
1486753984,-46.65514,-23.62098
1486753995,-46.65514,-23.62098
1486754005,-46.65514,-23.62098
1486754016,-46.65514,-23.62098
1486754027,-46.65514,-23.62098
1486754037,-46.65514,-23.62098
1486754048,-46.65514,-23.62098
1486754058,-46.65514,-23.62098
1486754069,-46.65514,-23.62098
1486754080,-46.65514,-23.62098
1486754091,-46.65514,-23.62098
1486754101,-46.65514,-23.62098
1486754112,-46.65514,-23.62098
1486754123,-46.65514,-23.62098
1486754145,-46.65514,-23.62098
1486754155,-46.65514,-23.62098
1486754177,-46.65514,-23.62098
1486754187,-46.65514,-23.62098
1486754193,-46.65514,-23.62098
