1487935490,-43.39526,-22.92043
1487935499,-43.39524,-22.92052
1487935509,-43.39522,-22.92052
1487935551,-43.39521,-22.9205
1487935585,-43.39513,-22.91906
1487935590,-43.39505,-22.91887
1487935597,-43.39477,-22.91895
1487935600,-43.3944,-22.91902
1487935628,-43.39277,-22.91943
1487935630,-43.39191,-22.91967
1487935640,-43.39191,-22.91967
1487935664,-43.39,-22.91951
1487935675,-43.39,-22.91951
1487935685,-43.38986,-22.91952
1487935746,-43.38431,-22.9187
1487935774,-43.38507,-22.91797
1487935777,-43.38526,-22.91771
1487935781,-43.38545,-22.91746
1487935810,-43.38589,-22.91682
1487935816,-43.3862,-22.91637
1487935817,-43.38633,-22.9162
1487935819,-43.38645,-22.91605
1487935824,-43.38657,-22.91588
1487935835,-43.38657,-22.91589
1487935877,-43.38734,-22.91478
1487935879,-43.38751,-22.91452
1487935883,-43.38778,-22.91416
1487935891,-43.3882,-22.91324
1487935911,-43.38834,-22.91127
1487935913,-43.38819,-22.91111
1487935914,-43.38805,-22.91092
1487935916,-43.38792,-22.91074
1487935920,-43.38774,-22.91045
1487935925,-43.38744,-22.90979
1487935930,-43.38727,-22.90938
1487935940,-43.38648,-22.9085
1487935956,-43.38433,-22.90759
1487935959,-43.38404,-22.90746
1487936006,-43.38018,-22.90692
1487936016,-43.38006,-22.90707
1487936049,-43.38003,-22.90704
1487936059,-43.38003,-22.90704
1487936095,-43.38018,-22.90476
1487936106,-43.38168,-22.90105
1487936116,-43.38168,-22.90105
1487936142,-43.3843,-22.8996
1487936152,-43.3843,-22.8996
1487936165,-43.38402,-22.89974
1487936197,-43.38402,-22.89966
1487936207,-43.37999,-22.91565
1487936236,-43.38998,-22.89905
1487936239,-43.38839,-22.89823
1487936251,-43.38839,-22.89823
1487936289,-43.38342,-22.89949
1487936300,-43.38342,-22.89949
1487936330,-43.37995,-22.90603
1487936339,-43.37985,-22.907
1487936347,-43.37964,-22.90655
1487936357,-43.37971,-22.9054
1487936378,-43.37971,-22.9054
1487936379,-43.3801,-22.90478
1487936390,-43.3801,-22.90478
1487936397,-43.38237,-22.90042
1487936432,-43.38233,-22.9001
1487936443,-43.38233,-22.9001
1487936478,-43.38304,-22.89999
1487936489,-43.38304,-22.89999
1487936519,-43.38274,-22.8998
1487936531,-43.38274,-22.8998
1487936537,-43.38229,-22.8992
1487936578,-43.38297,-22.90002
1487936589,-43.38297,-22.90002
1487936595,-43.38297,-22.90002
1487936620,-43.38232,-22.89931
1487936632,-43.38232,-22.89931
1487936670,-43.38229,-22.89921
1487936682,-43.38229,-22.89921
1487936710,-43.38232,-22.89931
1487936721,-43.38229,-22.89921
1487936732,-43.38229,-22.89921
1487936757,-43.38229,-22.89921
1487936767,-43.38229,-22.89921
1487936813,-43.38304,-22.89999
1487936816,-43.38232,-22.89931
1487936827,-43.38229,-22.89921
1487936861,-43.38304,-22.89999
1487936872,-43.38304,-22.89999
1487936901,-43.38229,-22.89921
1487936922,-43.38229,-22.89921
1487936924,-43.38304,-22.89999
1487936954,-43.38232,-22.89931
1487936964,-43.38232,-22.89931
1487936994,-43.38297,-22.90002
1487937004,-43.38297,-22.90002
1487937026,-43.38297,-22.90002
1487937045,-43.38274,-22.8998
1487937084,-43.38259,-22.9
1487937090,-43.38229,-22.90032
1487937100,-43.38229,-22.90032
1487937145,-43.38675,-22.89901
1487937187,-43.39182,-22.89921
1487937194,-43.39299,-22.89945
1487937197,-43.39654,-22.89897
1487937225,-43.39826,-22.89692
1487937233,-43.39735,-22.89423
1487937244,-43.39721,-22.89412
1487937273,-43.39188,-22.89102
1487937280,-43.39141,-22.89095
1487937283,-43.39116,-22.89092
1487937288,-43.39087,-22.89069
1487937336,-43.3902,-22.88752
1487937369,-43.3902,-22.88752
1487937378,-43.38493,-22.8878
1487937389,-43.38493,-22.8878
1487937426,-43.37708,-22.88622
1487937437,-43.37708,-22.88622
1487937440,-43.37912,-22.88636
1487937462,-43.37401,-22.88468
1487937463,-43.37385,-22.88451
1487937465,-43.3737,-22.88438
1487937467,-43.37354,-22.88421
1487937471,-43.37328,-22.88395
1487937473,-43.37305,-22.8837
1487937475,-43.37288,-22.88352
1487937478,-43.37264,-22.88327
1487937482,-43.3724,-22.88302
1487937507,-43.37057,-22.88091
1487937510,-43.37049,-22.88061
1487937514,-43.37042,-22.8803
1487937515,-43.37036,-22.88012
1487937519,-43.37027,-22.87979
1487937525,-43.37015,-22.87937
1487937528,-43.37005,-22.87901
1487937554,-43.36974,-22.87787
1487937557,-43.36967,-22.87764
1487937561,-43.3696,-22.87736
1487937566,-43.36956,-22.87712
1487937574,-43.36979,-22.87697
1487937595,-43.37178,-22.87662
1487937604,-43.37241,-22.8764
1487937607,-43.3726,-22.87618
1487937612,-43.37288,-22.87581
1487937613,-43.37298,-22.87557
1487937615,-43.37309,-22.87532
1487937617,-43.37317,-22.87506
1487937622,-43.37338,-22.87456
1487937650,-43.3737,-22.87386
1487937660,-43.3737,-22.87386
1487937696,-43.37403,-22.87305
1487937699,-43.37422,-22.87261
1487937702,-43.37441,-22.87233
1487937706,-43.37468,-22.87209
1487937709,-43.37502,-22.87173
1487937711,-43.37517,-22.87152
1487937714,-43.37528,-22.8713
1487937723,-43.37562,-22.87017
1487937729,-43.37614,-22.86931
1487937732,-43.37631,-22.86908
1487937735,-43.37671,-22.86856
1487937737,-43.37693,-22.86831
1487937742,-43.37734,-22.86783
1487937743,-43.37748,-22.86764
1487937745,-43.37768,-22.86739
1487937747,-43.3778,-22.86723
1487937753,-43.37794,-22.86704
1487937777,-43.37812,-22.86662
1487937781,-43.3782,-22.86622
1487937783,-43.37821,-22.86597
1487937785,-43.37819,-22.86572
1487937788,-43.37809,-22.86546
1487937790,-43.3779,-22.86507
1487937798,-43.37731,-22.86401
1487937803,-43.37703,-22.86348
1487937811,-43.37682,-22.86314
1487937813,-43.3767,-22.86291
1487937824,-43.37638,-22.86228
1487937828,-43.3761,-22.86184
1487937832,-43.37599,-22.86163
1487937836,-43.3759,-22.86145
1487937839,-43.37572,-22.86113
1487937845,-43.3754,-22.86058
1487937849,-43.37531,-22.86039
1487937852,-43.37517,-22.86018
1487937856,-43.37501,-22.85992
1487937859,-43.37492,-22.85972
1487937864,-43.37481,-22.8595
1487937885,-43.37585,-22.85877
1487937886,-43.37609,-22.85865
1487937888,-43.37632,-22.85854
1487937890,-43.37651,-22.85845
1487937895,-43.3767,-22.85835
1487937898,-43.37695,-22.85824
1487937908,-43.37792,-22.85825
1487937917,-43.37921,-22.8585
1487937929,-43.38088,-22.85809
1487937932,-43.38112,-22.85798
1487937936,-43.38132,-22.85789
1487937943,-43.38177,-22.85772
1487937950,-43.38233,-22.85748
1487937958,-43.38272,-22.85733
1487937961,-43.38295,-22.85723
1487937964,-43.38323,-22.85712
1487937967,-43.38343,-22.85703
1487937968,-43.38363,-22.85696
1487937971,-43.38387,-22.85689
1487937976,-43.38411,-22.85679
1487937984,-43.38455,-22.85661
1487937985,-43.38473,-22.85653
1487938011,-43.3852,-22.8563
1487938014,-43.38543,-22.85622
1487938017,-43.38561,-22.85614
1487938025,-43.38606,-22.85593
1487938032,-43.3863,-22.8554
1487938052,-43.38704,-22.85523
1487938057,-43.38749,-22.85529
1487938061,-43.38795,-22.85538
1487938065,-43.38835,-22.85535
1487938068,-43.3886,-22.85518
1487938072,-43.38885,-22.855
1487938076,-43.38929,-22.8547
1487938086,-43.39025,-22.85402
1487938091,-43.39068,-22.85369
1487938093,-43.39101,-22.85343
1487938098,-43.39147,-22.85311
1487938101,-43.39165,-22.85298
1487938103,-43.39188,-22.8528
1487938105,-43.39211,-22.85264
1487938108,-43.39239,-22.85245
1487938113,-43.39289,-22.85206
1487938115,-43.39305,-22.85193
1487938141,-43.39504,-22.85019
1487938149,-43.39549,-22.84932
1487938153,-43.39564,-22.84897
1487938157,-43.39573,-22.84869
1487938158,-43.39579,-22.84849
1487938160,-43.39584,-22.84827
1487938162,-43.3959,-22.84803
1487938164,-43.39598,-22.84779
1487938169,-43.39616,-22.84729
1487938184,-43.39691,-22.84508
1487938187,-43.39708,-22.84465
1487938190,-43.39721,-22.8444
1487938193,-43.39742,-22.84404
1487938194,-43.39756,-22.8438
1487938199,-43.39794,-22.84319
1487938202,-43.39811,-22.84295
1487938204,-43.39832,-22.84258
1487938206,-43.39843,-22.84232
1487938209,-43.39855,-22.84191
1487938234,-43.39876,-22.83975
1487938241,-43.3987,-22.83949
1487938244,-43.39862,-22.83922
1487938247,-43.39852,-22.83897
1487938249,-43.39844,-22.83879
1487938251,-43.39829,-22.8386
1487938254,-43.39814,-22.83843
1487938263,-43.39741,-22.83775
1487938276,-43.39618,-22.83648
1487938278,-43.39599,-22.83628
1487938280,-43.39585,-22.83605
1487938284,-43.39572,-22.83569
1487938286,-43.3957,-22.83534
1487938288,-43.39567,-22.83512
1487938290,-43.39563,-22.83489
1487938294,-43.39557,-22.83453
1487938316,-43.39648,-22.83176
1487938320,-43.39689,-22.83139
1487938323,-43.39719,-22.83112
1487938326,-43.39738,-22.83099
1487938327,-43.39752,-22.83087
1487938330,-43.39771,-22.8307
1487938335,-43.39787,-22.83056
1487938347,-43.39795,-22.83051
1487938378,-43.398,-22.82983
1487938383,-43.39792,-22.82965
1487938387,-43.39803,-22.82945
1487938405,-43.39951,-22.82816
1487938408,-43.39968,-22.82799
1487938409,-43.39986,-22.82779
1487938414,-43.40021,-22.82738
1487938419,-43.40044,-22.82712
1487938421,-43.40062,-22.82691
1487938424,-43.40075,-22.82675
1487938428,-43.40104,-22.82643
1487938465,-43.40211,-22.82517
1487938507,-43.40316,-22.82414
1487938509,-43.40333,-22.82398
1487938513,-43.40347,-22.82385
1487938515,-43.40365,-22.8237
1487938520,-43.4039,-22.82346
1487938522,-43.40411,-22.82329
1487938548,-43.40537,-22.82219
1487938558,-43.40537,-22.82219
1487938559,-43.40715,-22.82067
1487938564,-43.4072,-22.82048
1487938569,-43.40703,-22.82037
1487938601,-43.40628,-22.81992
1487938606,-43.40598,-22.81971
1487938615,-43.40597,-22.8192
1487938638,-43.40598,-22.81971
1487938647,-43.4061,-22.81904
1487938657,-43.4061,-22.81904
1487938679,-43.4061,-22.81897
1487938690,-43.40609,-22.81906
1487938700,-43.40609,-22.81906
1487938744,-43.4061,-22.81904
1487938755,-43.4061,-22.81904
1487938765,-43.4061,-22.81904
1487938809,-43.4061,-22.81904
1487938820,-43.4061,-22.81904
1487938831,-43.4061,-22.81904
1487938864,-43.40613,-22.81907
1487938875,-43.40609,-22.81906
1487938886,-43.40609,-22.81906
1487938928,-43.40609,-22.81906
1487938939,-43.40609,-22.81906
1487938991,-43.4062,-22.8189
1487939001,-43.4062,-22.8189
1487939042,-43.40602,-22.81855
1487939050,-43.40441,-22.81749
1487939056,-43.40422,-22.81738
1487939060,-43.40402,-22.81726
1487939069,-43.40363,-22.81704
1487939093,-43.4028,-22.81808
1487939098,-43.40261,-22.81816
1487939104,-43.40243,-22.81806
1487939107,-43.40223,-22.8179
1487939111,-43.40197,-22.81771
1487939129,-43.40099,-22.81701
1487939147,-43.40067,-22.81758
1487939154,-43.40061,-22.81779
1487939166,-43.40041,-22.81826
1487939214,-43.39993,-22.81954
1487939218,-43.39943,-22.82072
1487939228,-43.39943,-22.82072
1487939250,-43.39846,-22.82052
1487939260,-43.39846,-22.82052
1487939264,-43.398,-22.82122
1487939304,-43.39512,-22.81964
1487939316,-43.39501,-22.81957
1487939352,-43.39261,-22.81839
1487939363,-43.39261,-22.81839
1487939412,-43.38916,-22.81689
1487939416,-43.38794,-22.81616
1487939426,-43.38794,-22.81616
1487939431,-43.38681,-22.81611
1487939467,-43.38319,-22.81584
1487939474,-43.38198,-22.81526
1487939488,-43.38108,-22.81477
1487939541,-43.3789,-22.81402
1487939588,-43.3733,-22.81273
1487939598,-43.37336,-22.81282
1487939646,-43.37346,-22.81291
1487939657,-43.37346,-22.81291
1487939701,-43.37346,-22.81291
1487939712,-43.37346,-22.81291
1487939735,-43.37346,-22.81292
1487939745,-43.37346,-22.81292
1487939756,-43.37346,-22.81292
1487939800,-43.37347,-22.81295
1487939810,-43.37346,-22.81292
1487939852,-43.37329,-22.81267
1487939857,-43.3731,-22.81256
1487939862,-43.37293,-22.81243
1487939868,-43.37276,-22.81233
1487939872,-43.37244,-22.81216
1487939905,-43.37057,-22.80986
1487939910,-43.37027,-22.80949
1487939914,-43.37005,-22.80921
1487939917,-43.3699,-22.80904
1487939923,-43.36963,-22.80905
1487939925,-43.36942,-22.80919
1487939962,-43.36782,-22.80837
1487939974,-43.36789,-22.80858
1487939981,-43.36674,-22.80689
1487939986,-43.36641,-22.80649
1487940000,-43.36482,-22.80552
1487940002,-43.36456,-22.80547
1487940005,-43.36431,-22.80543
1487940009,-43.36384,-22.80534
1487940014,-43.36357,-22.80529
1487940019,-43.36332,-22.80526
1487940044,-43.36159,-22.80524
1487940046,-43.36156,-22.80544
1487940049,-43.36154,-22.80565
1487940054,-43.3615,-22.80595
1487940061,-43.36145,-22.80648
1487940065,-43.36144,-22.80667
1487940092,-43.35976,-22.80674
1487940094,-43.35956,-22.80673
1487940102,-43.35904,-22.80667
1487940106,-43.35882,-22.80662
1487940114,-43.35816,-22.8063
1487940158,-43.35618,-22.80542
1487940160,-43.35597,-22.8054
1487940164,-43.3556,-22.80536
1487940194,-43.35336,-22.80518
1487940197,-43.35298,-22.80514
1487940200,-43.35263,-22.80509
1487940204,-43.35231,-22.80506
1487940206,-43.35208,-22.80503
1487940214,-43.35188,-22.805
1487940235,-43.35053,-22.80487
1487940238,-43.3502,-22.80483
1487940241,-43.34968,-22.80478
1487940243,-43.34943,-22.80476
1487940246,-43.3492,-22.80474
1487940247,-43.34895,-22.80472
1487940250,-43.34872,-22.8047
1487940251,-43.34848,-22.80467
1487940258,-43.3476,-22.8046
1487940260,-43.34734,-22.80457
1487940266,-43.34661,-22.80454
1487940268,-43.34639,-22.80459
1487940275,-43.34562,-22.80502
1487940277,-43.34536,-22.80518
1487940283,-43.34469,-22.8056
1487940290,-43.34403,-22.80634
1487940292,-43.34404,-22.80657
1487940295,-43.34414,-22.80677
1487940296,-43.3443,-22.80693
1487940309,-43.3458,-22.80659
1487940323,-43.34592,-22.80501
1487940324,-43.34575,-22.80477
1487940334,-43.34483,-22.80361
1487940336,-43.34458,-22.8034
1487940339,-43.34431,-22.80322
1487940340,-43.34402,-22.80309
1487940342,-43.34372,-22.80301
1487940360,-43.34063,-22.8028
1487940380,-43.33664,-22.80261
1487940381,-43.33643,-22.8026
1487940383,-43.33578,-22.80256
1487940385,-43.33533,-22.80253
1487940387,-43.33511,-22.80251
1487940388,-43.33466,-22.80249
1487940392,-43.33377,-22.80245
1487940394,-43.33355,-22.80243
1487940395,-43.33333,-22.80242
1487940396,-43.33289,-22.80238
1487940399,-43.33222,-22.80234
1487940405,-43.33084,-22.80228
1487940429,-43.32645,-22.80092
1487940430,-43.32608,-22.80079
1487940433,-43.3257,-22.80068
1487940435,-43.32531,-22.8006
1487940436,-43.3249,-22.80055
1487940439,-43.32429,-22.80054
1487940442,-43.32386,-22.80057
1487940443,-43.32346,-22.80062
1487940445,-43.32304,-22.80065
1487940447,-43.32263,-22.80067
1487940465,-43.31914,-22.80019
1487940466,-43.31894,-22.80015
1487940467,-43.31853,-22.80007
1487940471,-43.31791,-22.79996
1487940472,-43.31769,-22.79991
1487940477,-43.31641,-22.79968
1487940481,-43.31555,-22.79951
1487940482,-43.31534,-22.79947
1487940484,-43.31512,-22.79943
1487940485,-43.3147,-22.79935
1487940493,-43.31303,-22.79903
1487940496,-43.31262,-22.79896
1487940510,-43.30994,-22.79857
1487940518,-43.30847,-22.79875
1487940526,-43.30698,-22.79943
1487940529,-43.30649,-22.79971
1487940532,-43.30616,-22.7999
1487940533,-43.30599,-22.79999
1487940536,-43.3053,-22.80038
1487940539,-43.30495,-22.80058
1487940552,-43.30264,-22.8019
1487940564,-43.30036,-22.80317
1487940568,-43.29938,-22.80354
1487940571,-43.29897,-22.80364
1487940573,-43.29835,-22.80378
1487940577,-43.29773,-22.80394
1487940580,-43.29713,-22.80413
1487940582,-43.29674,-22.8043
1487940583,-43.29637,-22.80448
1487940585,-43.29601,-22.80468
1487940610,-43.29182,-22.80785
1487940612,-43.29141,-22.80794
1487940615,-43.29078,-22.80801
1487940619,-43.28993,-22.808
1487940620,-43.28972,-22.80799
1487940623,-43.28931,-22.80797
1487940624,-43.28891,-22.80795
1487940626,-43.28855,-22.80793
1487940628,-43.2882,-22.80792
1487940646,-43.28478,-22.80774
1487940648,-43.28436,-22.80771
1487940649,-43.28394,-22.80768
1487940650,-43.28373,-22.80767
1487940654,-43.28291,-22.80762
1487940656,-43.28251,-22.80761
1487940659,-43.28211,-22.80759
1487940660,-43.2817,-22.80757
1487940662,-43.28131,-22.80753
1487940665,-43.28089,-22.80751
1487940666,-43.28049,-22.8075
1487940668,-43.28008,-22.80749
1487940684,-43.27706,-22.80752
1487940695,-43.2748,-22.80862
1487940700,-43.2741,-22.80908
1487940701,-43.27375,-22.80931
1487940703,-43.27341,-22.80954
1487940704,-43.27324,-22.80964
1487940708,-43.27272,-22.80997
1487940709,-43.27239,-22.8102
1487940732,-43.26918,-22.81327
1487940736,-43.26871,-22.81363
1487940741,-43.26784,-22.81418
1487940744,-43.26708,-22.81455
1487940747,-43.26649,-22.8148
1487940750,-43.2659,-22.81505
1487940754,-43.26532,-22.81528
1487940755,-43.26493,-22.81543
1487940769,-43.26238,-22.81681
1487940779,-43.26054,-22.818
1487940784,-43.25958,-22.81852
1487940790,-43.2584,-22.81901
1487940792,-43.25822,-22.81911
1487940793,-43.25787,-22.81932
1487940795,-43.2577,-22.81945
1487940798,-43.25724,-22.81985
1487940799,-43.25709,-22.82
1487940813,-43.25455,-22.82165
1487940818,-43.25379,-22.82193
1487940822,-43.25296,-22.82237
1487940826,-43.25254,-22.82274
1487940829,-43.25204,-22.82332
1487940833,-43.25179,-22.82382
1487940834,-43.25165,-22.82418
1487940835,-43.2516,-22.82436
1487940836,-43.25154,-22.82454
1487940838,-43.25145,-22.82492
1487940863,-43.24896,-22.82907
1487940867,-43.24846,-22.82946
1487940868,-43.24813,-22.82973
1487940872,-43.24768,-22.83017
1487940873,-43.24744,-22.83051
1487940877,-43.24707,-22.8312
1487940879,-43.24698,-22.83138
1487940880,-43.2468,-22.83173
1487940885,-43.24635,-22.8326
1487940903,-43.24492,-22.83548
1487940905,-43.24476,-22.83582
1487940906,-43.24458,-22.83615
1487940908,-43.24442,-22.83647
1487940912,-43.2441,-22.83698
1487940915,-43.24361,-22.83762
1487940919,-43.24306,-22.83822
1487940921,-43.24278,-22.83852
1487940923,-43.2425,-22.83883
1487940936,-43.24094,-22.84038
1487940946,-43.23964,-22.84202
1487940949,-43.23958,-22.84237
1487940956,-43.23965,-22.84379
1487940958,-43.23967,-22.84397
1487940961,-43.23976,-22.84464
1487940963,-43.23984,-22.84496
1487940966,-43.23994,-22.84526
1487940967,-43.24007,-22.84556
1487940985,-43.24117,-22.8481
1487940987,-43.24119,-22.84841
1487940991,-43.24116,-22.84901
1487940995,-43.24102,-22.84961
1487941001,-43.24073,-22.85038
1487941002,-43.24059,-22.85068
1487941004,-43.24048,-22.85099
1487941007,-43.24035,-22.85127
1487941009,-43.24022,-22.85157
1487941010,-43.2401,-22.85187
1487941035,-43.23855,-22.85578
1487941036,-43.23845,-22.85613
1487941043,-43.23817,-22.85724
1487941044,-43.2381,-22.85762
1487941045,-43.23806,-22.8578
1487941047,-43.23799,-22.85818
1487941051,-43.23784,-22.85891
1487941053,-43.23778,-22.85927
1487941079,-43.23561,-22.86317
1487941080,-43.23544,-22.86329
1487941083,-43.2351,-22.86351
1487941085,-43.23461,-22.86384
1487941087,-43.23446,-22.86396
1487941090,-43.23406,-22.86432
1487941091,-43.23383,-22.86461
1487941093,-43.23365,-22.86491
1487941095,-43.23351,-22.86523
1487941119,-43.23293,-22.86729
1487941121,-43.23337,-22.86681
1487941131,-43.23337,-22.86681
1487941160,-43.23174,-22.87485
1487941170,-43.23174,-22.87485
1487941180,-43.23334,-22.87485
1487941208,-43.23095,-22.88098
1487941220,-43.23095,-22.88098
1487941222,-43.23057,-22.8802
1487941247,-43.22539,-22.88768
1487941252,-43.22473,-22.88849
1487941260,-43.22392,-22.88953
1487941262,-43.22374,-22.88975
1487941265,-43.22348,-22.89006
1487941282,-43.22166,-22.89008
1487941292,-43.22033,-22.88949
1487941294,-43.22015,-22.88934
1487941299,-43.21969,-22.88919
1487941303,-43.21904,-22.88913
1487941306,-43.21868,-22.88901
1487941308,-43.21845,-22.88889
1487941310,-43.21822,-22.88874
1487941326,-43.21747,-22.88672
1487941328,-43.21744,-22.88642
1487941336,-43.21711,-22.88538
1487941338,-43.21679,-22.88496
1487941343,-43.21618,-22.88429
1487941345,-43.21593,-22.88404
1487941347,-43.21569,-22.88377
1487941350,-43.21545,-22.8835
1487941352,-43.21521,-22.88325
1487941375,-43.2123,-22.88015
1487941376,-43.21218,-22.88001
1487941379,-43.21194,-22.87975
1487941381,-43.21158,-22.87936
1487941383,-43.21136,-22.87912
1487941389,-43.21067,-22.87839
1487941391,-43.21045,-22.87815
1487941414,-43.20777,-22.87525
1487941416,-43.20752,-22.87499
1487941422,-43.20677,-22.87418
1487941424,-43.2065,-22.87389
1487941427,-43.20624,-22.87362
1487941428,-43.2061,-22.87348
1487941433,-43.20534,-22.87265
1487941435,-43.20521,-22.87251
1487941436,-43.20495,-22.87225
1487941438,-43.20471,-22.87199
1487941454,-43.20277,-22.87011
1487941457,-43.20217,-22.86967
1487941459,-43.20186,-22.86947
1487941463,-43.2014,-22.8692
1487941464,-43.20106,-22.86904
1487941469,-43.20025,-22.86862
1487941514,-43.19234,-22.8678
1487941516,-43.19177,-22.86785
1487941518,-43.19139,-22.86789
1487941522,-43.19084,-22.86795
1487941531,-43.18903,-22.86808
1487941541,-43.18717,-22.86826
1487941543,-43.18681,-22.8683
1487941545,-43.18644,-22.86833
1487941554,-43.18479,-22.86852
1487941557,-43.18443,-22.86856
1487941558,-43.18409,-22.86859
1487941562,-43.18339,-22.86864
1487941579,-43.18042,-22.86892
1487941589,-43.1789,-22.86902
1487941591,-43.17857,-22.86905
1487941600,-43.17689,-22.8692
1487941604,-43.17639,-22.86925
1487941605,-43.17604,-22.86928
1487941610,-43.17519,-22.86936
1487941631,-43.17165,-22.86967
1487941633,-43.17129,-22.86971
1487941635,-43.17093,-22.86974
1487941638,-43.17055,-22.86978
1487941639,-43.17019,-22.86982
1487941648,-43.16853,-22.86997
1487941655,-43.16727,-22.87008
1487941674,-43.16382,-22.87043
1487941678,-43.16326,-22.87047
1487941680,-43.16271,-22.87051
1487941682,-43.16234,-22.87054
1487941684,-43.16197,-22.87057
1487941689,-43.16116,-22.87066
1487941691,-43.16071,-22.87071
1487941694,-43.16016,-22.87076
1487941727,-43.15441,-22.87129
1487941728,-43.15405,-22.87132
1487941730,-43.15369,-22.87135
1487941734,-43.15313,-22.8714
1487941735,-43.15275,-22.87143
1487941748,-43.15034,-22.87165
1487941755,-43.14903,-22.87177
1487941758,-43.14865,-22.8718
1487941760,-43.14808,-22.87186
1487941764,-43.14731,-22.87192
1487941765,-43.14711,-22.87194
1487941767,-43.1467,-22.87197
1487941772,-43.1457,-22.87206
1487941773,-43.1455,-22.87207
1487941779,-43.14436,-22.87218
1487941791,-43.14208,-22.87239
1487941800,-43.14044,-22.87254
1487941801,-43.14003,-22.87258
1487941802,-43.13983,-22.87258
1487941804,-43.13963,-22.8726
1487941805,-43.13943,-22.87261
1487941806,-43.13904,-22.87265
1487941809,-43.13851,-22.8727
1487941812,-43.13802,-22.87275
1487941814,-43.13742,-22.87281
1487941815,-43.13722,-22.87283
1487941820,-43.1364,-22.87291
1487941821,-43.13621,-22.87293
1487941822,-43.13581,-22.87297
1487941824,-43.1354,-22.873
1487941827,-43.13479,-22.87306
1487941841,-43.13234,-22.87327
1487941852,-43.13031,-22.87346
1487941853,-43.12995,-22.87351
1487941857,-43.12923,-22.87355
1487941861,-43.12869,-22.8736
1487941864,-43.12795,-22.87367
1487941889,-43.12338,-22.87411
1487941897,-43.12181,-22.87446
1487941898,-43.12142,-22.87459
1487941899,-43.12122,-22.87465
1487941900,-43.12103,-22.87471
1487941903,-43.12048,-22.87491
1487941905,-43.12011,-22.87507
1487941907,-43.11978,-22.87523
1487941910,-43.11949,-22.87538
1487941911,-43.11923,-22.87552
1487941923,-43.11794,-22.87634
1487941925,-43.11777,-22.87646
1487941932,-43.1173,-22.8768
1487941937,-43.11686,-22.87713
1487941941,-43.11658,-22.87732
1487941946,-43.11637,-22.87744
1487941976,-43.11602,-22.8777
1487941987,-43.11598,-22.87775
1487941997,-43.11594,-22.87777
1487942027,-43.11584,-22.87784
1487942038,-43.11575,-22.87789
1487942067,-43.11442,-22.87899
1487942068,-43.11427,-22.87917
1487942074,-43.11406,-22.87963
1487942079,-43.114,-22.87998
1487942081,-43.11398,-22.88028
1487942086,-43.11401,-22.88082
1487942092,-43.11418,-22.88142
1487942111,-43.11559,-22.88315
1487942114,-43.11575,-22.88356
1487942119,-43.11572,-22.8841
1487942122,-43.11568,-22.8843
1487942123,-43.11563,-22.88451
1487942127,-43.11553,-22.88493
1487942130,-43.11548,-22.88515
1487942147,-43.11516,-22.88661
1487942154,-43.11505,-22.88705
1487942159,-43.11499,-22.88736
1487942163,-43.1149,-22.88778
1487942170,-43.11479,-22.88827
1487942174,-43.11467,-22.88878
1487942191,-43.11425,-22.89048
1487942194,-43.11418,-22.89077
1487942203,-43.11398,-22.89178
1487942205,-43.1139,-22.8921
1487942208,-43.11383,-22.89237
1487942210,-43.11378,-22.89255
1487942226,-43.11347,-22.89395
1487942236,-43.11296,-22.89519
1487942243,-43.11271,-22.89566
1487942247,-43.11262,-22.89589
1487942249,-43.11252,-22.89615
1487942251,-43.11245,-22.89633
1487942255,-43.11232,-22.89667
1487942258,-43.11224,-22.89693
1487942261,-43.11218,-22.89713
1487942268,-43.11197,-22.89786
1487942281,-43.11185,-22.89868
1487942284,-43.11192,-22.89888
1487942289,-43.112,-22.89916
1487942292,-43.11206,-22.89936
1487942309,-43.11217,-22.8996
1487942320,-43.11218,-22.89962
1487942329,-43.11225,-22.89983
1487942339,-43.11229,-22.89992
1487942364,-43.11177,-22.90044
1487942373,-43.11162,-22.90059
1487942381,-43.11147,-22.90079
1487942414,-43.11031,-22.90031
1487942424,-43.1103,-22.9003
1487942455,-43.1103,-22.9003
1487942465,-43.1103,-22.9003
1487942475,-43.1103,-22.9003
1487942496,-43.1103,-22.9003
1487942511,-43.11026,-22.9
1487942515,-43.11048,-22.89977
1487942541,-43.11067,-22.8997
1487942550,-43.11083,-22.89953
1487942555,-43.11108,-22.89927
1487942577,-43.11208,-22.89729
1487942580,-43.11216,-22.89708
1487942586,-43.11238,-22.89636
1487942591,-43.11243,-22.89601
1487942594,-43.11262,-22.89566
1487942598,-43.11274,-22.89535
1487942627,-43.11364,-22.8929
1487942633,-43.11372,-22.89237
1487942636,-43.11375,-22.89208
1487942640,-43.11382,-22.89178
1487942672,-43.11441,-22.88959
1487942682,-43.1144,-22.88959
1487959596,-43.06337,-22.88187
