1487541553,-43.41586,-22.88181
1487541555,-43.41599,-22.88164
1487541560,-43.41614,-22.88148
1487541570,-43.41629,-22.88138
1487541581,-43.41629,-22.88138
1487541591,-43.41629,-22.88138
1487541601,-43.41628,-22.88131
1487541612,-43.41628,-22.88131
1487541615,-43.41614,-22.88148
1487541618,-43.41599,-22.88165
1487541623,-43.41581,-22.88182
1487541626,-43.41571,-22.88197
1487541630,-43.41559,-22.88213
1487541642,-43.41512,-22.88268
1487541654,-43.4146,-22.88327
1487541658,-43.41448,-22.88341
1487541663,-43.41442,-22.88337
1487541664,-43.41428,-22.88364
1487541672,-43.4141,-22.88383
1487541678,-43.41389,-22.88365
1487541681,-43.4138,-22.88345
1487541683,-43.41355,-22.88333
1487541688,-43.41366,-22.88317
1487541695,-43.41357,-22.88298
1487541699,-43.41347,-22.88277
1487541709,-43.41333,-22.88282
1487541719,-43.41321,-22.88301
1487541725,-43.41307,-22.88315
1487541731,-43.41293,-22.88332
1487541738,-43.4128,-22.88348
1487541745,-43.41265,-22.88363
1487541759,-43.41236,-22.88396
1487541770,-43.41229,-22.88385
1487541780,-43.41229,-22.88385
1487541791,-43.41229,-22.88385
1487541801,-43.41229,-22.88385
1487541809,-43.41225,-22.88375
1487541811,-43.41225,-22.88375
1487541822,-43.41225,-22.88375
1487541832,-43.41225,-22.88375
1487541838,-43.41214,-22.88359
1487541847,-43.41202,-22.88338
1487541853,-43.41194,-22.88318
1487541856,-43.41184,-22.88297
1487541860,-43.41176,-22.88277
1487541865,-43.41165,-22.88257
1487541873,-43.4114,-22.8822
1487541883,-43.41133,-22.88206
1487541888,-43.41111,-22.88208
1487541890,-43.41088,-22.88217
1487541895,-43.41041,-22.88229
1487541897,-43.41014,-22.88236
1487541898,-43.40989,-22.88243
1487541903,-43.40929,-22.88268
1487541910,-43.40849,-22.8832
1487541913,-43.40815,-22.88341
1487541916,-43.40866,-22.88305
1487541919,-43.40745,-22.88378
1487541921,-43.40798,-22.88321
1487541922,-43.40708,-22.88391
1487541925,-43.40682,-22.884
1487541927,-43.40661,-22.88408
1487541939,-43.40635,-22.88418
1487541950,-43.40635,-22.88418
1487541960,-43.40635,-22.88418
1487541970,-43.40606,-22.8843
1487541976,-43.40554,-22.88454
1487541977,-43.40525,-22.88463
1487541980,-43.40477,-22.88469
1487541982,-43.40442,-22.88472
1487541986,-43.40388,-22.88477
1487541988,-43.40364,-22.88481
1487541990,-43.4034,-22.88485
1487542000,-43.40325,-22.88488
1487542007,-43.40304,-22.88491
1487542013,-43.40284,-22.88495
1487542019,-43.40262,-22.885
1487542025,-43.40234,-22.88506
1487542031,-43.4019,-22.88513
1487542037,-43.40146,-22.88522
1487542042,-43.4012,-22.88525
1487542046,-43.40089,-22.88529
1487542050,-43.40061,-22.88535
1487542061,-43.40057,-22.88536
1487542068,-43.40033,-22.88541
1487542072,-43.40009,-22.88547
1487542076,-43.39984,-22.88551
1487542085,-43.39939,-22.8856
1487542089,-43.39917,-22.88561
1487542099,-43.39916,-22.88559
1487542110,-43.39916,-22.88559
1487542120,-43.39916,-22.88559
1487542140,-43.39916,-22.88559
1487542151,-43.39916,-22.88559
1487542161,-43.39916,-22.88559
1487542171,-43.39916,-22.88559
1487542181,-43.39926,-22.88539
1487542185,-43.39953,-22.88531
1487542187,-43.39977,-22.88525
1487542191,-43.40009,-22.88516
1487542195,-43.40017,-22.88488
1487542199,-43.40017,-22.8846
1487542213,-43.39994,-22.88251
1487542215,-43.39987,-22.88217
1487542220,-43.39977,-22.88153
1487542222,-43.39974,-22.88118
1487542223,-43.39974,-22.88099
1487542224,-43.39976,-22.88061
1487542231,-43.4003,-22.87926
1487542233,-43.40058,-22.87888
1487542236,-43.40093,-22.87855
1487542238,-43.40134,-22.87827
1487542239,-43.40179,-22.87803
1487542241,-43.40227,-22.87788
1487542245,-43.40303,-22.87767
1487542247,-43.40351,-22.87746
1487542248,-43.40396,-22.87719
1487542249,-43.40416,-22.87702
1487542254,-43.40483,-22.8763
1487542257,-43.40547,-22.87555
1487542259,-43.40579,-22.87516
1487542261,-43.40595,-22.87498
1487542263,-43.40628,-22.8746
1487542264,-43.40662,-22.87423
1487542270,-43.40751,-22.87333
1487542271,-43.40769,-22.87316
1487542272,-43.40804,-22.87281
1487542276,-43.40854,-22.87232
1487542278,-43.40905,-22.87182
1487542286,-43.41033,-22.87051
1487542287,-43.41049,-22.87036
1487542289,-43.41065,-22.87021
1487542291,-43.411,-22.86992
1487542292,-43.41137,-22.86969
1487542294,-43.41176,-22.8695
1487542297,-43.41211,-22.86935
1487542303,-43.41326,-22.86888
1487542306,-43.41361,-22.86874
1487542307,-43.41397,-22.8686
1487542310,-43.41433,-22.86845
1487542311,-43.41452,-22.86838
1487542312,-43.4149,-22.86821
1487542314,-43.41527,-22.86798
1487542318,-43.41575,-22.86754
1487542319,-43.41603,-22.86721
1487542321,-43.41629,-22.86687
1487542323,-43.41651,-22.86654
1487542326,-43.41668,-22.86623
1487542331,-43.41693,-22.86542
1487542333,-43.41693,-22.86518
1487542335,-43.41691,-22.86493
1487542339,-43.41686,-22.86457
1487542340,-43.41677,-22.86437
1487542342,-43.41661,-22.8642
1487542345,-43.41629,-22.86402
1487542349,-43.41598,-22.86389
1487542352,-43.41558,-22.86374
1487542362,-43.41474,-22.86345
1487542366,-43.41431,-22.8633
1487542368,-43.4141,-22.86322
1487542370,-43.41377,-22.86309
1487542372,-43.41355,-22.863
1487542377,-43.41311,-22.86282
1487542378,-43.41288,-22.86272
1487542380,-43.41265,-22.86263
1487542383,-43.41243,-22.86254
1487542389,-43.41163,-22.8622
1487542392,-43.41141,-22.8621
1487542395,-43.4111,-22.86197
1487542396,-43.4109,-22.86188
1487542398,-43.4107,-22.86178
1487542402,-43.41038,-22.86162
1487542404,-43.41016,-22.86151
1487542411,-43.40929,-22.86107
1487542413,-43.40887,-22.86086
1487542415,-43.4086,-22.86072
1487542420,-43.40803,-22.86044
1487542422,-43.40758,-22.86021
1487542426,-43.40699,-22.85991
1487542429,-43.4067,-22.85975
1487542438,-43.4054,-22.85911
1487542439,-43.40511,-22.85898
1487542445,-43.40444,-22.85864
1487542447,-43.40418,-22.8585
1487542451,-43.4035,-22.85815
1487542458,-43.40273,-22.85773
1487542462,-43.40205,-22.85738
1487542465,-43.40165,-22.85717
1487542468,-43.40138,-22.85703
1487542470,-43.40098,-22.85681
1487542472,-43.40072,-22.85668
1487542475,-43.40046,-22.85655
1487542478,-43.40007,-22.85635
1487542479,-43.39982,-22.85623
1487542482,-43.39942,-22.85603
1487542487,-43.39887,-22.85576
1487542488,-43.39858,-22.85561
1487542490,-43.39828,-22.85547
1487542495,-43.39776,-22.8552
1487542496,-43.39757,-22.85511
1487542500,-43.39728,-22.85496
1487542511,-43.39714,-22.85486
1487542521,-43.39702,-22.85479
1487542524,-43.39684,-22.8547
1487542532,-43.39629,-22.85441
1487542539,-43.39556,-22.85405
1487542540,-43.39531,-22.85393
1487542543,-43.39493,-22.85375
1487542549,-43.39429,-22.85343
1487542551,-43.39406,-22.85332
1487542554,-43.39363,-22.85312
1487542557,-43.39342,-22.85303
1487542561,-43.39283,-22.85284
1487542567,-43.39226,-22.85273
1487542568,-43.39202,-22.85269
1487542573,-43.39141,-22.8526
1487542576,-43.39115,-22.85256
1487542578,-43.39076,-22.85249
1487542581,-43.39034,-22.85242
1487542586,-43.38978,-22.85234
1487542587,-43.3895,-22.85229
1487542589,-43.38923,-22.85224
1487542592,-43.38898,-22.8522
1487542595,-43.38863,-22.85213
1487542598,-43.38822,-22.85205
1487542601,-43.38801,-22.85201
1487542604,-43.38776,-22.85195
1487542606,-43.38753,-22.85189
1487542615,-43.38695,-22.85168
1487542622,-43.38649,-22.85147
1487542625,-43.38627,-22.85137
1487542629,-43.38602,-22.85124
1487542632,-43.38573,-22.85108
1487542635,-43.38536,-22.85082
1487542638,-43.38507,-22.85059
1487542642,-43.38483,-22.85039
1487542644,-43.38459,-22.85019
1487542653,-43.38413,-22.84975
1487542657,-43.38392,-22.84955
1487542660,-43.38369,-22.84932
1487542663,-43.38348,-22.84913
1487542669,-43.38309,-22.8488
1487542673,-43.38261,-22.84847
1487542676,-43.3824,-22.84832
1487542678,-43.38217,-22.84817
1487542681,-43.38166,-22.84783
1487542684,-43.38141,-22.84767
1487542689,-43.38061,-22.84717
1487542692,-43.3802,-22.84691
1487542694,-43.37994,-22.84675
1487542697,-43.37967,-22.84659
1487542699,-43.37938,-22.84641
1487542700,-43.37906,-22.84621
1487542703,-43.37859,-22.84591
1487542706,-43.37827,-22.84571
1487542716,-43.37667,-22.84475
1487542717,-43.37636,-22.84456
1487542720,-43.37591,-22.84428
1487542723,-43.3756,-22.8441
1487542724,-43.37528,-22.84391
1487542726,-43.37497,-22.84372
1487542729,-43.37451,-22.84344
1487542733,-43.37387,-22.84304
1487542740,-43.37295,-22.84248
1487542741,-43.37265,-22.84228
1487542746,-43.37203,-22.84189
1487542750,-43.37127,-22.84142
1487542753,-43.37079,-22.84111
1487542756,-43.37047,-22.84091
1487542757,-43.37016,-22.8407
1487542759,-43.36983,-22.84049
1487542761,-43.36951,-22.84028
1487542764,-43.36917,-22.84007
1487542768,-43.36837,-22.8396
1487542771,-43.36807,-22.83942
1487542774,-43.3675,-22.83908
1487542778,-43.36696,-22.83876
1487542782,-43.36655,-22.83852
1487542783,-43.36628,-22.83836
1487542791,-43.36528,-22.83775
1487542794,-43.3647,-22.83739
1487542796,-43.3644,-22.83721
1487542800,-43.36394,-22.83694
1487542802,-43.36374,-22.83693
1487542803,-43.36335,-22.83657
1487542805,-43.36304,-22.83638
1487542811,-43.36206,-22.83576
1487542817,-43.36103,-22.83512
1487542821,-43.36047,-22.8348
1487542822,-43.3601,-22.83462
1487542823,-43.3599,-22.83452
1487542827,-43.35932,-22.83425
1487542830,-43.3585,-22.8339
1487542833,-43.35807,-22.83374
1487542834,-43.35764,-22.83359
1487542836,-43.35723,-22.83343
1487542840,-43.35659,-22.8332
1487542841,-43.35638,-22.83312
1487542847,-43.35512,-22.83266
1487542849,-43.35471,-22.83251
1487542850,-43.35431,-22.83236
1487542852,-43.35396,-22.83223
1487542856,-43.35342,-22.83203
1487542857,-43.35305,-22.83189
1487542862,-43.35229,-22.83161
1487542865,-43.35155,-22.83132
1487542866,-43.35136,-22.83124
1487542869,-43.35098,-22.83109
1487542871,-43.3506,-22.83095
1487542872,-43.35022,-22.83081
1487542874,-43.34985,-22.83067
1487542877,-43.34948,-22.83054
1487542879,-43.34912,-22.8304
1487542880,-43.34874,-22.83026
1487542882,-43.34838,-22.83013
1487542887,-43.3477,-22.82987
1487542889,-43.34721,-22.82969
1487542891,-43.34689,-22.82957
1487542894,-43.34642,-22.82939
1487542899,-43.3456,-22.82908
1487542901,-43.34527,-22.82895
1487542911,-43.3437,-22.82838
1487542912,-43.34352,-22.82831
1487542913,-43.34314,-22.82817
1487542918,-43.34238,-22.82788
1487542920,-43.34177,-22.82766
1487542922,-43.34156,-22.82758
1487542923,-43.34136,-22.8275
1487542926,-43.34055,-22.82719
1487542929,-43.34014,-22.82704
1487542930,-43.33993,-22.82696
1487542931,-43.33951,-22.8268
1487542934,-43.33909,-22.82665
1487542937,-43.33824,-22.82635
1487542939,-43.33783,-22.82619
1487542941,-43.33742,-22.82604
1487542944,-43.33701,-22.82588
1487542946,-43.33662,-22.82574
1487542949,-43.33584,-22.82546
1487542951,-43.33563,-22.82539
1487542953,-43.33519,-22.82524
1487542954,-43.33496,-22.82516
1487542955,-43.33447,-22.825
1487542960,-43.33343,-22.82467
1487542962,-43.33292,-22.8245
1487542966,-43.33189,-22.82415
1487542968,-43.33138,-22.82398
1487542969,-43.33087,-22.82381
1487542976,-43.32934,-22.82332
1487542977,-43.32908,-22.82324
1487542978,-43.32854,-22.82307
1487542980,-43.32799,-22.82289
1487542983,-43.32715,-22.82263
1487542986,-43.3263,-22.82236
1487542990,-43.32546,-22.8221
1487542991,-43.3249,-22.82191
1487542992,-43.32462,-22.82182
1487542995,-43.32406,-22.82164
1487542999,-43.32276,-22.82124
1487543001,-43.32225,-22.82107
1487543004,-43.32175,-22.8209
1487543006,-43.32123,-22.82072
1487543007,-43.32071,-22.82054
1487543009,-43.32021,-22.82037
1487543011,-43.31969,-22.82021
1487543015,-43.31864,-22.82
1487543019,-43.3176,-22.81989
1487543024,-43.31659,-22.81988
1487543026,-43.31583,-22.8199
1487543028,-43.31557,-22.81991
1487543030,-43.31506,-22.81993
1487543031,-43.31455,-22.81995
1487543033,-43.31403,-22.81995
1487543037,-43.31329,-22.81997
1487543038,-43.31305,-22.81997
1487543039,-43.31257,-22.81995
1487543040,-43.31233,-22.81993
1487543043,-43.31185,-22.81985
1487543044,-43.31162,-22.8198
1487543046,-43.31097,-22.81964
1487543048,-43.31077,-22.81957
1487543050,-43.31038,-22.81942
1487543056,-43.30925,-22.81885
1487543060,-43.30826,-22.81824
1487543062,-43.30784,-22.81797
1487543064,-43.30763,-22.81784
1487543067,-43.30696,-22.81743
1487543070,-43.30622,-22.81707
1487543072,-43.30571,-22.81685
1487543076,-43.30464,-22.81648
1487543077,-43.30409,-22.81632
1487543079,-43.30351,-22.81618
1487543083,-43.30268,-22.81598
1487543084,-43.30213,-22.81586
1487543090,-43.30074,-22.81556
1487543091,-43.30019,-22.81543
1487543093,-43.29967,-22.8153
1487543095,-43.29916,-22.81518
1487543098,-43.2984,-22.815
1487543099,-43.29814,-22.81494
1487543101,-43.29763,-22.81482
1487543103,-43.29715,-22.81471
1487543106,-43.29666,-22.8146
1487543107,-43.29619,-22.8145
1487543112,-43.29522,-22.81438
1487543113,-43.29471,-22.81439
1487543115,-43.29446,-22.81441
1487543116,-43.29399,-22.8145
1487543121,-43.29274,-22.81484
1487543122,-43.2925,-22.8149
1487543125,-43.292,-22.81503
1487543128,-43.29099,-22.8153
1487543132,-43.29026,-22.8155
1487543133,-43.29002,-22.81557
1487543138,-43.28884,-22.81602
1487543139,-43.28837,-22.81629
1487543143,-43.28745,-22.81694
1487543146,-43.28701,-22.81728
1487543148,-43.28637,-22.81778
1487543149,-43.28616,-22.81794
1487543152,-43.28575,-22.81826
1487543154,-43.28536,-22.81858
1487543156,-43.28479,-22.81901
1487543159,-43.28444,-22.81928
1487543161,-43.28412,-22.81952
1487543163,-43.28366,-22.81989
1487543166,-43.28334,-22.82014
1487543168,-43.28301,-22.8204
1487543173,-43.28197,-22.82121
1487543176,-43.28163,-22.82147
1487543178,-43.2813,-22.82172
1487543179,-43.28101,-22.82195
1487543180,-43.28084,-22.82208
1487543185,-43.28017,-22.8226
1487543186,-43.27981,-22.82288
1487543187,-43.27964,-22.82301
1487543192,-43.27889,-22.8236
1487543194,-43.27828,-22.82406
1487543196,-43.27788,-22.82437
1487543199,-43.2775,-22.82468
1487543200,-43.27716,-22.82494
1487543203,-43.27666,-22.82534
1487543205,-43.2765,-22.82547
1487543206,-43.27615,-22.82575
1487543212,-43.27526,-22.82645
1487543213,-43.2749,-22.82674
1487543214,-43.27472,-22.82688
1487543219,-43.27394,-22.82748
1487543222,-43.27317,-22.82809
1487543224,-43.27276,-22.8284
1487543226,-43.27257,-22.82855
1487543227,-43.27237,-22.82871
1487543228,-43.27197,-22.82902
1487543233,-43.27118,-22.82964
1487543236,-43.2704,-22.83023
1487543240,-43.2698,-22.83062
1487543241,-43.26941,-22.83086
1487543243,-43.26922,-22.83097
1487543244,-43.26902,-22.83107
1487543245,-43.26864,-22.83127
1487543249,-43.26787,-22.83169
1487543252,-43.26746,-22.83192
1487543254,-43.26704,-22.83215
1487543255,-43.26663,-22.83237
1487543262,-43.26547,-22.83299
1487543265,-43.26474,-22.83339
1487543267,-43.26438,-22.83358
1487543270,-43.26402,-22.83378
1487543272,-43.26366,-22.83397
1487543276,-43.26279,-22.83443
1487543278,-43.26262,-22.83452
1487543280,-43.26226,-22.83471
1487543281,-43.26207,-22.83481
1487543284,-43.26135,-22.8352
1487543287,-43.26096,-22.83541
1487543291,-43.26001,-22.83593
1487543296,-43.25929,-22.83631
1487543297,-43.25911,-22.83641
1487543298,-43.25876,-22.8366
1487543300,-43.25838,-22.8368
1487543303,-43.25803,-22.83699
1487543305,-43.25766,-22.83719
1487543306,-43.25727,-22.83741
1487543308,-43.25689,-22.83762
1487543310,-43.25649,-22.83783
1487543313,-43.25609,-22.83805
1487543318,-43.25492,-22.83884
1487543325,-43.25375,-22.83997
1487543327,-43.2536,-22.84013
1487543329,-43.25329,-22.84046
1487543330,-43.25299,-22.84079
1487543332,-43.25269,-22.84111
1487543334,-43.25255,-22.84127
1487543336,-43.25224,-22.8416
1487543337,-43.25209,-22.84176
1487543345,-43.25084,-22.84313
1487543346,-43.25071,-22.84328
1487543347,-43.25059,-22.84342
1487543350,-43.25031,-22.84371
1487543352,-43.24987,-22.84418
1487543353,-43.24973,-22.84435
1487543356,-43.24942,-22.84468
1487543358,-43.2491,-22.84502
1487543359,-43.24878,-22.84537
1487543362,-43.24847,-22.84571
1487543366,-43.24782,-22.84663
1487543368,-43.24772,-22.84683
1487543370,-43.24753,-22.84725
1487543371,-43.24745,-22.84747
1487543376,-43.2472,-22.8486
1487543377,-43.24718,-22.84904
1487543379,-43.2472,-22.84949
1487543381,-43.24726,-22.84992
1487543384,-43.24735,-22.85034
1487543386,-43.24743,-22.8508
1487543389,-43.24758,-22.85168
1487543391,-43.24761,-22.85211
1487543393,-43.24763,-22.85231
1487543396,-43.24766,-22.8531
1487543397,-43.24767,-22.85329
1487543399,-43.24767,-22.85348
1487543402,-43.24772,-22.85406
1487543403,-43.24776,-22.85442
1487543405,-43.24778,-22.85481
1487543410,-43.24779,-22.85583
1487543412,-43.24777,-22.85623
1487543416,-43.24777,-22.85687
1487543417,-43.24777,-22.8573
1487543421,-43.24778,-22.85792
1487543424,-43.2478,-22.85851
1487543425,-43.24781,-22.85888
1487543427,-43.24782,-22.85926
1487543430,-43.24784,-22.85964
1487543433,-43.24788,-22.86037
1487543441,-43.24792,-22.86188
1487543443,-43.24793,-22.86229
1487543446,-43.24793,-22.86291
1487543455,-43.24792,-22.86486
1487543456,-43.2479,-22.86508
1487543460,-43.24777,-22.86596
1487543461,-43.24774,-22.86619
1487543464,-43.24767,-22.86663
1487543466,-43.2476,-22.86708
1487543467,-43.24796,-22.86727
1487543469,-43.24744,-22.86798
1487543473,-43.24725,-22.86887
1487543474,-43.24719,-22.86909
1487543476,-43.24704,-22.86953
1487543482,-43.24646,-22.87079
1487543489,-43.24566,-22.87196
1487543491,-43.24522,-22.87253
1487543493,-43.24508,-22.87272
1487543495,-43.24478,-22.8731
1487543496,-43.24449,-22.87348
1487543498,-43.24421,-22.87384
1487543502,-43.24381,-22.87437
1487543503,-43.24354,-22.87473
1487543505,-43.24327,-22.87507
1487543508,-43.24301,-22.8754
1487543511,-43.24249,-22.87608
1487543517,-43.24185,-22.87692
1487543518,-43.24173,-22.87709
1487543521,-43.24123,-22.87777
1487543523,-43.24099,-22.87812
1487543526,-43.24074,-22.87848
1487543527,-43.24062,-22.87865
1487543530,-43.24014,-22.87936
1487543533,-43.2399,-22.8797
1487543535,-43.23967,-22.88004
1487543536,-43.23944,-22.88037
1487543539,-43.23913,-22.88084
1487543543,-43.23879,-22.88132
1487543546,-43.23827,-22.88196
1487543548,-43.23801,-22.88228
1487543550,-43.23788,-22.88243
1487543552,-43.23763,-22.88272
1487543553,-43.2374,-22.88299
1487543556,-43.23707,-22.88336
1487543558,-43.23687,-22.8836
1487543561,-43.23656,-22.88396
1487543564,-43.23625,-22.88429
1487543567,-43.23604,-22.88452
1487543574,-43.2353,-22.88531
1487543577,-43.23501,-22.88563
1487543578,-43.23483,-22.88584
1487543580,-43.23464,-22.88606
1487543583,-43.23446,-22.88627
1487543586,-43.23417,-22.88655
1487543587,-43.23396,-22.88673
1487543591,-43.23344,-22.88705
1487543599,-43.23222,-22.88741
1487543607,-43.23108,-22.88735
1487543610,-43.23066,-22.88722
1487543613,-43.23039,-22.8871
1487543615,-43.23013,-22.88695
1487543616,-43.22987,-22.88678
1487543622,-43.22926,-22.88631
1487543624,-43.22902,-22.88612
1487543626,-43.22869,-22.88585
1487543629,-43.22836,-22.88559
1487543636,-43.22762,-22.88518
1487543639,-43.2274,-22.88534
1487543642,-43.22722,-22.88549
1487543645,-43.22687,-22.88584
1487543647,-43.22674,-22.88602
1487543650,-43.22653,-22.88628
1487543653,-43.22638,-22.88645
1487543657,-43.226,-22.88691
1487543659,-43.22583,-22.88712
1487543662,-43.2256,-22.8874
1487543665,-43.22544,-22.88756
1487543668,-43.22551,-22.88787
1487543669,-43.22514,-22.88793
1487543674,-43.22478,-22.8884
1487543677,-43.22455,-22.88873
1487543680,-43.22431,-22.88904
1487543685,-43.22401,-22.88942
1487543688,-43.22379,-22.8897
1487543691,-43.22361,-22.88995
1487543694,-43.22341,-22.89023
1487543704,-43.22326,-22.89034
1487543714,-43.22326,-22.89034
1487543728,-43.22272,-22.89105
1487543729,-43.22248,-22.89113
1487543730,-43.22248,-22.89136
1487543734,-43.22225,-22.89165
1487543737,-43.22192,-22.89205
1487543739,-43.22178,-22.89221
1487543742,-43.22165,-22.89239
1487543744,-43.22149,-22.89258
1487543745,-43.22134,-22.89278
1487543747,-43.22121,-22.89298
1487543751,-43.22097,-22.89326
1487543754,-43.22074,-22.89349
1487543764,-43.22064,-22.89357
1487543774,-43.22052,-22.89376
1487543780,-43.22022,-22.89416
1487543781,-43.22009,-22.89433
1487543784,-43.21992,-22.89455
1487543789,-43.21983,-22.89473
1487543797,-43.22042,-22.89541
1487543799,-43.22063,-22.89566
1487543802,-43.22081,-22.8959
1487543806,-43.22131,-22.89646
1487543808,-43.22151,-22.89669
1487543810,-43.22169,-22.89692
1487543813,-43.22185,-22.89713
1487543815,-43.22204,-22.89737
1487543818,-43.22217,-22.89754
1487543827,-43.22245,-22.89786
1487543830,-43.22256,-22.89802
1487543833,-43.2227,-22.89818
1487543837,-43.22286,-22.89837
1487543841,-43.2229,-22.89858
1487543844,-43.22274,-22.8988
1487543850,-43.22227,-22.89921
1487543854,-43.22204,-22.89918
1487543856,-43.22185,-22.89913
1487543857,-43.22162,-22.89907
1487543862,-43.22102,-22.89894
1487543865,-43.22082,-22.89889
1487543868,-43.22056,-22.89881
1487543870,-43.22032,-22.89873
1487543874,-43.21998,-22.89862
1487543877,-43.21968,-22.89848
1487543881,-43.21942,-22.89837
1487543884,-43.21919,-22.89826
1487543897,-43.21879,-22.89851
1487543900,-43.21859,-22.89879
1487543906,-43.21826,-22.89928
1487543911,-43.21803,-22.89955
1487543914,-43.21778,-22.89991
1487543916,-43.21767,-22.90009
1487543918,-43.21755,-22.90028
1487543921,-43.21743,-22.90046
1487543926,-43.21713,-22.90091
1487543936,-43.21703,-22.90105
1487543942,-43.21704,-22.90124
1487543944,-43.21718,-22.90148
1487543946,-43.21736,-22.90172
1487543948,-43.21751,-22.90197
1487543952,-43.21785,-22.90244
1487543954,-43.21802,-22.90263
1487543973,-43.21879,-22.9039
1487543977,-43.21913,-22.90381
1487543979,-43.21938,-22.90381
1487543982,-43.21964,-22.90379
1487543985,-43.21983,-22.90377
1487543988,-43.22008,-22.90375
1487543993,-43.22059,-22.90367
1487543998,-43.22094,-22.90361
1487544000,-43.22118,-22.90359
1487544003,-43.22141,-22.90357
1487544014,-43.22135,-22.90354
1487544025,-43.22125,-22.90353
1487544037,-43.22125,-22.90353
1487544047,-43.22125,-22.90353
1487544058,-43.22125,-22.90353
1487544079,-43.22125,-22.90353
1487544091,-43.22127,-22.90369
1487544105,-43.22125,-22.90353
1487544115,-43.22125,-22.90353
1487544120,-43.22135,-22.90381
1487544121,-43.22125,-22.90353
1487544137,-43.22193,-22.90339
1487544141,-43.22216,-22.90335
1487544146,-43.22219,-22.90316
1487544151,-43.22222,-22.90296
1487544157,-43.22211,-22.90278
1487544164,-43.22199,-22.90262
1487544177,-43.22212,-22.90211
1487544180,-43.22226,-22.90187
1487544185,-43.22231,-22.90159
1487544189,-43.22241,-22.90131
1487544192,-43.22254,-22.901
1487544195,-43.22262,-22.90076
1487544200,-43.22278,-22.90054
1487544204,-43.22295,-22.90035
1487544214,-43.22298,-22.90031
1487544225,-43.22298,-22.90031
1487544231,-43.22309,-22.90014
1487544237,-43.22291,-22.89991
1487544240,-43.2227,-22.89971
1487544245,-43.22227,-22.8993
1487544251,-43.22177,-22.89913
1487544254,-43.22154,-22.89906
1487544257,-43.22135,-22.899
1487544258,-43.22115,-22.89896
1487544263,-43.22067,-22.89885
1487544268,-43.22034,-22.89874
1487544273,-43.21986,-22.89855
1487544275,-43.21968,-22.89847
1487544279,-43.21944,-22.89835
1487544282,-43.21926,-22.89827
1487544283,-43.21906,-22.89817
1487544287,-43.21863,-22.89795
1487544288,-43.21844,-22.89782
1487544291,-43.2183,-22.89764
1487544301,-43.2183,-22.89761
1487544312,-43.2183,-22.89761
1487544326,-43.2183,-22.89761
1487544337,-43.2183,-22.89761
1487544339,-43.21825,-22.89739
1487544349,-43.21885,-22.8962
1487544353,-43.21909,-22.89583
1487544357,-43.21942,-22.89531
1487544359,-43.21958,-22.89505
1487544363,-43.22008,-22.89427
1487544364,-43.22021,-22.89411
1487544367,-43.22044,-22.8938
1487544369,-43.22068,-22.89349
1487544371,-43.22106,-22.89305
1487544375,-43.22145,-22.89261
1487544378,-43.22195,-22.892
1487544382,-43.22235,-22.89153
1487544383,-43.22263,-22.89121
1487544385,-43.22289,-22.89091
1487544387,-43.22316,-22.89058
1487544390,-43.22343,-22.89025
1487544392,-43.22371,-22.8899
1487544395,-43.22425,-22.88919
1487544400,-43.22482,-22.88844
1487544401,-43.22497,-22.88826
1487544403,-43.22541,-22.88773
1487544406,-43.2257,-22.88738
1487544408,-43.22599,-22.88702
1487544410,-43.2264,-22.88651
1487544413,-43.22668,-22.88616
1487544416,-43.22723,-22.88547
1487544420,-43.22763,-22.88497
1487544421,-43.22789,-22.88465
1487544423,-43.22816,-22.88432
1487544425,-43.22843,-22.88399
1487544428,-43.2287,-22.88366
1487544429,-43.22885,-22.8835
1487544431,-43.2293,-22.88306
1487544434,-43.22959,-22.88275
1487544438,-43.23018,-22.88198
1487544444,-43.23083,-22.88101
1487544446,-43.23103,-22.88068
1487544449,-43.23124,-22.88038
1487544450,-43.23144,-22.88007
1487544454,-43.2318,-22.87938
1487544456,-43.23188,-22.87919
1487544458,-43.23207,-22.87861
1487544463,-43.23224,-22.87781
1487544466,-43.23232,-22.87702
1487544471,-43.23231,-22.87608
1487544472,-43.2323,-22.87589
1487544476,-43.23225,-22.87515
1487544477,-43.23224,-22.87496
1487544483,-43.23216,-22.87377
1487544488,-43.23215,-22.87273
1487544489,-43.23217,-22.87252
1487544491,-43.23221,-22.87209
1487544493,-43.23225,-22.87188
1487544496,-43.23236,-22.87104
1487544498,-43.23242,-22.87061
1487544502,-43.2325,-22.86998
1487544503,-43.23252,-22.86977
1487544504,-43.23258,-22.86935
1487544509,-43.23268,-22.86851
1487544511,-43.23276,-22.8679
1487544515,-43.23284,-22.86728
1487544516,-43.23291,-22.86686
1487544517,-43.23295,-22.86664
1487544521,-43.23312,-22.86601
1487544522,-43.23325,-22.86562
1487544528,-43.23363,-22.86474
1487544530,-43.23384,-22.86444
1487544531,-43.23411,-22.86415
1487544534,-43.23442,-22.86387
1487544535,-43.2346,-22.86375
1487544536,-43.23496,-22.86351
1487544537,-43.23515,-22.86339
1487544542,-43.23583,-22.86289
1487544546,-43.23654,-22.86216
1487544549,-43.23678,-22.86182
1487544551,-43.23706,-22.86131
1487544555,-43.23729,-22.8608
1487544556,-43.23739,-22.86045
1487544559,-43.23752,-22.85994
1487544562,-43.23762,-22.85945
1487544566,-43.23775,-22.85876
1487544572,-43.23794,-22.85786
1487544574,-43.23805,-22.8573
1487544578,-43.23817,-22.85672
1487544581,-43.23838,-22.85593
1487544583,-43.2385,-22.85554
1487544586,-43.23864,-22.85517
1487544591,-43.23907,-22.85409
1487544595,-43.23928,-22.85357
1487544598,-43.23958,-22.85289
1487544600,-43.23972,-22.85254
1487544602,-43.23979,-22.85236
1487544603,-43.23986,-22.85219
1487544604,-43.24,-22.85184
1487544609,-43.2403,-22.8511
1487544613,-43.24066,-22.85019
1487544616,-43.24079,-22.84985
1487544620,-43.24101,-22.84898
1487544623,-43.24104,-22.8486
1487544625,-43.24102,-22.84802
1487544626,-43.24099,-22.84783
1487544628,-43.2409,-22.84744
1487544630,-43.24082,-22.84724
1487544631,-43.24074,-22.84705
1487544638,-43.23991,-22.84557
1487544649,-43.23949,-22.84355
1487544652,-43.23945,-22.84317
1487544653,-43.23943,-22.84279
1487544655,-43.23944,-22.84243
1487544657,-43.23946,-22.84225
1487544658,-43.2395,-22.84206
1487544659,-43.23955,-22.84188
1487544666,-43.24022,-22.84079
1487544669,-43.24083,-22.84027
1487544671,-43.24113,-22.84003
1487544674,-43.24144,-22.83979
1487544675,-43.2417,-22.83953
1487544677,-43.24187,-22.83925
1487544679,-43.242,-22.83892
1487544682,-43.24205,-22.83859
1487544683,-43.24203,-22.83822
1487544686,-43.24189,-22.83769
1487544688,-43.24176,-22.83732
1487544691,-43.24159,-22.83696
1487544694,-43.24122,-22.83625
1487544697,-43.24102,-22.83591
1487544698,-43.24093,-22.83575
1487544701,-43.24063,-22.83527
1487544703,-43.24042,-22.83497
1487544704,-43.2402,-22.83467
1487544706,-43.23997,-22.8344
1487544708,-43.23971,-22.83413
1487544711,-43.23943,-22.8339
1487544720,-43.23798,-22.83283
1487544723,-43.23775,-22.83263
1487544727,-43.2372,-22.83205
1487544730,-43.23703,-22.83179
1487544731,-43.23689,-22.83152
1487544733,-43.23677,-22.83126
1487544736,-43.2366,-22.83086
1487544739,-43.23647,-22.83061
1487544741,-43.23623,-22.83024
1487544750,-43.23567,-22.82931
1487544752,-43.23553,-22.82912
1487544754,-43.2353,-22.82884
1487544756,-43.23516,-22.82866
1487544759,-43.235,-22.82846
1487544760,-43.23483,-22.82826
1487544763,-43.23457,-22.82793
1487544769,-43.23412,-22.82726
1487544774,-43.23366,-22.8268
1487544776,-43.23343,-22.82666
1487544783,-43.23272,-22.82605
1487544784,-43.2325,-22.82581
1487544786,-43.23228,-22.82559
1487544789,-43.23203,-22.8254
1487544791,-43.23177,-22.82521
1487544792,-43.23152,-22.82504
1487544794,-43.23129,-22.82484
1487544797,-43.23101,-22.82447
1487544803,-43.23091,-22.82363
1487544805,-43.23098,-22.82331
1487544808,-43.2311,-22.823
1487544810,-43.23139,-22.82253
1487544815,-43.23199,-22.822
1487544818,-43.2325,-22.82164
1487544819,-43.23285,-22.82141
1487544821,-43.23317,-22.8212
1487544827,-43.23415,-22.82054
1487544829,-43.23446,-22.82034
1487544832,-43.23476,-22.82014
1487544837,-43.23567,-22.81954
1487544842,-43.23625,-22.81914
1487544845,-43.23672,-22.81883
1487544846,-43.23702,-22.81863
1487544848,-43.23732,-22.81843
1487544851,-43.23761,-22.81824
1487544852,-43.23788,-22.81806
1487544855,-43.23826,-22.81781
1487544858,-43.23861,-22.81757
1487544867,-43.23941,-22.81703
1487544871,-43.23957,-22.81693
1487544874,-43.23975,-22.81681
1487544876,-43.23997,-22.81667
1487544879,-43.24022,-22.81651
1487544882,-43.2404,-22.81639
1487544884,-43.24059,-22.81627
1487544885,-43.24075,-22.81617
1487544888,-43.24097,-22.81602
1487544895,-43.24151,-22.81567
1487544897,-43.24179,-22.81548
1487544905,-43.24252,-22.81501
1487544907,-43.24276,-22.81485
1487544910,-43.24324,-22.8145
1487544914,-43.24355,-22.81423
1487544919,-43.24406,-22.8137
1487544922,-43.24421,-22.81354
1487544925,-43.24443,-22.81334
1487544927,-43.24464,-22.81317
1487544930,-43.24489,-22.81307
1487544933,-43.24515,-22.813
1487544937,-43.24552,-22.81289
1487544941,-43.24576,-22.81277
1487544951,-43.24622,-22.81257
1487544963,-43.24662,-22.8128
1487544973,-43.24664,-22.81293
1487544983,-43.24666,-22.81302
1487544992,-43.24665,-22.81322
1487545012,-43.24678,-22.81355
1487545022,-43.24684,-22.81372
1487545033,-43.24684,-22.81372
