1488992146,-38.34618,-12.9199
1488992155,-38.3454,-12.91883
1488992157,-38.34521,-12.91829
1488992159,-38.34514,-12.91799
1488992161,-38.34511,-12.9177
1488992164,-38.34511,-12.9174
1488992167,-38.34523,-12.9168
1488992170,-38.34539,-12.91642
1488992174,-38.3455,-12.91622
1488992179,-38.34573,-12.91625
1488992182,-38.3457,-12.91654
1488992193,-38.34556,-12.91787
1488992200,-38.3458,-12.91876
1488992202,-38.34592,-12.91895
1488992203,-38.34603,-12.91912
1488992206,-38.34622,-12.91938
1488992209,-38.34638,-12.91955
1488992215,-38.34706,-12.92004
1488992220,-38.34759,-12.92026
1488992223,-38.34824,-12.92044
1488992226,-38.34858,-12.92053
1488992228,-38.34891,-12.92061
1488992231,-38.34937,-12.92072
1488992232,-38.34966,-12.9208
1488992235,-38.35009,-12.92092
1488992238,-38.35037,-12.92099
1488992243,-38.35108,-12.92117
1488992247,-38.35178,-12.92132
1488992250,-38.35207,-12.92134
1488992253,-38.35247,-12.92128
1488992255,-38.35272,-12.92121
1488992257,-38.35298,-12.9211
1488992259,-38.35338,-12.92091
1488992266,-38.35428,-12.92054
1488992268,-38.3546,-12.92046
1488992269,-38.35494,-12.92044
1488992271,-38.35528,-12.92048
1488992278,-38.35634,-12.92064
1488992279,-38.35669,-12.92071
1488992282,-38.35705,-12.92078
1488992284,-38.3574,-12.92084
1488992286,-38.35787,-12.92094
1488992291,-38.35849,-12.921
1488992293,-38.35878,-12.92102
1488992294,-38.35906,-12.92106
1488992297,-38.35948,-12.92114
1488992302,-38.35998,-12.92123
1488992303,-38.3602,-12.92127
1488992307,-38.36051,-12.92132
1488992312,-38.36107,-12.92144
1488992314,-38.36126,-12.92148
1488992319,-38.36161,-12.92156
1488992321,-38.36189,-12.92161
1488992325,-38.36218,-12.92157
1488992327,-38.36236,-12.92148
1488992328,-38.3625,-12.92134
1488992332,-38.36263,-12.92107
1488992333,-38.36272,-12.9209
1488992337,-38.36283,-12.92064
1488992341,-38.3629,-12.92047
1488992346,-38.36304,-12.92018
1488992350,-38.36313,-12.91999
1488992353,-38.36321,-12.9198
1488992358,-38.36329,-12.91956
1488992368,-38.36328,-12.91955
1488992379,-38.36328,-12.91955
1488992390,-38.36328,-12.91955
1488992400,-38.36342,-12.91934
1488992406,-38.36352,-12.91914
1488992412,-38.36363,-12.91892
1488992419,-38.36372,-12.91873
1488992423,-38.36386,-12.91846
1488992425,-38.36395,-12.9183
1488992428,-38.36407,-12.91806
1488992436,-38.36435,-12.91762
1488992441,-38.36454,-12.91743
1488992452,-38.36485,-12.91716
1488992464,-38.36486,-12.9171
1488992475,-38.36493,-12.91696
1488992490,-38.3655,-12.91677
1488992497,-38.36573,-12.91664
1488992502,-38.3659,-12.91654
1488992504,-38.36614,-12.91636
1488992508,-38.36636,-12.91623
1488992513,-38.36653,-12.91611
1488992518,-38.36672,-12.91598
1488992520,-38.36692,-12.91584
1488992523,-38.36708,-12.91574
1488992525,-38.36723,-12.91564
1488992528,-38.3675,-12.91543
1488992533,-38.36772,-12.91519
1488992536,-38.36788,-12.91496
1488992538,-38.36803,-12.91474
1488992542,-38.36823,-12.91447
1488992546,-38.36836,-12.91427
1488992548,-38.36848,-12.91406
1488992556,-38.36868,-12.91365
1488992560,-38.3688,-12.91343
1488992563,-38.36889,-12.91327
1488992566,-38.36901,-12.91303
1488992571,-38.36914,-12.91276
1488992574,-38.3693,-12.91248
1488992582,-38.36947,-12.9121
1488992601,-38.36965,-12.9118
1488992606,-38.36973,-12.91163
1488992610,-38.36982,-12.91137
1488992621,-38.36982,-12.91092
1488992636,-38.37075,-12.91056
1488992641,-38.37095,-12.91062
1488992647,-38.37121,-12.91071
1488992652,-38.3714,-12.91074
1488992654,-38.37162,-12.91075
1488992656,-38.37187,-12.91072
1488992660,-38.37212,-12.91064
1488992663,-38.37237,-12.91057
1488992673,-38.37306,-12.91035
1488992675,-38.37325,-12.91027
1488992678,-38.37346,-12.91021
1488992685,-38.37368,-12.91014
1488992695,-38.3742,-12.90998
1488992700,-38.37438,-12.90988
1488992706,-38.37435,-12.90968
1488992711,-38.37427,-12.9095
1488992721,-38.37434,-12.90931
1488992725,-38.37455,-12.90926
1488992730,-38.37472,-12.90915
1488992737,-38.37483,-12.909
1488992759,-38.37503,-12.9088
1488992770,-38.37508,-12.90874
1488992781,-38.37508,-12.90874
1488992793,-38.37499,-12.90883
1488992804,-38.37497,-12.9089
1488992826,-38.37497,-12.9089
1488992860,-38.37479,-12.90901
1488992872,-38.37479,-12.90901
1488992883,-38.37479,-12.90901
1488992894,-38.37479,-12.90901
1488992905,-38.37479,-12.90901
1488992915,-38.37479,-12.90901
1488992925,-38.37479,-12.90901
1488992936,-38.37479,-12.90901
1488992947,-38.37479,-12.90901
1488992958,-38.37479,-12.90901
1488992969,-38.37479,-12.90898
1488992980,-38.37479,-12.90898
1488993002,-38.37479,-12.90898
1488993012,-38.37479,-12.90898
1488993023,-38.37479,-12.90898
1488993035,-38.37479,-12.90898
1488993046,-38.37479,-12.90898
1488993057,-38.37479,-12.90898
1488993068,-38.37479,-12.90898
1488993079,-38.37479,-12.90898
1488993081,-38.37479,-12.90898
1488993093,-38.37479,-12.90898
1488993104,-38.37479,-12.90898
1488993116,-38.37479,-12.90898
1488993127,-38.37477,-12.90901
1488993138,-38.37477,-12.90901
1488993150,-38.37477,-12.90901
1488993160,-38.37477,-12.90901
1488993171,-38.37477,-12.90901
1488993183,-38.3748,-12.909
1488993194,-38.3748,-12.909
1488993205,-38.3748,-12.909
1488993217,-38.3748,-12.909
1488993229,-38.3748,-12.909
1488993241,-38.3748,-12.909
1488993251,-38.3748,-12.909
1488993262,-38.3748,-12.909
1488993272,-38.3748,-12.909
1488993284,-38.3748,-12.909
1488993294,-38.3748,-12.909
1488993305,-38.3748,-12.909
1488993316,-38.3748,-12.909
1488993327,-38.3748,-12.909
1488993338,-38.3748,-12.909
1488993350,-38.37482,-12.90903
1488993360,-38.37482,-12.909
1488993371,-38.37484,-12.909
1488993381,-38.37484,-12.909
1488993391,-38.37484,-12.909
1488993401,-38.37484,-12.909
1488993411,-38.37484,-12.909
1488993422,-38.37484,-12.909
1488993432,-38.37484,-12.909
1488993443,-38.37484,-12.909
1488993453,-38.37484,-12.909
1488993465,-38.37484,-12.909
1488993476,-38.37484,-12.909
1488993487,-38.37484,-12.909
1488993498,-38.37484,-12.909
1488993508,-38.37484,-12.909
1488993519,-38.37484,-12.909
1488993530,-38.37484,-12.909
1488993540,-38.37484,-12.909
1488993561,-38.37484,-12.909
1488993573,-38.37479,-12.90903
1488993583,-38.37486,-12.90902
1488993594,-38.37482,-12.90902
1488993605,-38.37482,-12.90902
1488993616,-38.37482,-12.90902
1488993626,-38.37482,-12.90902
1488993636,-38.37482,-12.90902
1488993646,-38.37482,-12.90902
1488993657,-38.37482,-12.90902
1488993667,-38.37479,-12.909
1488993677,-38.37479,-12.909
1488993688,-38.37479,-12.909
1488993699,-38.37479,-12.909
1488993709,-38.37479,-12.909
1488993730,-38.37479,-12.909
1488993741,-38.37479,-12.909
1488993752,-38.37479,-12.909
1488993762,-38.37479,-12.909
1488993773,-38.37479,-12.909
1488993784,-38.37479,-12.909
1488993795,-38.37479,-12.909
1488993805,-38.37479,-12.909
