1487643582,-43.22752,-22.9858
1487643586,-43.22752,-22.9858
1487643597,-43.22738,-22.98566
1487643598,-43.22738,-22.98566
1487643618,-43.22694,-22.98654
1487643621,-43.22684,-22.9867
1487643633,-43.22666,-22.9873
1487643649,-43.22658,-22.98727
1487643655,-43.22658,-22.98728
1487643666,-43.22657,-22.98729
1487643679,-43.22642,-22.98779
1487643684,-43.22661,-22.98792
1487643687,-43.2268,-22.988
1487643688,-43.2268,-22.988
1487643694,-43.22726,-22.98822
1487643697,-43.22742,-22.98829
1487643708,-43.22748,-22.9883
1487643737,-43.22773,-22.98838
1487643741,-43.22791,-22.98829
1487643746,-43.22809,-22.98807
1487643748,-43.22823,-22.98789
1487643750,-43.22836,-22.98774
1487643753,-43.22849,-22.98755
1487643757,-43.22861,-22.9874
1487643762,-43.22883,-22.98714
1487643765,-43.22896,-22.98693
1487643785,-43.22937,-22.98549
1487643787,-43.22932,-22.98531
1487643790,-43.22929,-22.98513
1487643795,-43.22919,-22.98492
1487643799,-43.22911,-22.98468
1487643809,-43.22839,-22.98393
1487643815,-43.22791,-22.98346
1487643816,-43.22774,-22.98324
1487643819,-43.22755,-22.98305
1487643825,-43.22695,-22.98241
1487643830,-43.22655,-22.98199
1487643855,-43.22654,-22.9817
1487643878,-43.22645,-22.9804
1487643880,-43.22643,-22.98015
1487643886,-43.22636,-22.97947
1487643890,-43.22628,-22.979
1487643912,-43.22624,-22.97891
1487643913,-43.22624,-22.97891
1487643924,-43.22626,-22.97888
1487643929,-43.22623,-22.97869
1487643949,-43.22618,-22.97844
1487643958,-43.22593,-22.97844
1487643961,-43.22569,-22.97839
1487643965,-43.22534,-22.97835
1487643969,-43.2249,-22.97824
1487643977,-43.22389,-22.97804
1487643979,-43.22361,-22.97798
1487643986,-43.2226,-22.97776
1487643989,-43.22213,-22.97767
1487643990,-43.22197,-22.97764
1487643992,-43.22182,-22.97761
1487644004,-43.22044,-22.97732
1487644008,-43.22001,-22.97721
1487644011,-43.21972,-22.97714
1487644025,-43.21936,-22.97696
1487644047,-43.21936,-22.97695
1487644048,-43.21936,-22.97695
1487644059,-43.21936,-22.97695
1487644070,-43.21929,-22.97691
1487644077,-43.21901,-22.97663
1487644080,-43.21889,-22.97645
1487644084,-43.21882,-22.9762
1487644088,-43.2186,-22.97561
1487644090,-43.21851,-22.9754
1487644104,-43.21787,-22.97371
1487644109,-43.21775,-22.97323
1487644112,-43.21767,-22.97289
1487644114,-43.21758,-22.97254
1487644117,-43.21752,-22.97215
1487644121,-43.21745,-22.97164
1487644123,-43.21743,-22.97141
1487644125,-43.2174,-22.97106
1487644128,-43.21738,-22.97062
1487644139,-43.2174,-22.96913
1487644141,-43.21742,-22.96885
1487644147,-43.21744,-22.96806
1487644149,-43.21743,-22.96781
1487644151,-43.21736,-22.96759
1487644153,-43.21726,-22.96737
1487644155,-43.21711,-22.96716
1487644173,-43.21667,-22.96644
1487644186,-43.21648,-22.96612
1487644188,-43.21637,-22.96594
1487644190,-43.21627,-22.96578
1487644195,-43.21601,-22.96536
1487644201,-43.2155,-22.96491
1487644203,-43.21531,-22.96478
1487644210,-43.21456,-22.96426
1487644213,-43.21432,-22.96411
1487644217,-43.21385,-22.96388
1487644219,-43.2135,-22.96372
1487644232,-43.21161,-22.96294
1487644235,-43.21123,-22.96282
1487644237,-43.21096,-22.96279
1487644241,-43.2104,-22.96282
1487644243,-43.21013,-22.96285
1487644245,-43.20986,-22.96292
1487644247,-43.20964,-22.96298
1487644253,-43.20878,-22.96314
1487644255,-43.20849,-22.96312
1487644259,-43.20791,-22.96305
1487644265,-43.20703,-22.96294
1487644267,-43.20674,-22.96291
1487644268,-43.20646,-22.96288
1487644271,-43.20605,-22.9628
1487644272,-43.20591,-22.96278
1487644275,-43.20565,-22.96275
1487644278,-43.20526,-22.96272
1487644283,-43.20469,-22.96283
1487644286,-43.20439,-22.96281
1487644287,-43.20431,-22.96276
1487644294,-43.20401,-22.96216
1487644296,-43.20403,-22.96192
1487644300,-43.20406,-22.96145
1487644303,-43.2041,-22.96107
1487644309,-43.20422,-22.96029
1487644312,-43.20428,-22.95986
1487644317,-43.20436,-22.9591
1487644332,-43.2044,-22.95834
1487644343,-43.2044,-22.95834
1487644354,-43.2044,-22.95834
1487644355,-43.2044,-22.95834
1487644366,-43.2044,-22.95834
1487644367,-43.2044,-22.95834
1487644379,-43.2044,-22.95834
1487644390,-43.2044,-22.95834
1487644402,-43.2044,-22.95834
1487644420,-43.20233,-22.94013
1487644424,-43.20262,-22.9393
1487644425,-43.20271,-22.93913
1487644427,-43.2029,-22.93881
1487644430,-43.20324,-22.93836
1487644441,-43.20324,-22.93836
1487644452,-43.20324,-22.93836
1487644453,-43.20324,-22.93836
1487644468,-43.20324,-22.93836
1487644476,-43.20991,-22.93411
1487644478,-43.20989,-22.93384
1487644483,-43.2097,-22.93304
1487644487,-43.20946,-22.93235
1487644489,-43.2093,-22.93204
1487644492,-43.20902,-22.93158
1487644499,-43.20883,-22.93053
1487644502,-43.20897,-22.93002
1487644503,-43.20907,-22.92966
1487644504,-43.20912,-22.92947
1487644513,-43.20943,-22.92766
1487644519,-43.20951,-22.92637
1487644520,-43.20952,-22.92616
1487644523,-43.20956,-22.92547
1487644526,-43.20958,-22.92479
1487644527,-43.20959,-22.92456
1487644532,-43.20964,-22.92344
1487644533,-43.20966,-22.92322
1487644534,-43.20967,-22.92301
1487644538,-43.20972,-22.92212
1487644546,-43.20983,-22.92029
1487644549,-43.20987,-22.91961
1487644550,-43.20989,-22.91939
1487644552,-43.20992,-22.91894
1487644555,-43.20995,-22.91829
1487644557,-43.20997,-22.91786
1487644558,-43.20998,-22.91765
1487644565,-43.21005,-22.91635
1487644568,-43.21009,-22.91572
1487644570,-43.21011,-22.91531
1487644573,-43.2101,-22.9147
1487644575,-43.21007,-22.91433
1487644579,-43.20993,-22.91361
1487644581,-43.20985,-22.91327
1487644583,-43.20977,-22.91293
1487644585,-43.20968,-22.91261
1487644587,-43.20958,-22.91229
1487644590,-43.20941,-22.9118
1487644591,-43.20936,-22.91164
1487644600,-43.20871,-22.91087
1487644603,-43.20848,-22.91068
1487644608,-43.2086,-22.9103
1487644610,-43.20878,-22.91018
1487644612,-43.20897,-22.91005
1487644615,-43.20922,-22.90986
1487644623,-43.20949,-22.90898
1487644625,-43.20951,-22.90873
1487644632,-43.20956,-22.90789
1487644634,-43.20957,-22.90765
1487644644,-43.20963,-22.90642
1487644647,-43.20968,-22.90603
1487644649,-43.20969,-22.90575
1487644652,-43.20971,-22.90529
1487644656,-43.20976,-22.90467
1487644658,-43.20978,-22.90433
1487644662,-43.20981,-22.90366
1487644664,-43.20983,-22.9034
1487644666,-43.20986,-22.90298
1487644668,-43.20988,-22.90265
1487644671,-43.20991,-22.90214
1487644674,-43.20994,-22.90164
1487644679,-43.20999,-22.90079
1487644682,-43.21002,-22.9003
1487644686,-43.21007,-22.89968
1487644692,-43.21054,-22.8989
1487644694,-43.21081,-22.89868
1487644700,-43.21167,-22.89795
1487644703,-43.21209,-22.89754
1487644708,-43.21254,-22.89689
1487644709,-43.21264,-22.89672
1487644710,-43.21273,-22.89654
1487644714,-43.21307,-22.89583
1487644716,-43.21323,-22.89548
1487644719,-43.2135,-22.89493
1487644721,-43.21366,-22.89457
1487644722,-43.21374,-22.89441
1487644725,-43.21396,-22.89397
1487644727,-43.21415,-22.89354
1487644732,-43.21456,-22.89265
1487644742,-43.21542,-22.8908
1487644743,-43.21559,-22.89043
1487644745,-43.21577,-22.89007
1487644747,-43.21594,-22.88973
1487644751,-43.21625,-22.88904
1487644755,-43.21657,-22.88837
1487644758,-43.21677,-22.88793
1487644759,-43.21677,-22.88793
1487644761,-43.21704,-22.88735
1487644763,-43.21719,-22.887
1487644764,-43.21725,-22.88682
1487644765,-43.21729,-22.88664
1487644767,-43.2173,-22.88628
1487644774,-43.21685,-22.8851
1487644775,-43.21675,-22.88494
1487644778,-43.21637,-22.8845
1487644780,-43.21611,-22.88421
1487644781,-43.21597,-22.88406
1487644782,-43.21583,-22.88391
1487644786,-43.21528,-22.88332
1487644793,-43.21434,-22.8823
1487644798,-43.21369,-22.88159
1487644801,-43.21327,-22.88116
1487644802,-43.21314,-22.88101
1487644803,-43.213,-22.88086
1487644806,-43.21259,-22.88042
1487644812,-43.2119,-22.87968
1487644814,-43.21163,-22.87938
1487644816,-43.21137,-22.8791
1487644819,-43.21103,-22.87874
1487644822,-43.21059,-22.87826
1487644825,-43.2102,-22.87783
1487644827,-43.20993,-22.87755
1487644830,-43.20953,-22.87712
1487644832,-43.20927,-22.87684
1487644839,-43.20834,-22.87583
1487644844,-43.20766,-22.8751
1487644845,-43.20753,-22.87496
1487644846,-43.20739,-22.87482
1487644848,-43.20711,-22.87452
1487644849,-43.20697,-22.87438
1487644851,-43.20669,-22.87408
1487644853,-43.2064,-22.87379
1487644857,-43.20574,-22.87308
1487644859,-43.20546,-22.87279
1487644862,-43.20506,-22.87235
1487644865,-43.20466,-22.8719
1487644866,-43.20452,-22.87176
1487644868,-43.20424,-22.87146
1487644871,-43.20383,-22.87103
1487644873,-43.20354,-22.87075
1487644881,-43.2023,-22.86976
1487644885,-43.2017,-22.86937
1487644889,-43.20078,-22.86886
1487644892,-43.2002,-22.8686
1487644896,-43.19942,-22.8683
1487644899,-43.19883,-22.86812
1487644902,-43.19841,-22.868
1487644904,-43.19798,-22.8679
1487644906,-43.19757,-22.86781
1487644908,-43.19714,-22.86774
1487644909,-43.19692,-22.86771
1487644914,-43.19583,-22.86763
1487644919,-43.19476,-22.86764
1487644920,-43.19455,-22.86766
1487644925,-43.19352,-22.86774
1487644927,-43.1931,-22.86778
1487644930,-43.1925,-22.86783
1487644932,-43.1921,-22.86786
1487644933,-43.19189,-22.86788
1487644936,-43.19124,-22.86793
1487644938,-43.19081,-22.86796
1487644944,-43.18942,-22.86808
1487644945,-43.18895,-22.86813
1487644947,-43.18848,-22.86818
1487644948,-43.18826,-22.86821
1487644957,-43.18633,-22.86839
1487644960,-43.18568,-22.86845
1487644964,-43.18481,-22.86855
1487644966,-43.18439,-22.86857
1487644967,-43.18418,-22.86859
1487644970,-43.18354,-22.86866
1487644973,-43.1829,-22.86872
1487644976,-43.18231,-22.86877
1487644989,-43.17998,-22.86898
1487644995,-43.17874,-22.86908
1487645002,-43.17733,-22.86921
1487645003,-43.1768,-22.86925
1487645004,-43.17658,-22.86927
1487645005,-43.17636,-22.86928
1487645008,-43.17569,-22.86934
1487645009,-43.17546,-22.86935
1487645012,-43.17481,-22.86941
1487645019,-43.17332,-22.86955
1487645020,-43.17311,-22.86957
1487645025,-43.17205,-22.86964
1487645026,-43.17185,-22.86967
1487645030,-43.171,-22.86974
1487645032,-43.17056,-22.86978
1487645033,-43.17035,-22.86981
1487645036,-43.16968,-22.86987
1487645039,-43.16905,-22.86992
1487645041,-43.16867,-22.86998
1487645043,-43.16825,-22.87001
1487645044,-43.16804,-22.87003
1487645049,-43.16697,-22.87014
1487645059,-43.16489,-22.87032
1487645064,-43.16384,-22.87041
1487645065,-43.16363,-22.87043
1487645067,-43.16322,-22.87047
1487645070,-43.1628,-22.8705
1487645073,-43.16215,-22.87055
1487645075,-43.16171,-22.87059
1487645076,-43.1615,-22.87061
1487645077,-43.16129,-22.87063
1487645092,-43.15789,-22.87094
1487645094,-43.15743,-22.87097
1487645097,-43.1568,-22.87102
1487645100,-43.15621,-22.87107
1487645101,-43.15601,-22.87109
1487645104,-43.1554,-22.87114
1487645106,-43.15498,-22.87118
1487645110,-43.15395,-22.87128
1487645111,-43.15374,-22.87129
1487645117,-43.15252,-22.8714
1487645118,-43.15231,-22.87142
1487645123,-43.15129,-22.87153
1487645124,-43.15107,-22.87155
1487645130,-43.14981,-22.87167
1487645132,-43.1494,-22.87171
1487645134,-43.14898,-22.87174
1487645138,-43.14815,-22.87182
1487645139,-43.14794,-22.87184
1487645143,-43.14712,-22.8719
1487645145,-43.14672,-22.87195
1487645149,-43.14587,-22.87204
1487645151,-43.14546,-22.87208
1487645152,-43.14524,-22.8721
1487645155,-43.14463,-22.87216
1487645158,-43.144,-22.87221
1487645159,-43.1438,-22.87223
1487645162,-43.14315,-22.8723
1487645163,-43.14293,-22.87233
1487645165,-43.14249,-22.87236
1487645167,-43.14228,-22.87238
1487645169,-43.14186,-22.87242
1487645170,-43.14163,-22.87243
1487645173,-43.141,-22.8725
1487645174,-43.14078,-22.87251
1487645175,-43.14057,-22.87253
1487645176,-43.14057,-22.87253
1487645179,-43.13946,-22.87262
1487645183,-43.1391,-22.87265
1487645185,-43.13816,-22.87273
1487645186,-43.13796,-22.87275
1487645189,-43.13731,-22.87281
1487645196,-43.13577,-22.87294
1487645198,-43.13536,-22.87298
1487645199,-43.13515,-22.87301
1487645203,-43.13434,-22.87307
1487645204,-43.13414,-22.87309
1487645206,-43.13373,-22.87312
1487645213,-43.13235,-22.87326
1487645214,-43.13215,-22.87328
1487645215,-43.13195,-22.87331
1487645216,-43.13195,-22.87331
1487645218,-43.13154,-22.87333
1487645219,-43.13134,-22.87335
1487645222,-43.13073,-22.87339
1487645223,-43.13053,-22.8734
1487645224,-43.13032,-22.87342
1487645230,-43.12888,-22.87355
1487645232,-43.12847,-22.8736
1487645234,-43.12806,-22.87362
1487645235,-43.12806,-22.87362
1487645237,-43.12786,-22.87364
1487645241,-43.12668,-22.87374
1487645243,-43.12617,-22.87379
1487645247,-43.12536,-22.87387
1487645249,-43.12498,-22.87391
1487645251,-43.12459,-22.87395
1487645260,-43.123,-22.87417
1487645262,-43.12261,-22.87425
1487645266,-43.12183,-22.87446
1487645269,-43.12126,-22.87465
1487645274,-43.12031,-22.87503
1487645277,-43.11976,-22.87528
1487645280,-43.11924,-22.87558
1487645281,-43.11907,-22.87567
1487645288,-43.118,-22.87636
1487645293,-43.11732,-22.87688
1487645297,-43.11681,-22.87727
1487645299,-43.11658,-22.87745
1487645304,-43.11615,-22.8778
1487645318,-43.1158,-22.87801
1487645335,-43.1156,-22.87818
1487645348,-43.11478,-22.87872
1487645351,-43.11456,-22.8789
1487645354,-43.11434,-22.8791
1487645357,-43.11416,-22.87938
1487645364,-43.11397,-22.88018
1487645366,-43.11396,-22.88039
1487645369,-43.11403,-22.88102
1487645373,-43.11425,-22.8816
1487645379,-43.11475,-22.88217
1487645381,-43.11495,-22.88238
1487645383,-43.11515,-22.88258
1487645385,-43.11534,-22.88278
1487645391,-43.11578,-22.88355
1487645396,-43.1157,-22.88419
1487645400,-43.11557,-22.88473
1487645402,-43.1155,-22.885
1487645404,-43.11544,-22.88527
1487645406,-43.1154,-22.88551
1487645410,-43.11531,-22.88599
1487645411,-43.11529,-22.88612
1487645413,-43.11523,-22.88637
1487645421,-43.11499,-22.88732
1487645428,-43.11479,-22.88817
1487645431,-43.11471,-22.88846
1487645434,-43.11465,-22.88865
1487645451,-43.11455,-22.88914
1487645453,-43.1145,-22.88934
1487645456,-43.11442,-22.88963
1487645462,-43.1143,-22.89009
1487645466,-43.11426,-22.89029
1487645467,-43.11426,-22.89031
1487645477,-43.11421,-22.89051
1487645482,-43.11416,-22.8908
1487645484,-43.11411,-22.89101
1487645486,-43.11406,-22.8912
1487645497,-43.11376,-22.89242
1487645499,-43.11371,-22.89265
1487645501,-43.11365,-22.89289
1487645503,-43.1136,-22.89314
1487645505,-43.11355,-22.89337
1487645507,-43.1135,-22.89362
1487645509,-43.11342,-22.89387
1487645524,-43.1126,-22.89597
1487645526,-43.11252,-22.89621
1487645529,-43.11241,-22.89646
1487645531,-43.11233,-22.89672
1487645533,-43.11223,-22.89699
1487645541,-43.11191,-22.89804
1487645544,-43.11183,-22.89835
1487645545,-43.11182,-22.89845
1487645547,-43.11184,-22.89865
1487645549,-43.1119,-22.89886
1487645557,-43.11219,-22.89973
1487645561,-43.11232,-22.90009
1487645565,-43.11251,-22.90033
1487645572,-43.11287,-22.90073
1487645576,-43.11301,-22.90091
1487645586,-43.11257,-22.9014
1487645593,-43.1122,-22.90173
1487645604,-43.11219,-22.90175
1487645627,-43.11218,-22.90175
1487645628,-43.11218,-22.90175
1487645650,-43.11199,-22.90188
1487645653,-43.11184,-22.90207
1487645660,-43.11136,-22.90258
1487645662,-43.11119,-22.90272
1487645664,-43.11102,-22.90289
1487645666,-43.11085,-22.90306
1487645668,-43.11066,-22.90321
1487645670,-43.11047,-22.90337
1487645672,-43.1103,-22.90354
1487645674,-43.11012,-22.90371
1487645678,-43.10981,-22.90401
1487645685,-43.10942,-22.90439
1487645694,-43.10872,-22.90504
1487645696,-43.10855,-22.90521
1487645700,-43.10817,-22.90553
1487645704,-43.10779,-22.90588
1487645710,-43.10723,-22.90642
1487645715,-43.10681,-22.90681
1487645721,-43.1064,-22.90717
1487645725,-43.10624,-22.90732
1487645736,-43.10616,-22.90737
1487645747,-43.10616,-22.90737
1487645748,-43.10616,-22.90737
1487645771,-43.10583,-22.90771
1487645777,-43.10551,-22.908
1487645780,-43.1053,-22.90821
1487645784,-43.10497,-22.90851
1487645786,-43.10483,-22.90866
1487645788,-43.10466,-22.90882
1487645807,-43.10413,-22.9096
1487645828,-43.10401,-22.9099
1487645833,-43.10389,-22.91014
1487645836,-43.10381,-22.91035
1487645841,-43.10366,-22.91073
1487645851,-43.10321,-22.91076
1487645854,-43.10299,-22.91068
1487645858,-43.10258,-22.91056
1487645860,-43.10238,-22.9105
1487645864,-43.10198,-22.91033
1487645866,-43.10176,-22.91025
1487645873,-43.10135,-22.91041
1487645881,-43.101,-22.91103
1487645884,-43.10088,-22.91125
1487645895,-43.10084,-22.91133
1487645898,-43.09978,-22.91296
1487645900,-43.09957,-22.91307
1487645906,-43.0989,-22.91344
1487645910,-43.09839,-22.91368
1487645916,-43.09761,-22.91379
1487645921,-43.09703,-22.91392
1487645926,-43.09653,-22.91418
1487645929,-43.09636,-22.91433
1487645932,-43.09618,-22.91453
1487645941,-43.09553,-22.9148
1487645948,-43.09499,-22.91477
1487645954,-43.09427,-22.91472
1487645956,-43.09401,-22.9147
1487645958,-43.09376,-22.91469
1487645963,-43.09315,-22.91464
1487645965,-43.09289,-22.91463
1487645967,-43.09268,-22.91461
1487645973,-43.09186,-22.91456
1487645975,-43.09162,-22.91455
1487645978,-43.09137,-22.91453
1487645980,-43.09087,-22.9145
1487645982,-43.09062,-22.91447
1487645984,-43.09036,-22.91445
1487645988,-43.08986,-22.91441
1487645998,-43.08874,-22.91432
1487646000,-43.08874,-22.91432
1487646001,-43.08831,-22.9143
1487646007,-43.08746,-22.91425
1487646010,-43.08706,-22.91423
1487646012,-43.08678,-22.91421
1487646014,-43.08651,-22.91418
1487646017,-43.08608,-22.91417
1487646027,-43.08462,-22.91407
1487646032,-43.08398,-22.91402
1487646034,-43.08361,-22.914
1487646036,-43.08333,-22.91399
1487646041,-43.08268,-22.91395
1487646043,-43.08242,-22.91393
1487646049,-43.0818,-22.9138
1487646053,-43.08129,-22.91361
1487646057,-43.08079,-22.91337
1487646062,-43.08021,-22.91312
1487646070,-43.07944,-22.91293
1487646072,-43.07922,-22.91289
1487646075,-43.07889,-22.9128
1487646079,-43.07849,-22.91263
1487646082,-43.07816,-22.91248
1487646087,-43.07756,-22.91233
1487646096,-43.07652,-22.91229
1487646100,-43.07618,-22.91223
1487646104,-43.07595,-22.91218
1487646109,-43.07545,-22.91205
1487646114,-43.07495,-22.91196
1487646120,-43.07416,-22.91181
1487646132,-43.07274,-22.91129
1487646134,-43.07247,-22.9112
1487646137,-43.07204,-22.91104
1487646143,-43.07112,-22.91071
1487646144,-43.07098,-22.91066
1487646146,-43.07069,-22.91057
1487646149,-43.07029,-22.91038
1487646151,-43.07007,-22.91021
1487646153,-43.06991,-22.91006
1487646157,-43.06952,-22.90953
1487646160,-43.06926,-22.90915
1487646166,-43.06865,-22.90856
1487646169,-43.0683,-22.90841
1487646172,-43.06802,-22.90836
1487646175,-43.06774,-22.90836
1487646178,-43.06755,-22.90849
1487646181,-43.0675,-22.90873
1487646183,-43.06751,-22.90893
1487646189,-43.06762,-22.90952
1487646191,-43.06766,-22.90974
1487646194,-43.06769,-22.91006
1487646195,-43.06767,-22.91018
1487646197,-43.06765,-22.91029
1487646198,-43.06759,-22.91053
1487646201,-43.06748,-22.9109
1487646204,-43.06743,-22.91128
1487646209,-43.06747,-22.91193
1487646211,-43.0675,-22.9122
1487646213,-43.06747,-22.9124
1487646214,-43.06747,-22.9124
1487646222,-43.06675,-22.91318
1487646224,-43.06651,-22.91345
1487646227,-43.06634,-22.9138
1487646228,-43.06629,-22.91392
1487646233,-43.06608,-22.91439
1487646235,-43.06596,-22.91459
1487646236,-43.06582,-22.9148
1487646237,-43.06573,-22.9149
1487646240,-43.06544,-22.91518
1487646244,-43.06511,-22.91541
1487646246,-43.06484,-22.91551
1487646247,-43.06459,-22.91561
1487646249,-43.06441,-22.91573
1487646252,-43.06437,-22.91594
1487646256,-43.06466,-22.91618
1487646261,-43.06507,-22.91652
1487646265,-43.06536,-22.91684
1487646273,-43.06516,-22.91747
1487646277,-43.065,-22.91787
1487646279,-43.06498,-22.91809
1487646281,-43.06499,-22.91828
1487646287,-43.0649,-22.91895
1487646290,-43.0647,-22.9192
1487646292,-43.06442,-22.91929
1487646300,-43.06356,-22.91965
1487646301,-43.06354,-22.91973
1487646304,-43.0636,-22.91998
1487646311,-43.0642,-22.92042
1487646313,-43.06444,-22.92044
1487646315,-43.06467,-22.92046
1487646317,-43.06491,-22.92054
1487646319,-43.06513,-22.9207
1487646322,-43.0655,-22.92097
1487646323,-43.06562,-22.92108
1487646327,-43.06598,-22.9215
1487646329,-43.06614,-22.92171
1487646338,-43.06659,-22.92257
1487646341,-43.06673,-22.92288
1487646345,-43.06674,-22.92332
1487646347,-43.06663,-22.92356
1487646351,-43.06617,-22.92379
1487646359,-43.06535,-22.92404
1487646361,-43.0653,-22.92423
1487646363,-43.06536,-22.92444
1487646365,-43.06549,-22.92463
1487646369,-43.06563,-22.92506
1487646370,-43.06563,-22.92506
1487646371,-43.06554,-22.92525
1487646376,-43.06507,-22.92549
1487646385,-43.0638,-22.92561
1487646390,-43.06317,-22.92565
1487646391,-43.06307,-22.92568
1487646395,-43.06282,-22.92599
1487646396,-43.06282,-22.92599
1487646407,-43.06301,-22.92727
1487646413,-43.06352,-22.92799
1487646417,-43.06386,-22.92836
1487646420,-43.0641,-22.92863
1487646421,-43.06418,-22.92872
1487646424,-43.06444,-22.92901
1487646433,-43.06526,-22.92991
1487646436,-43.06556,-22.93021
1487646438,-43.06575,-22.93042
1487646442,-43.0661,-22.93081
1487646446,-43.06646,-22.93117
1487646448,-43.06663,-22.93136
1487646450,-43.06678,-22.93152
1487646455,-43.06713,-22.93188
1487646458,-43.06728,-22.93206
1487646459,-43.06728,-22.93206
1487646464,-43.06718,-22.93243
1487646467,-43.06699,-22.93261
1487646472,-43.06655,-22.93293
1487646474,-43.06638,-22.93309
1487646476,-43.06623,-22.93328
1487646478,-43.06607,-22.93346
1487646480,-43.06591,-22.93365
1487646485,-43.06549,-22.93412
1487646487,-43.06531,-22.93432
1487646489,-43.06514,-22.9345
1487646492,-43.06488,-22.93477
1487646498,-43.06432,-22.93534
1487646500,-43.06413,-22.93551
1487646502,-43.06394,-22.93566
1487646504,-43.06377,-22.93582
1487646506,-43.06357,-22.93598
1487646509,-43.06327,-22.93624
1487646513,-43.06291,-22.93652
1487646525,-43.06187,-22.9373
1487646527,-43.06168,-22.93742
1487646532,-43.06117,-22.93785
1487646535,-43.06087,-22.93811
1487646540,-43.0604,-22.93851
1487646542,-43.06017,-22.9387
1487646546,-43.0597,-22.93909
1487646554,-43.05881,-22.94001
1487646556,-43.05861,-22.94024
1487646558,-43.05842,-22.94049
1487646561,-43.05817,-22.94084
1487646563,-43.05803,-22.94104
1487646565,-43.05789,-22.94123
1487646569,-43.05761,-22.94166
1487646576,-43.05752,-22.94242
1487646578,-43.05756,-22.94263
1487646580,-43.05762,-22.94283
1487646582,-43.05771,-22.94301
1487646587,-43.05811,-22.94337
1487646589,-43.05833,-22.94348
1487646592,-43.05868,-22.94357
1487646595,-43.05895,-22.94363
1487646599,-43.05902,-22.94383
1487646602,-43.05883,-22.94401
1487646604,-43.05869,-22.94415
1487646606,-43.05857,-22.94431
1487646610,-43.05832,-22.94462
1487646612,-43.05816,-22.94485
1487646617,-43.05803,-22.94529
1487646623,-43.05794,-22.94598
1487646626,-43.05788,-22.94637
1487646628,-43.05785,-22.94664
1487646630,-43.05781,-22.94691
1487646633,-43.05776,-22.94727
1487646635,-43.05771,-22.94761
1487646638,-43.05767,-22.94802
1487646640,-43.05764,-22.9483
1487646643,-43.0576,-22.94869
1487646647,-43.05765,-22.94919
1487646650,-43.05781,-22.94953
1487646656,-43.05841,-22.95002
1487646658,-43.05867,-22.95012
1487646660,-43.05893,-22.95021
1487646666,-43.05982,-22.95049
1487646670,-43.06042,-22.95062
1487646672,-43.06073,-22.9507
1487646674,-43.06102,-22.95078
1487646677,-43.06145,-22.95092
1487646679,-43.06171,-22.951
1487646681,-43.06198,-22.95108
1487646683,-43.06225,-22.95117
1487646686,-43.06263,-22.95128
1487646689,-43.06306,-22.95141
1487646698,-43.06431,-22.95193
1487646703,-43.06474,-22.95225
1487646710,-43.06545,-22.9529
1487646715,-43.06597,-22.9534
1487646718,-43.0663,-22.9537
1487646720,-43.06651,-22.95388
1487646722,-43.06674,-22.95406
1487646724,-43.06697,-22.95423
1487646729,-43.06763,-22.95458
1487646731,-43.0679,-22.95468
1487646733,-43.06815,-22.95476
1487646736,-43.06844,-22.95479
1487646739,-43.06868,-22.95474
1487646745,-43.06922,-22.95456
1487646756,-43.07076,-22.95433
1487646759,-43.0712,-22.95427
1487646760,-43.07134,-22.95425
1487646762,-43.07162,-22.9542
1487646765,-43.07206,-22.95414
1487646767,-43.07234,-22.9541
1487646770,-43.0729,-22.95402
1487646772,-43.07318,-22.95397
1487646776,-43.07374,-22.95388
1487646778,-43.07402,-22.95384
1487646780,-43.0743,-22.9538
1487646783,-43.07472,-22.95374
1487646786,-43.07514,-22.95369
1487646788,-43.07541,-22.95363
1487646790,-43.07561,-22.95361
1487646793,-43.07589,-22.95356
1487646797,-43.07611,-22.95351
1487646817,-43.07602,-22.95261
1487646824,-43.07597,-22.95241
1487646825,-43.07596,-22.95239
1487646847,-43.07597,-22.95226
1487646859,-43.07595,-22.95226
1487646881,-43.07595,-22.95227
1487646903,-43.07595,-22.95233
1487646904,-43.07595,-22.95233
1487646910,-43.07598,-22.95254
1487646918,-43.07604,-22.95279
1487646926,-43.07609,-22.95324
1487646932,-43.07616,-22.95347
1487646942,-43.07664,-22.95344
1487646945,-43.07683,-22.95339
1487646946,-43.07683,-22.95339
1487646950,-43.07737,-22.95337
1487646955,-43.07794,-22.95341
1487646960,-43.07853,-22.9533
1487646964,-43.07897,-22.95311
1487646966,-43.0792,-22.95304
1487646970,-43.07971,-22.95297
1487646973,-43.08011,-22.95292
1487646975,-43.08037,-22.95288
1487646977,-43.08064,-22.95283
1487646980,-43.0812,-22.95274
1487646982,-43.0815,-22.95269
1487646985,-43.08192,-22.95264
1487646988,-43.08234,-22.95258
1487646990,-43.08259,-22.95254
1487646992,-43.0828,-22.95252
1487647011,-43.08453,-22.95225
1487647014,-43.08484,-22.95221
1487647018,-43.08527,-22.95216
1487647021,-43.08558,-22.95212
1487647025,-43.08589,-22.95209
1487647028,-43.08613,-22.95206
1487647032,-43.08649,-22.95202
1487647037,-43.08667,-22.95215
1487647047,-43.08678,-22.95273
1487647052,-43.08682,-22.95299
1487647058,-43.08685,-22.95334
1487647059,-43.08686,-22.95339
1487647074,-43.08685,-22.95361
