1487890273,-46.6768,-23.58949
1487890279,-46.67656,-23.58944
1487890292,-46.67617,-23.5898
1487890295,-46.67608,-23.59004
1487890299,-46.67599,-23.59028
1487890310,-46.67597,-23.59034
1487890320,-46.67597,-23.59034
1487890330,-46.67597,-23.59034
1487890337,-46.6759,-23.59052
1487890342,-46.67585,-23.5907
1487890351,-46.67579,-23.59088
1487890361,-46.67574,-23.591
1487890372,-46.67574,-23.591
1487890382,-46.67574,-23.591
1487890392,-46.67557,-23.59097
1487890399,-46.67533,-23.5909
1487890410,-46.67518,-23.59085
1487890418,-46.67499,-23.5908
1487890428,-46.67491,-23.59081
1487890438,-46.67477,-23.59082
1487890447,-46.67456,-23.59076
1487890457,-46.67452,-23.59079
1487890467,-46.67444,-23.59077
1487890477,-46.67442,-23.59078
1487890487,-46.67424,-23.5907
1487890495,-46.674,-23.59059
1487890500,-46.67382,-23.59049
1487890511,-46.67365,-23.59045
1487890521,-46.67365,-23.59045
1487890532,-46.67365,-23.59045
1487890542,-46.67345,-23.59039
1487890553,-46.67341,-23.59036
1487890573,-46.67319,-23.59039
1487890583,-46.67312,-23.59034
1487890593,-46.67312,-23.59032
1487890604,-46.67312,-23.59032
1487890614,-46.67312,-23.59032
1487890625,-46.67312,-23.59032
1487890635,-46.67308,-23.5902
1487890646,-46.67307,-23.59018
1487890667,-46.67307,-23.59018
1487890677,-46.67271,-23.59052
1487890688,-46.67281,-23.59055
1487890694,-46.67281,-23.59055
1487890698,-46.67281,-23.59055
1487890709,-46.67278,-23.59036
1487890719,-46.67288,-23.59044
1487890730,-46.67288,-23.59044
1487890740,-46.67288,-23.59044
1487890751,-46.67299,-23.59046
1487890761,-46.67307,-23.59044
1487890772,-46.67307,-23.59044
1487890782,-46.67307,-23.59044
1487890793,-46.67307,-23.59044
1487890801,-46.67281,-23.5904
1487890806,-46.67262,-23.59033
1487890812,-46.6725,-23.59006
1487890815,-46.67233,-23.58979
1487890818,-46.67221,-23.58958
1487890823,-46.67208,-23.58921
1487890831,-46.67207,-23.58907
1487890835,-46.67182,-23.58868
1487890842,-46.67162,-23.58858
1487890853,-46.67153,-23.58856
1487890863,-46.6715,-23.58856
1487890874,-46.6715,-23.58856
1487890885,-46.67143,-23.58794
1487890889,-46.6714,-23.5877
1487890894,-46.6715,-23.5875
1487890896,-46.67142,-23.58724
1487890899,-46.67135,-23.58706
1487890900,-46.67129,-23.58687
1487890904,-46.67125,-23.58664
1487890906,-46.67117,-23.58642
1487890910,-46.6711,-23.58618
1487890913,-46.67102,-23.58587
1487890919,-46.67094,-23.58566
1487890929,-46.67094,-23.58563
1487890934,-46.67091,-23.58545
1487890939,-46.67069,-23.58509
1487890941,-46.67056,-23.58479
1487890946,-46.67032,-23.5842
1487890949,-46.67017,-23.58384
1487890951,-46.67008,-23.58361
1487890954,-46.66993,-23.58325
1487890958,-46.67019,-23.58277
1487890963,-46.67028,-23.5822
1487890967,-46.67036,-23.58174
1487890970,-46.6704,-23.58138
1487890973,-46.67046,-23.58102
1487890976,-46.67052,-23.58064
1487890979,-46.67057,-23.58038
1487890983,-46.6706,-23.58018
1487891003,-46.67064,-23.58017
1487891013,-46.67064,-23.58027
1487891034,-46.67066,-23.58028
1487891041,-46.67072,-23.58003
1487891045,-46.67079,-23.57978
1487891050,-46.6709,-23.57936
1487891052,-46.67093,-23.57916
1487891056,-46.67098,-23.57883
1487891058,-46.67104,-23.57854
1487891061,-46.6711,-23.5782
1487891064,-46.67113,-23.57799
1487891066,-46.67115,-23.57773
1487891070,-46.6712,-23.57746
1487891079,-46.6712,-23.57693
1487891084,-46.6709,-23.57663
1487891088,-46.67066,-23.57648
1487891093,-46.67022,-23.57621
1487891095,-46.67002,-23.57607
1487891097,-46.66981,-23.57593
1487891099,-46.66962,-23.57579
1487891104,-46.66926,-23.57553
1487891105,-46.66911,-23.57541
1487891109,-46.66892,-23.57526
1487891111,-46.66875,-23.57515
1487891115,-46.66858,-23.57506
1487891118,-46.66833,-23.5749
1487891123,-46.66813,-23.57478
1487891134,-46.66806,-23.57476
1487891144,-46.66798,-23.57468
1487891152,-46.66779,-23.57454
1487891162,-46.6678,-23.57455
1487891172,-46.66782,-23.57465
1487891183,-46.66782,-23.57465
1487891193,-46.66782,-23.57465
1487891204,-46.66773,-23.57461
1487891214,-46.66762,-23.57452
1487891225,-46.66762,-23.57452
1487891234,-46.66745,-23.57441
1487891248,-46.66642,-23.57361
1487891252,-46.66619,-23.5734
1487891253,-46.66601,-23.57326
1487891255,-46.66582,-23.57312
1487891260,-46.66528,-23.57274
1487891263,-46.66504,-23.57257
1487891273,-46.66495,-23.57252
1487891284,-46.66495,-23.57252
1487891294,-46.66495,-23.57252
1487891305,-46.66495,-23.57252
1487891315,-46.66495,-23.57252
1487891326,-46.66495,-23.57252
1487891336,-46.66485,-23.57245
1487891338,-46.66466,-23.57233
1487891341,-46.66441,-23.57213
1487891347,-46.66383,-23.5717
1487891351,-46.66351,-23.57133
1487891354,-46.66328,-23.57115
1487891359,-46.66288,-23.57086
1487891363,-46.66249,-23.57059
1487891367,-46.66215,-23.57028
1487891370,-46.66188,-23.57004
1487891375,-46.66149,-23.56968
1487891381,-46.66105,-23.56921
1487891383,-46.66092,-23.56905
1487891385,-46.66079,-23.56887
1487891389,-46.66054,-23.56857
1487891402,-46.66,-23.56799
1487891409,-46.65985,-23.56787
1487891413,-46.65971,-23.56773
1487891420,-46.65958,-23.56759
1487891430,-46.65957,-23.56758
1487891441,-46.65947,-23.56749
1487891443,-46.65934,-23.56736
1487891447,-46.65918,-23.5672
1487891454,-46.65883,-23.56682
1487891457,-46.65867,-23.56666
1487891462,-46.65849,-23.56646
1487891464,-46.6583,-23.56628
1487891467,-46.65816,-23.56611
1487891469,-46.65793,-23.56587
1487891473,-46.65769,-23.56564
1487891476,-46.65739,-23.56529
1487891479,-46.65725,-23.56509
1487891480,-46.6571,-23.56485
1487891484,-46.65688,-23.56445
1487891494,-46.65681,-23.56432
1487891496,-46.65604,-23.56296
1487891506,-46.65604,-23.56296
1487891508,-46.65743,-23.56546
1487891528,-46.65541,-23.56001
1487891535,-46.65456,-23.55977
1487891540,-46.6545,-23.5596
1487891551,-46.65432,-23.55959
1487891554,-46.65419,-23.5594
1487891561,-46.65411,-23.55924
1487891571,-46.65405,-23.55902
1487891576,-46.65392,-23.55883
1487891580,-46.65364,-23.55844
1487891582,-46.65351,-23.55826
1487891590,-46.65285,-23.55757
1487891593,-46.65257,-23.55743
1487891597,-46.65199,-23.55712
1487891599,-46.65175,-23.55696
1487891608,-46.65065,-23.55634
1487891613,-46.65009,-23.55594
1487891616,-46.64976,-23.55572
1487891618,-46.64954,-23.55556
1487891622,-46.64922,-23.55532
1487891623,-46.64902,-23.55517
1487891625,-46.64882,-23.55498
1487891627,-46.64865,-23.55479
1487891629,-46.64848,-23.55457
1487891637,-46.6481,-23.55398
1487891638,-46.6479,-23.55366
1487891641,-46.64762,-23.55331
1487891642,-46.64748,-23.55305
1487891649,-46.64722,-23.55193
1487891653,-46.64735,-23.55135
1487891655,-46.64729,-23.55106
1487891658,-46.64711,-23.55073
1487891671,-46.64546,-23.55087
1487891682,-46.64367,-23.55023
1487891689,-46.64324,-23.55022
1487891692,-46.64287,-23.55009
1487891694,-46.64267,-23.54996
1487891698,-46.6424,-23.54977
1487891699,-46.6422,-23.54963
1487891702,-46.64201,-23.5495
1487891706,-46.6414,-23.54926
1487891712,-46.64083,-23.54905
1487891715,-46.64062,-23.54901
1487891717,-46.64021,-23.54902
1487891720,-46.63981,-23.54902
1487891728,-46.639,-23.54886
1487891730,-46.6388,-23.54867
1487891733,-46.63854,-23.54841
1487891735,-46.63844,-23.5482
1487891738,-46.6381,-23.54811
1487891744,-46.63766,-23.54772
1487891747,-46.63747,-23.54751
1487891757,-46.63747,-23.54751
1487891768,-46.63747,-23.54751
1487891769,-46.18747,-23.52185
1487891786,-46.63495,-23.54298
1487891790,-46.63496,-23.54275
1487891798,-46.63471,-23.54224
1487891801,-46.63455,-23.54205
1487891804,-46.63445,-23.54188
1487891807,-46.63436,-23.54168
1487891816,-46.63418,-23.54129
1487891819,-46.63408,-23.54106
1487891824,-46.63403,-23.54086
1487891835,-46.63394,-23.54066
1487891839,-46.63394,-23.54045
1487891843,-46.63388,-23.54026
1487891847,-46.63386,-23.54002
1487891860,-46.63368,-23.53919
1487891870,-46.63365,-23.53911
1487891873,-46.6334,-23.53851
1487891876,-46.63352,-23.53822
1487891880,-46.63354,-23.53786
1487891884,-46.63353,-23.53747
1487891887,-46.63354,-23.53726
1487891895,-46.6337,-23.53715
1487891902,-46.63369,-23.53695
1487891921,-46.63363,-23.53668
1487891925,-46.63359,-23.5365
1487891929,-46.63356,-23.53628
1487891936,-46.63331,-23.53577
1487891946,-46.63304,-23.53485
1487891951,-46.63298,-23.53445
1487891960,-46.63276,-23.5339
1487891977,-46.6327,-23.53382
1487891988,-46.6328,-23.53388
1487892015,-46.63293,-23.53391
1487892026,-46.63292,-23.53391
1487892037,-46.63284,-23.53378
1487892042,-46.63271,-23.53364
1487892052,-46.6326,-23.53354
1487892063,-46.63269,-23.53351
1487892073,-46.63275,-23.53347
1487892083,-46.63278,-23.53345
1487892094,-46.63279,-23.53344
1487892104,-46.63284,-23.53348
1487892115,-46.63285,-23.53344
1487892125,-46.63288,-23.53347
1487892135,-46.63292,-23.53345
1487892146,-46.63276,-23.5333
1487892151,-46.63261,-23.5331
1487892159,-46.6325,-23.53292
1487892169,-46.6325,-23.53283
1487892179,-46.6325,-23.53283
1487892190,-46.6325,-23.53283
1487892200,-46.6325,-23.53283
1487892211,-46.6325,-23.53283
1487892221,-46.6325,-23.53283
1487892232,-46.6325,-23.53283
1487892242,-46.6325,-23.53283
1487892253,-46.63255,-23.53276
1487892258,-46.63256,-23.53257
1487892265,-46.63249,-23.53239
1487892270,-46.63234,-23.5322
1487892281,-46.63232,-23.53213
1487892291,-46.63228,-23.5321
1487892302,-46.63228,-23.5321
1487892312,-46.63226,-23.53202
1487892323,-46.63226,-23.53202
1487892333,-46.63226,-23.53202
1487892344,-46.63226,-23.53202
1487892349,-46.6322,-23.53182
1487892366,-46.63207,-23.53144
1487892372,-46.63191,-23.53121
1487892379,-46.63182,-23.531
1487892400,-46.63181,-23.53094
1487892410,-46.63181,-23.53094
1487892421,-46.63177,-23.53081
1487892426,-46.63175,-23.53061
1487892434,-46.63171,-23.53043
1487892444,-46.63168,-23.53033
1487892453,-46.63163,-23.53011
1487892464,-46.63162,-23.53008
1487892474,-46.63162,-23.53008
1487892485,-46.63162,-23.53008
1487892495,-46.63162,-23.53008
1487892516,-46.6316,-23.53002
1487892523,-46.63155,-23.52985
1487892528,-46.6315,-23.52961
1487892532,-46.63143,-23.52943
1487892535,-46.63136,-23.52926
1487892543,-46.63128,-23.52909
1487892550,-46.63125,-23.52886
1487892556,-46.63126,-23.52865
1487892567,-46.63132,-23.52863
1487892577,-46.63133,-23.52847
1487892584,-46.63129,-23.52827
1487892589,-46.63124,-23.52808
1487892593,-46.6312,-23.52789
1487892595,-46.63116,-23.52769
1487892599,-46.63115,-23.52745
1487892605,-46.6311,-23.52725
1487892615,-46.63105,-23.52722
1487892626,-46.63105,-23.52722
1487892636,-46.63105,-23.52722
1487892655,-46.631,-23.52703
1487892661,-46.63091,-23.5268
1487892663,-46.63085,-23.52658
1487892669,-46.63078,-23.5263
1487892672,-46.63072,-23.52608
1487892677,-46.63061,-23.52582
1487892691,-46.63056,-23.52544
1487892702,-46.63059,-23.52545
1487892712,-46.63059,-23.52545
1487892723,-46.63059,-23.52545
1487892733,-46.63059,-23.52545
1487892748,-46.63059,-23.52496
1487892756,-46.63052,-23.52434
1487892760,-46.63049,-23.52408
1487892761,-46.63046,-23.52388
1487892774,-46.63025,-23.52271
1487892775,-46.63022,-23.52248
1487892777,-46.6302,-23.52224
1487892780,-46.63019,-23.52187
1487892782,-46.63017,-23.52162
1487892786,-46.63014,-23.52123
1487892788,-46.63011,-23.52083
1487892790,-46.63009,-23.52054
1487892792,-46.63005,-23.52024
1487892795,-46.63002,-23.51986
1487892798,-46.63002,-23.51953
1487892801,-46.62998,-23.51924
1487892806,-46.62989,-23.51869
1487892808,-46.62982,-23.51845
1487892810,-46.62977,-23.51822
1487892812,-46.62972,-23.51798
1487892814,-46.62967,-23.51773
1487892826,-46.62942,-23.51616
1487892828,-46.62937,-23.51591
1487892830,-46.62934,-23.51567
1487892833,-46.62926,-23.51539
1487892836,-46.62912,-23.51521
1487892842,-46.62857,-23.51488
1487892844,-46.62842,-23.51472
1487892847,-46.62826,-23.51441
1487892850,-46.62823,-23.51419
1487892851,-46.62827,-23.51397
1487892853,-46.62837,-23.5138
1487892856,-46.62853,-23.51359
1487892858,-46.62869,-23.51347
1487892860,-46.62884,-23.51335
1487892863,-46.62901,-23.51317
1487892867,-46.62906,-23.51287
1487892871,-46.62905,-23.51263
1487892873,-46.62901,-23.51236
1487892875,-46.62898,-23.51216
1487892879,-46.62888,-23.512
1487892883,-46.62888,-23.51177
1487892893,-46.62883,-23.51169
1487892903,-46.62884,-23.5117
1487892914,-46.62886,-23.5117
1487892920,-46.62882,-23.51146
1487892924,-46.62878,-23.51114
1487892928,-46.62871,-23.51069
1487892930,-46.62867,-23.51045
1487892932,-46.62859,-23.51022
1487892935,-46.62851,-23.50999
1487892936,-46.62845,-23.50978
1487892939,-46.62838,-23.50946
1487892941,-46.62833,-23.50923
1487892944,-46.62827,-23.509
1487892947,-46.62812,-23.5085
1487892949,-46.62806,-23.50823
1487892953,-46.62798,-23.50766
1487892956,-46.62793,-23.50722
1487892958,-46.6279,-23.50693
1487892962,-46.62782,-23.50639
1487892964,-46.62778,-23.50615
1487892966,-46.62772,-23.50592
1487892969,-46.62768,-23.5057
1487892970,-46.62765,-23.50552
1487892973,-46.62761,-23.50528
1487892978,-46.62758,-23.50505
1487892988,-46.62757,-23.50489
1487892995,-46.62754,-23.50464
1487892999,-46.6275,-23.50442
1487893004,-46.62749,-23.50422
1487893008,-46.62767,-23.50405
1487893016,-46.62809,-23.50393
1487893022,-46.62855,-23.50391
1487893025,-46.62885,-23.50391
1487893027,-46.62905,-23.50391
1487893029,-46.62928,-23.50392
1487893033,-46.62962,-23.50389
1487893037,-46.62988,-23.50389
1487893041,-46.63012,-23.50389
1487893045,-46.63036,-23.50387
1487893054,-46.63109,-23.50379
1487893065,-46.63218,-23.50374
1487893067,-46.63241,-23.50374
1487893069,-46.63264,-23.50372
1487893072,-46.63298,-23.50369
1487893074,-46.63323,-23.50366
1487893078,-46.6337,-23.5036
1487893081,-46.63408,-23.50356
1487893084,-46.6343,-23.50354
1487893089,-46.63482,-23.50351
1487893100,-46.63491,-23.50351
1487893110,-46.63491,-23.50351
1487893127,-46.63536,-23.50345
1487893131,-46.63564,-23.50344
1487893139,-46.63627,-23.50336
1487893141,-46.63648,-23.50334
1487893145,-46.63694,-23.50328
1487893148,-46.63716,-23.50325
1487893150,-46.63747,-23.50319
1487893153,-46.6377,-23.50319
1487893154,-46.6379,-23.5032
1487893161,-46.63848,-23.50328
1487893165,-46.63885,-23.50338
1487893167,-46.63902,-23.50347
1487893169,-46.63923,-23.50358
1487893174,-46.63965,-23.50379
1487893175,-46.63982,-23.50388
1487893183,-46.64047,-23.50425
1487893188,-46.64082,-23.50441
1487893191,-46.64112,-23.50455
1487893204,-46.64168,-23.50433
1487893209,-46.64182,-23.5041
1487893212,-46.64196,-23.50381
1487893216,-46.64208,-23.50363
1487893221,-46.64221,-23.50346
1487893232,-46.64222,-23.50339
1487893242,-46.64222,-23.50339
1487893252,-46.64222,-23.50339
1487893263,-46.64229,-23.50331
1487893274,-46.64229,-23.50331
1487893284,-46.64242,-23.50321
1487893292,-46.64246,-23.50296
1487893299,-46.64271,-23.50254
1487893304,-46.64287,-23.50227
1487893307,-46.64306,-23.50203
1487893311,-46.64322,-23.50175
1487893316,-46.64339,-23.50147
1487893321,-46.64368,-23.50114
1487893324,-46.64378,-23.50091
1487893326,-46.64384,-23.50074
1487893329,-46.64389,-23.50054
1487893332,-46.64397,-23.5003
1487893342,-46.64396,-23.50028
1487893353,-46.64396,-23.50028
1487893363,-46.64396,-23.50028
1487893374,-46.64401,-23.50018
1487893377,-46.64406,-23.49998
1487893388,-46.64407,-23.4999
1487893398,-46.64407,-23.4999
1487893409,-46.64407,-23.4999
1487893419,-46.64407,-23.4999
1487893430,-46.64407,-23.49987
1487893440,-46.64422,-23.49922
1487893443,-46.64426,-23.49904
1487893444,-46.64432,-23.49887
1487893455,-46.64458,-23.49814
1487893458,-46.64466,-23.4979
1487893463,-46.64472,-23.49772
1487893467,-46.64478,-23.49746
1487893470,-46.64486,-23.49726
1487893474,-46.64493,-23.49704
1487893479,-46.64509,-23.49664
1487893483,-46.64518,-23.49639
1487893488,-46.64533,-23.49616
1487893491,-46.64558,-23.49596
1487893495,-46.64581,-23.4958
1487893498,-46.64604,-23.49565
1487893508,-46.6462,-23.49553
1487893513,-46.64644,-23.49538
1487893517,-46.64663,-23.49525
1487893525,-46.64702,-23.49495
1487893530,-46.64723,-23.49481
1487893536,-46.64729,-23.49458
1487893544,-46.64701,-23.49421
1487893548,-46.64691,-23.49405
1487893567,-46.64698,-23.49385
1487893575,-46.64756,-23.49345
1487893576,-46.64775,-23.49334
1487893581,-46.64811,-23.49307
1487893584,-46.64837,-23.49287
1487893590,-46.64858,-23.4928
1487893600,-46.64866,-23.49269
1487893604,-46.64881,-23.49251
1487893607,-46.64896,-23.49231
1487893609,-46.6491,-23.49214
1487893611,-46.64922,-23.49198
1487893614,-46.64936,-23.49182
1487893615,-46.64949,-23.49166
1487893617,-46.64962,-23.49152
1487893621,-46.64981,-23.49127
1487893622,-46.64993,-23.49111
1487893626,-46.65012,-23.49089
1487893629,-46.65031,-23.49066
1487893634,-46.65048,-23.49046
1487893637,-46.65063,-23.49027
1487893641,-46.65073,-23.49009
1487893645,-46.6508,-23.48991
1487893648,-46.65091,-23.48962
1487893652,-46.65102,-23.48932
1487893656,-46.65113,-23.48907
1487893670,-46.65137,-23.4887
1487893675,-46.65152,-23.48856
1487893681,-46.65167,-23.48842
1487893685,-46.65186,-23.48826
1487893690,-46.65202,-23.48809
1487893694,-46.65219,-23.48791
1487893701,-46.65233,-23.48773
1487893711,-46.65235,-23.48769
1487893722,-46.65235,-23.48769
1487893732,-46.65235,-23.48769
1487893742,-46.65248,-23.48756
1487893745,-46.65258,-23.48737
1487893753,-46.65276,-23.48682
1487893756,-46.65283,-23.48663
1487893760,-46.65285,-23.48644
1487893763,-46.65287,-23.48618
1487893768,-46.65289,-23.48588
1487893770,-46.65295,-23.48562
1487893772,-46.65301,-23.48544
1487893776,-46.65314,-23.48513
1487893780,-46.6532,-23.4849
1487893785,-46.6533,-23.48449
1487893790,-46.65341,-23.48426
1487893800,-46.65344,-23.48419
1487893820,-46.65366,-23.48425
1487893825,-46.65389,-23.48436
1487893833,-46.65429,-23.48462
1487893838,-46.65453,-23.48476
1487893841,-46.65472,-23.4849
1487893846,-46.65492,-23.48501
1487893849,-46.6551,-23.4851
1487893860,-46.65517,-23.48526
1487893870,-46.65512,-23.48543
1487893876,-46.65502,-23.48556
