1490300973,-46.65732,-23.53394
1490300978,-46.65732,-23.53394
1490300986,-46.65732,-23.53394
1490300988,-46.65732,-23.53394
1490301000,-46.65732,-23.53394
1490301010,-46.65733,-23.53394
1490301027,-46.65734,-23.53397
1490301034,-46.65753,-23.53439
1490301037,-46.65768,-23.53457
1490301043,-46.65781,-23.53475
1490301053,-46.65783,-23.5348
1490301062,-46.65793,-23.53498
1490301065,-46.65802,-23.53518
1490301075,-46.65814,-23.5353
1490301085,-46.65815,-23.5355
1490301093,-46.6583,-23.53562
1490301103,-46.65813,-23.53575
1490301107,-46.65797,-23.53585
1490301110,-46.65777,-23.53598
1490301115,-46.65753,-23.53608
1490301126,-46.65748,-23.53613
1490301136,-46.65727,-23.53622
1490301141,-46.65692,-23.53631
1490301148,-46.65634,-23.53646
1490301152,-46.65595,-23.53654
1490301158,-46.65576,-23.53662
1490301161,-46.65549,-23.53669
1490301168,-46.65524,-23.53676
1490301175,-46.65477,-23.53687
1490301193,-46.65492,-23.53687
1490301201,-46.65447,-23.53704
1490301207,-46.65405,-23.53701
1490301210,-46.65383,-23.5371
1490301211,-46.65383,-23.5371
1490301218,-46.65337,-23.53736
1490301224,-46.65292,-23.53755
1490301231,-46.65249,-23.53785
1490301235,-46.65227,-23.53804
1490301240,-46.65215,-23.53818
1490301250,-46.65206,-23.53825
1490301258,-46.65205,-23.53825
1490301261,-46.65206,-23.53825
1490301271,-46.65206,-23.53825
1490301281,-46.65198,-23.53835
1490301291,-46.65196,-23.53836
1490301302,-46.65195,-23.53835
1490301315,-46.65148,-23.53875
1490301320,-46.65134,-23.53891
1490301323,-46.65106,-23.53906
1490301326,-46.65086,-23.5392
1490301328,-46.65067,-23.53934
1490301331,-46.65049,-23.53947
1490301333,-46.65032,-23.53961
1490301343,-46.6502,-23.53964
1490301353,-46.64999,-23.5398
1490301358,-46.64985,-23.53993
1490301360,-46.64967,-23.54003
1490301363,-46.6495,-23.54013
1490301373,-46.6488,-23.54059
1490301380,-46.64827,-23.54092
1490301384,-46.64804,-23.54111
1490301388,-46.64788,-23.5413
1490301398,-46.64785,-23.54146
1490301408,-46.64786,-23.54146
1490301418,-46.64786,-23.54146
1490301429,-46.64786,-23.54146
1490301439,-46.64786,-23.54146
1490301458,-46.64784,-23.54185
1490301461,-46.64796,-23.54248
1490301471,-46.64791,-23.54307
1490301481,-46.64794,-23.54323
1490301490,-46.64793,-23.54347
1490301501,-46.64796,-23.54366
1490301511,-46.64796,-23.54384
1490301521,-46.64796,-23.54391
1490301530,-46.64796,-23.5441
1490301541,-46.64796,-23.5441
1490301551,-46.64794,-23.54412
1490301561,-46.64795,-23.54412
1490301572,-46.64794,-23.54412
1490301576,-46.64784,-23.5443
1490301586,-46.64784,-23.5443
1490301589,-46.64775,-23.5445
1490301600,-46.64787,-23.54442
1490301610,-46.64792,-23.54438
1490301620,-46.64792,-23.54436
1490301631,-46.64791,-23.54435
1490301641,-46.64791,-23.54435
1490301661,-46.64791,-23.54435
1490301669,-46.64794,-23.54455
1490301679,-46.64791,-23.54462
1490301689,-46.64792,-23.54464
1490301700,-46.64793,-23.54464
1490301710,-46.64791,-23.54467
1490301720,-46.64791,-23.54467
1490301731,-46.64791,-23.54467
1490301741,-46.64791,-23.54467
1490301751,-46.64793,-23.54467
1490301761,-46.64792,-23.54468
1490301771,-46.64789,-23.54491
1490301776,-46.64799,-23.54508
1490301786,-46.648,-23.54513
1490301807,-46.64799,-23.54515
1490301827,-46.64798,-23.54516
1490301838,-46.64797,-23.54522
1490301854,-46.64803,-23.54561
1490301864,-46.64802,-23.54568
1490301874,-46.64801,-23.54567
1490301885,-46.648,-23.54571
1490301895,-46.64803,-23.54571
1490301906,-46.64804,-23.54583
1490301916,-46.64804,-23.54583
1490301927,-46.64804,-23.54584
1490301947,-46.64805,-23.54588
1490301957,-46.64804,-23.54589
1490301968,-46.64805,-23.54598
1490301978,-46.64803,-23.54598
1490301988,-46.64802,-23.546
1490301999,-46.64806,-23.54607
1490302005,-46.64807,-23.54631
1490302014,-46.64798,-23.54669
1490302017,-46.64809,-23.54651
1490302021,-46.64802,-23.54632
1490302031,-46.64798,-23.54636
1490302036,-46.64806,-23.54655
1490302047,-46.648,-23.54667
1490302057,-46.64798,-23.54666
1490302061,-46.64785,-23.5468
1490302069,-46.64763,-23.54692
1490302079,-46.64762,-23.54691
1490302089,-46.64766,-23.5469
1490302099,-46.64768,-23.54713
1490302107,-46.64762,-23.54738
1490302117,-46.64762,-23.54738
1490302122,-46.63662,-23.6747
1490302132,-46.63662,-23.6747
1490302142,-46.63662,-23.6747
1490302154,-46.63662,-23.6747
1490302164,-46.63662,-23.6747
1490302180,-46.64817,-23.54775
1490302182,-46.63662,-23.6747
1490302193,-46.63662,-23.6747
1490302203,-46.63662,-23.6747
1490302221,-46.64685,-23.54786
1490302232,-46.64685,-23.54786
1490302241,-46.63662,-23.6747
1490302252,-46.63662,-23.6747
1490302263,-46.63662,-23.6747
1490302273,-46.63662,-23.6747
1490302282,-46.64564,-23.55161
1490302293,-46.64564,-23.55161
1490302302,-46.64662,-23.55086
1490302307,-46.64643,-23.55101
1490302318,-46.6464,-23.55103
1490302326,-46.64635,-23.55126
1490302336,-46.64612,-23.55185
1490302343,-46.64596,-23.55258
1490302345,-46.64593,-23.55287
1490302355,-46.64585,-23.55418
1490302359,-46.6458,-23.55451
1490302362,-46.64577,-23.5548
1490302372,-46.64576,-23.55488
1490302388,-46.64573,-23.55509
1490302393,-46.64571,-23.5554
1490302395,-46.64567,-23.55563
1490302399,-46.64563,-23.55601
1490302402,-46.64561,-23.55621
1490302404,-46.64556,-23.55647
1490302407,-46.64555,-23.55666
1490302412,-46.64552,-23.55686
1490302416,-46.6455,-23.55709
1490302423,-46.64547,-23.55736
1490302436,-46.64538,-23.55815
1490302439,-46.64536,-23.55845
1490302440,-46.64533,-23.55865
1490302452,-46.64518,-23.56003
1490302457,-46.64554,-23.56047
1490302460,-46.64574,-23.56063
1490302462,-46.64596,-23.56093
1490302467,-46.64604,-23.56132
1490302469,-46.64601,-23.56165
1490302475,-46.64593,-23.56227
1490302476,-46.64589,-23.56257
1490302478,-46.64585,-23.56284
1490302482,-46.64575,-23.56322
1490302484,-46.64567,-23.56347
1490302485,-46.64558,-23.5637
1490302487,-46.64549,-23.56392
1490302494,-46.6453,-23.56453
1490302506,-46.64528,-23.56459
1490302516,-46.64529,-23.56458
1490302532,-46.64515,-23.56498
1490302542,-46.64513,-23.56506
1490302544,-46.6449,-23.56583
1490302549,-46.6448,-23.56602
1490302567,-46.64473,-23.56634
1490302583,-46.64463,-23.56661
1490302593,-46.64459,-23.56673
1490302597,-46.64446,-23.56726
1490302601,-46.64438,-23.56743
1490302624,-46.64438,-23.56749
1490302630,-46.64428,-23.56771
1490302633,-46.64421,-23.56792
1490302646,-46.64408,-23.56828
1490302653,-46.64406,-23.56847
1490302663,-46.64405,-23.5686
1490302673,-46.64406,-23.56861
1490302684,-46.64405,-23.56863
1490302689,-46.64401,-23.5689
1490302695,-46.64401,-23.5693
1490302705,-46.644,-23.56937
1490302707,-46.64396,-23.56977
1490302717,-46.64394,-23.56994
1490302727,-46.64405,-23.56995
1490302737,-46.64405,-23.56997
1490302748,-46.64405,-23.56997
1490302758,-46.64405,-23.56998
1490302764,-46.64399,-23.57019
1490302771,-46.64394,-23.57039
1490302783,-46.64404,-23.57103
1490302785,-46.64418,-23.57117
1490302787,-46.6443,-23.57133
1490302790,-46.6444,-23.5715
1490302793,-46.64447,-23.5717
1490302797,-46.64457,-23.57187
1490302808,-46.64474,-23.57195
1490302828,-46.6448,-23.57199
1490302831,-46.64504,-23.57208
1490302836,-46.6453,-23.57218
1490302839,-46.64559,-23.57229
1490302842,-46.6458,-23.57238
1490302853,-46.64594,-23.57236
1490302859,-46.64662,-23.57268
1490302862,-46.64698,-23.57287
1490302864,-46.64724,-23.57298
1490302866,-46.64755,-23.5731
1490302868,-46.6478,-23.57322
1490302870,-46.64803,-23.57328
1490302873,-46.64823,-23.57335
1490302875,-46.64857,-23.57347
1490302885,-46.64863,-23.5735
1490302893,-46.64886,-23.57358
1490302901,-46.64958,-23.57388
1490302905,-46.64988,-23.574
1490302909,-46.65008,-23.57409
1490302919,-46.65023,-23.57414
1490302929,-46.65024,-23.57414
1490302940,-46.65027,-23.57414
1490302950,-46.65027,-23.57414
1490302960,-46.65038,-23.57419
1490302963,-46.6506,-23.5743
1490302968,-46.65068,-23.57449
1490302971,-46.65068,-23.57477
1490302979,-46.65066,-23.5753
1490302981,-46.65067,-23.57559
1490302984,-46.65072,-23.57592
1490302988,-46.65075,-23.5762
1490302990,-46.65078,-23.57641
1490302998,-46.65079,-23.57687
1490303003,-46.65089,-23.5773
1490303007,-46.65098,-23.57753
1490303015,-46.65104,-23.57801
1490303019,-46.65107,-23.57828
1490303027,-46.65113,-23.57872
1490303032,-46.65129,-23.57889
1490303035,-46.65147,-23.57898
1490303042,-46.6519,-23.57923
1490303044,-46.6521,-23.57931
1490303049,-46.6523,-23.57943
1490303060,-46.65248,-23.57949
1490303065,-46.6523,-23.57978
1490303068,-46.65216,-23.58
1490303071,-46.65202,-23.58021
1490303084,-46.65172,-23.58073
1490303088,-46.65158,-23.58095
1490303093,-46.65145,-23.58115
1490303099,-46.65132,-23.5813
1490303104,-46.65119,-23.58148
1490303110,-46.65109,-23.58165
1490303119,-46.65113,-23.58185
1490303121,-46.65132,-23.58194
1490303126,-46.65155,-23.58207
1490303133,-46.6518,-23.58222
1490303138,-46.652,-23.58235
1490303146,-46.6524,-23.58262
1490303158,-46.653,-23.5831
1490303161,-46.65321,-23.58328
1490303166,-46.65354,-23.58354
1490303168,-46.65383,-23.58369
1490303178,-46.6545,-23.58344
1490303180,-46.65471,-23.58332
1490303184,-46.65506,-23.58314
1490303187,-46.65537,-23.58298
1490303194,-46.65598,-23.58267
1490303197,-46.65626,-23.58266
1490303202,-46.65655,-23.5828
1490303209,-46.65665,-23.58296
1490303219,-46.65668,-23.58303
1490303230,-46.65669,-23.58314
1490303240,-46.65668,-23.58315
1490303250,-46.65667,-23.58325
1490303271,-46.65659,-23.5835
1490303291,-46.65643,-23.58385
1490303297,-46.65635,-23.58403
1490303306,-46.65626,-23.58421
1490303317,-46.65624,-23.58425
1490303321,-46.65616,-23.58442
1490303330,-46.65605,-23.58461
1490303336,-46.65594,-23.58477
1490303340,-46.65582,-23.58497
1490303349,-46.65568,-23.58516
1490303355,-46.6555,-23.58537
1490303360,-46.65537,-23.58554
1490303376,-46.65507,-23.58584
1490303382,-46.65492,-23.58598
1490303388,-46.65472,-23.58614
1490303394,-46.65428,-23.58649
1490303398,-46.65409,-23.58664
1490303400,-46.65391,-23.58678
1490303403,-46.65376,-23.5869
1490303412,-46.65358,-23.58704
1490303417,-46.65339,-23.5872
1490303422,-46.65323,-23.58735
1490303427,-46.65311,-23.58752
1490303431,-46.653,-23.58771
1490303438,-46.65274,-23.58825
1490303442,-46.65262,-23.58853
1490303449,-46.65244,-23.58901
1490303451,-46.65236,-23.58928
1490303453,-46.65228,-23.58946
1490303459,-46.65219,-23.58965
1490303461,-46.6521,-23.58982
1490303466,-46.652,-23.59003
1490303477,-46.65191,-23.59022
1490303483,-46.65182,-23.59041
1490303490,-46.65163,-23.59087
1490303493,-46.65157,-23.59107
1490303496,-46.65155,-23.59128
1490303500,-46.65155,-23.5915
1490303502,-46.6516,-23.59168
1490303506,-46.65166,-23.59189
1490303512,-46.65173,-23.59206
1490303522,-46.65176,-23.59208
1490303532,-46.65183,-23.59221
1490303542,-46.65186,-23.59229
1490303553,-46.65185,-23.5923
1490303571,-46.65205,-23.59259
1490303579,-46.65218,-23.59274
1490303590,-46.65227,-23.59289
1490303600,-46.6523,-23.59296
1490303610,-46.65235,-23.59307
1490303625,-46.65263,-23.5934
1490303635,-46.65269,-23.59346
1490303645,-46.65271,-23.59348
1490303656,-46.65282,-23.59359
1490303661,-46.65295,-23.59373
1490303666,-46.65309,-23.59386
1490303672,-46.65326,-23.59401
1490303675,-46.6534,-23.59416
1490303682,-46.65353,-23.5943
1490303690,-46.65368,-23.59445
1490303699,-46.65381,-23.5946
1490303707,-46.65395,-23.59473
1490303718,-46.65397,-23.59478
1490303728,-46.654,-23.59479
1490303738,-46.65417,-23.59498
1490303742,-46.65433,-23.59517
1490303743,-46.65447,-23.59531
1490303746,-46.65466,-23.59549
1490303749,-46.65483,-23.59565
1490303753,-46.65497,-23.59582
1490303755,-46.65515,-23.59598
1490303758,-46.65532,-23.59615
1490303767,-46.65547,-23.59632
1490303771,-46.65562,-23.59648
1490303775,-46.65581,-23.59668
1490303781,-46.65613,-23.59702
1490303784,-46.65632,-23.59723
1490303789,-46.6566,-23.59753
1490303790,-46.65674,-23.59768
1490303792,-46.65689,-23.59783
1490303797,-46.6572,-23.59815
1490303798,-46.65734,-23.59831
1490303800,-46.65748,-23.59846
1490303802,-46.65762,-23.5986
1490303806,-46.6578,-23.59879
1490303809,-46.65795,-23.59895
1490303836,-46.65831,-23.59933
1490303843,-46.65847,-23.5995
1490303861,-46.65881,-23.59986
1490303866,-46.65914,-23.59984
1490303868,-46.6593,-23.59973
1490303870,-46.65945,-23.5996
1490303874,-46.65965,-23.59945
1490303884,-46.65976,-23.59934
1490303894,-46.65975,-23.59933
1490303904,-46.65975,-23.59933
1490303915,-46.65975,-23.59933
1490303925,-46.65975,-23.59933
1490303935,-46.65993,-23.59926
1490303943,-46.65979,-23.59946
1490303945,-46.65964,-23.59957
1490303950,-46.65947,-23.59968
1490303960,-46.65937,-23.59978
1490303971,-46.65936,-23.59979
1490303981,-46.65936,-23.5998
1490303989,-46.6592,-23.59992
1490303994,-46.65896,-23.60012
1490304000,-46.65877,-23.60028
1490304004,-46.65861,-23.60042
1490304008,-46.65843,-23.60056
1490304014,-46.65824,-23.60069
1490304019,-46.65808,-23.60085
1490304026,-46.65785,-23.60097
1490304030,-46.65769,-23.60111
1490304035,-46.65755,-23.60125
1490304040,-46.65737,-23.60141
1490304050,-46.65728,-23.6015
1490304061,-46.65727,-23.60151
1490304071,-46.65727,-23.60151
1490304087,-46.65707,-23.60169
1490304091,-46.6569,-23.60183
1490304103,-46.65679,-23.60188
1490304107,-46.65659,-23.60203
1490304111,-46.65643,-23.60213
1490304115,-46.65626,-23.60229
1490304127,-46.65554,-23.60287
1490304132,-46.65533,-23.60304
1490304136,-46.65519,-23.60317
1490304146,-46.65509,-23.60327
1490304156,-46.65494,-23.60338
1490304167,-46.65493,-23.60341
1490304177,-46.65493,-23.60341
1490304183,-46.65474,-23.6035
1490304189,-46.65473,-23.60374
1490304191,-46.65487,-23.60388
1490304195,-46.65503,-23.60406
1490304198,-46.65517,-23.60422
1490304208,-46.65523,-23.60431
1490304218,-46.65527,-23.60434
1490304229,-46.65535,-23.60441
1490304236,-46.65556,-23.60463
1490304241,-46.65589,-23.60495
1490304246,-46.6561,-23.60514
1490304256,-46.65643,-23.60551
1490304259,-46.65655,-23.60566
1490304264,-46.6567,-23.60583
1490304275,-46.65683,-23.60595
1490304279,-46.65697,-23.60611
1490304282,-46.65711,-23.60627
1490304287,-46.65731,-23.6065
1490304289,-46.65745,-23.60664
1490304301,-46.65778,-23.607
1490304319,-46.65873,-23.60795
1490304328,-46.65914,-23.60838
1490304333,-46.65934,-23.60862
1490304336,-46.65957,-23.60888
1490304339,-46.65972,-23.60901
1490304349,-46.65973,-23.60921
1490304355,-46.65951,-23.60938
1490304362,-46.6594,-23.6095
