1487766611,-37.05324,-10.93932
1487766626,-37.05324,-10.93932
1487766641,-37.05323,-10.93932
1487766686,-37.05323,-10.93932
1487766696,-37.05331,-10.93945
1487766734,-37.05414,-10.9408
1487766739,-37.05407,-10.94101
1487766747,-37.05401,-10.94124
1487766757,-37.05401,-10.94127
1487766791,-37.05358,-10.94163
1487766798,-37.05332,-10.94157
1487766801,-37.0532,-10.94133
1487766807,-37.05304,-10.94116
1487766812,-37.05275,-10.94118
1487766852,-37.05129,-10.94209
1487766860,-37.05114,-10.94226
1487766863,-37.05116,-10.94248
1487766867,-37.05117,-10.94275
1487766869,-37.05122,-10.94307
1487766871,-37.05123,-10.94331
1487766873,-37.05125,-10.94358
1487766907,-37.05133,-10.9485
1487766916,-37.0516,-10.94981
1487766922,-37.05178,-10.95067
1487766929,-37.05196,-10.95161
1487766931,-37.05203,-10.9519
1487766933,-37.0521,-10.95219
1487766973,-37.05283,-10.95435
1487766984,-37.05283,-10.95435
1487766988,-37.05294,-10.95452
1487767022,-37.05438,-10.95868
1487767025,-37.05459,-10.95915
1487767027,-37.05472,-10.95947
1487767029,-37.05479,-10.95974
1487767037,-37.05496,-10.96074
1487767038,-37.05497,-10.96101
1487767041,-37.05494,-10.96133
1487767068,-37.0534,-10.96522
1487767076,-37.05334,-10.96638
1487767080,-37.0534,-10.96696
1487767082,-37.05343,-10.96724
1487767086,-37.0535,-10.96778
1487767090,-37.05358,-10.96832
1487767094,-37.05362,-10.96876
1487767096,-37.05366,-10.96897
1487767102,-37.05375,-10.96958
1487767132,-37.05386,-10.97031
1487767143,-37.05422,-10.97054
1487767145,-37.05446,-10.97053
1487767147,-37.05462,-10.97067
1487767178,-37.05731,-10.97015
1487767181,-37.05758,-10.96995
1487767187,-37.05794,-10.97009
1487767193,-37.05878,-10.96967
1487767194,-37.05902,-10.96966
1487767202,-37.06,-10.96966
1487767204,-37.06023,-10.96965
1487767208,-37.05999,-10.9705
1487767209,-37.0608,-10.96966
1487767235,-37.06235,-10.97118
1487767241,-37.06271,-10.97162
1487767244,-37.06291,-10.97186
1487767249,-37.0632,-10.97222
1487767254,-37.06329,-10.97239
1487767260,-37.06364,-10.97274
1487767277,-37.0649,-10.9742
1487767283,-37.06531,-10.97482
1487767286,-37.06548,-10.97508
1487767296,-37.06581,-10.97543
1487767301,-37.06599,-10.97564
1487767303,-37.06622,-10.97586
1487767313,-37.06689,-10.97667
1487767316,-37.06706,-10.97693
1487767343,-37.06789,-10.97824
1487767350,-37.0677,-10.97805
1487767355,-37.06741,-10.97768
1487767360,-37.06725,-10.97758
1487767365,-37.06709,-10.97771
1487767405,-37.06638,-10.97826
1487767447,-37.06645,-10.97846
1487767452,-37.06659,-10.97863
1487767458,-37.06674,-10.9788
1487767462,-37.06688,-10.97895
1487767473,-37.06744,-10.97888
1487767493,-37.0691,-10.97809
1487767498,-37.06931,-10.978
1487767501,-37.06959,-10.97781
1487767503,-37.06978,-10.97775
1487767505,-37.06996,-10.97764
1487767508,-37.07014,-10.97756
1487767514,-37.07073,-10.97735
1487767542,-37.07305,-10.97638
1487767545,-37.07337,-10.97621
1487767547,-37.0736,-10.97611
1487767550,-37.07382,-10.97599
1487767552,-37.07417,-10.9758
1487767556,-37.07466,-10.97556
1487767559,-37.07504,-10.97538
1487767563,-37.07556,-10.97513
1487767565,-37.07583,-10.97501
1487767567,-37.07609,-10.97489
1487767602,-37.08099,-10.97247
1487767606,-37.08157,-10.97211
1487767611,-37.08195,-10.97161
1487767613,-37.0821,-10.97128
1487767616,-37.08213,-10.97101
1487767619,-37.08218,-10.9707
1487767650,-37.07982,-10.96662
1487767658,-37.0793,-10.96574
1487767661,-37.07909,-10.96542
1487767664,-37.07898,-10.96521
1487767665,-37.07886,-10.96499
1487767667,-37.07872,-10.9648
1487767696,-37.07882,-10.96414
1487767700,-37.07909,-10.96401
1487767704,-37.07936,-10.96385
1487767708,-37.07962,-10.96369
1487767711,-37.07981,-10.96356
1487767715,-37.08003,-10.96344
1487767736,-37.08115,-10.96272
1487767743,-37.08137,-10.9626
1487767747,-37.08156,-10.96246
1487767752,-37.08178,-10.96232
1487767783,-37.0828,-10.9616
1487767788,-37.08306,-10.96153
1487767799,-37.08344,-10.96131
1487767826,-37.08386,-10.96072
1487767836,-37.0839,-10.96071
1487767848,-37.08389,-10.9607
1487767881,-37.08378,-10.96054
1487767891,-37.08367,-10.96038
1487767906,-37.08335,-10.96058
1487767916,-37.08342,-10.96069
1487767926,-37.08339,-10.96068
1487767937,-37.08341,-10.96068
1487767962,-37.08364,-10.96041
1487767971,-37.08378,-10.96057
1487767981,-37.08382,-10.96068
1487767989,-37.08358,-10.96077
1487768006,-37.08334,-10.96115
1487768010,-37.08344,-10.96133
1487768016,-37.0835,-10.96154
1487768020,-37.08335,-10.96165
1487768042,-37.08333,-10.96267
1487768054,-37.08419,-10.9637
1487768059,-37.08449,-10.96405
1487768068,-37.08427,-10.96412
1487768087,-37.08291,-10.96471
1487768097,-37.08282,-10.96501
1487768100,-37.08295,-10.96515
1487768104,-37.08305,-10.96533
1487768118,-37.08331,-10.96573
1487768143,-37.0838,-10.96668
1487768146,-37.08365,-10.96678
1487768150,-37.08339,-10.96693
1487768153,-37.0832,-10.96707
1487768157,-37.08298,-10.9672
1487768159,-37.08279,-10.96733
1487768180,-37.08183,-10.96793
1487768188,-37.08158,-10.96808
1487768191,-37.08141,-10.96818
1487768195,-37.08126,-10.96828
1487768239,-37.08122,-10.96828
1487768249,-37.08122,-10.96828
1487768278,-37.08099,-10.96832
1487768282,-37.08081,-10.96816
1487768288,-37.08055,-10.96775
1487768290,-37.08034,-10.96744
1487768293,-37.08013,-10.9671
1487768319,-37.07801,-10.96381
1487768323,-37.07763,-10.96317
1487768330,-37.07737,-10.96249
1487768335,-37.07731,-10.96188
1487768337,-37.07729,-10.96167
1487768361,-37.07699,-10.95917
1487768363,-37.07696,-10.95892
1487768369,-37.07687,-10.95825
1487768372,-37.07681,-10.9579
1487768374,-37.0768,-10.95765
1487768377,-37.07674,-10.95727
1487768379,-37.07671,-10.95701
1487768381,-37.07668,-10.95676
1487768384,-37.07663,-10.95639
1487768393,-37.07651,-10.95545
1487768405,-37.07628,-10.95392
1487768410,-37.07614,-10.95334
1487768412,-37.07608,-10.95312
1487768414,-37.07601,-10.9529
1487768416,-37.07595,-10.95271
1487768441,-37.07581,-10.95234
1487768451,-37.0757,-10.95209
1487768458,-37.07548,-10.95165
1487768462,-37.07538,-10.95141
1487768463,-37.07529,-10.95122
1487768465,-37.0752,-10.95102
1487768482,-37.07432,-10.94932
1487768489,-37.07394,-10.94876
1487768491,-37.0738,-10.94855
1487768494,-37.07359,-10.94821
1487768497,-37.07337,-10.94788
1487768499,-37.07322,-10.94768
1487768501,-37.07306,-10.94751
1487768503,-37.07293,-10.94735
1487768534,-37.07376,-10.94649
1487768539,-37.07417,-10.94608
1487768543,-37.07442,-10.94581
1487768546,-37.07474,-10.94548
1487768549,-37.07498,-10.94524
1487768553,-37.07534,-10.94489
1487768555,-37.07552,-10.94472
1487768558,-37.07576,-10.94446
1487768582,-37.07773,-10.94249
1487768583,-37.07793,-10.94228
1487768585,-37.07813,-10.94208
1487768589,-37.07839,-10.94181
1487768590,-37.07855,-10.94165
1487768592,-37.07868,-10.94152
1487768600,-37.07907,-10.94108
1487768604,-37.07915,-10.94091
1487768632,-37.07923,-10.9408
1487768645,-37.07923,-10.9408
1487768667,-37.07923,-10.9408
1487768679,-37.07923,-10.9408
1487768711,-37.07923,-10.9408
1487768723,-37.07923,-10.9408
1487768735,-37.07923,-10.9408
1487768756,-37.07924,-10.9408
1487768768,-37.07924,-10.9408
1487768802,-37.07924,-10.9408
1487768813,-37.07924,-10.9408
1487768841,-37.0798,-10.94034
1487768843,-37.07999,-10.94018
1487768852,-37.08093,-10.93918
1487768854,-37.08105,-10.93904
1487768855,-37.08123,-10.93883
1487768858,-37.08155,-10.93853
1487768863,-37.08202,-10.93794
1487768866,-37.08217,-10.93771
1487768891,-37.08296,-10.93462
1487768894,-37.08289,-10.93394
1487768896,-37.0828,-10.93363
1487768898,-37.08273,-10.93332
1487768904,-37.08239,-10.93239
1487768908,-37.0822,-10.93192
1487768910,-37.08204,-10.93151
1487768912,-37.08196,-10.93129
1487768937,-37.08176,-10.93076
1487768949,-37.08176,-10.93076
1487768955,-37.08167,-10.93056
1487768959,-37.08157,-10.93032
1487768977,-37.08061,-10.92782
1487768990,-37.08029,-10.92635
1487768992,-37.0803,-10.92615
1487768995,-37.08031,-10.92583
1487768998,-37.08034,-10.92561
1487768999,-37.08036,-10.9254
1487769001,-37.08038,-10.92514
1487769004,-37.08046,-10.92477
1487769027,-37.08183,-10.92217
1487769029,-37.082,-10.92194
1487769031,-37.08219,-10.92178
1487769034,-37.08232,-10.92153
1487769042,-37.08317,-10.92072
1487769045,-37.0835,-10.92036
1487769051,-37.08413,-10.91966
1487769056,-37.08458,-10.91917
1487769077,-37.08659,-10.91697
1487769079,-37.08679,-10.91677
1487769083,-37.0871,-10.91644
1487769084,-37.0873,-10.91623
1487769086,-37.08747,-10.91602
1487769090,-37.08775,-10.91572
1487769093,-37.08791,-10.91555
1487769108,-37.08884,-10.91429
1487769118,-37.08884,-10.91427
1487769130,-37.08884,-10.91427
1487769157,-37.08908,-10.91399
1487769166,-37.08892,-10.91448
1487769169,-37.08871,-10.91477
1487769174,-37.08834,-10.91525
1487769177,-37.08817,-10.91545
1487769181,-37.08802,-10.91559
1487769218,-37.08711,-10.9166
1487769220,-37.08691,-10.9168
1487769223,-37.08661,-10.91713
1487769225,-37.08642,-10.91735
1487769228,-37.08616,-10.91768
1487769231,-37.08599,-10.91789
1487769254,-37.08784,-10.91997
1487769257,-37.08816,-10.92014
1487769264,-37.08861,-10.92028
1487769266,-37.08885,-10.92032
1487769268,-37.08904,-10.92033
1487769270,-37.08923,-10.92029
1487769275,-37.08955,-10.92025
1487769295,-37.09155,-10.92136
1487769297,-37.0918,-10.92146
1487769313,-37.09326,-10.92199
1487769316,-37.09348,-10.92206
1487769320,-37.09373,-10.92216
1487769341,-37.09625,-10.92274
1487769344,-37.09668,-10.92263
1487769347,-37.09695,-10.92257
1487769348,-37.09721,-10.92247
1487769351,-37.09748,-10.92239
1487769387,-37.10355,-10.92136
1487769392,-37.10416,-10.92137
1487769393,-37.10444,-10.92132
1487769396,-37.10481,-10.92123
1487769398,-37.10499,-10.92124
1487769401,-37.1052,-10.9214
1487769403,-37.10521,-10.9216
1487769405,-37.10519,-10.92181
1487769408,-37.10519,-10.92204
1487769409,-37.10518,-10.92227
1487769431,-37.10514,-10.92428
1487769437,-37.1051,-10.9245
1487769442,-37.10509,-10.9248
1487769450,-37.10509,-10.92517
1487769479,-37.10517,-10.92538
1487769490,-37.10517,-10.92538
1487769500,-37.10517,-10.92538
1487769528,-37.10517,-10.92538
1487769538,-37.10517,-10.92538
1487769571,-37.10514,-10.92537
1487769584,-37.1051,-10.92584
1487769587,-37.10508,-10.92615
1487769594,-37.10505,-10.92673
1487769610,-37.106,-10.92772
1487769613,-37.10619,-10.92776
1487769615,-37.10642,-10.92781
1487769618,-37.10664,-10.92786
1487769622,-37.10693,-10.92793
1487769628,-37.10719,-10.92801
1487769631,-37.10746,-10.92804
1487769657,-37.10979,-10.92928
1487769666,-37.11025,-10.92967
1487769667,-37.11043,-10.92981
1487769669,-37.1106,-10.92996
1487769671,-37.11079,-10.93012
1487769674,-37.11097,-10.93027
1487769678,-37.1114,-10.93063
1487769698,-37.11296,-10.93187
1487769703,-37.11318,-10.93206
1487769709,-37.11352,-10.93238
1487769715,-37.11387,-10.93267
1487769716,-37.11401,-10.93279
1487769720,-37.11431,-10.93303
1487769740,-37.11569,-10.93421
1487769747,-37.11616,-10.93459
1487769756,-37.1169,-10.93525
1487769758,-37.11706,-10.93535
1487769761,-37.11727,-10.93554
1487769764,-37.1175,-10.93573
1487769784,-37.11866,-10.93653
1487769785,-37.11883,-10.93663
1487769788,-37.11904,-10.93679
1487769792,-37.11928,-10.93704
1487769796,-37.11938,-10.93725
1487769803,-37.11911,-10.93716
1487769831,-37.11677,-10.93527
1487769833,-37.1165,-10.93505
1487769835,-37.11634,-10.93488
1487769837,-37.11611,-10.93475
1487769839,-37.11587,-10.9346
1487769843,-37.11556,-10.93427
1487769845,-37.1154,-10.93415
1487769847,-37.11525,-10.93401
1487769850,-37.11502,-10.93382
1487769876,-37.11429,-10.93425
1487769884,-37.11424,-10.93446
1487769894,-37.11427,-10.93453
1487769926,-37.11429,-10.93453
1487769938,-37.11429,-10.93453
1487769973,-37.11429,-10.93453
1487769984,-37.11429,-10.93453
1487770008,-37.11429,-10.93453
1487770017,-37.11452,-10.93461
1487770022,-37.1147,-10.93468
1487770032,-37.11486,-10.93481
1487770060,-37.11457,-10.93556
1487770071,-37.11439,-10.93555
1487770076,-37.11423,-10.93544
1487770118,-37.11391,-10.93595
1487770128,-37.11396,-10.93602
1487770146,-37.11402,-10.93586
1487770156,-37.11405,-10.93593
1487770168,-37.11405,-10.93596
1487770191,-37.11405,-10.93596
1487770202,-37.11405,-10.93597
1487770237,-37.11394,-10.93581
1487770242,-37.11399,-10.93563
1487770252,-37.11401,-10.93544
1487770274,-37.11457,-10.93558
1487770285,-37.11465,-10.93545
1487770290,-37.11469,-10.93522
1487770295,-37.11481,-10.93498
1487770322,-37.11448,-10.93464
1487770331,-37.11431,-10.93457
1487770343,-37.11412,-10.93467
1487770349,-37.11414,-10.93488
1487770376,-37.11435,-10.93346
1487770382,-37.11425,-10.9332
1487770385,-37.11403,-10.933
1487770388,-37.11374,-10.93276
1487770412,-37.11093,-10.93066
1487770415,-37.11073,-10.93054
1487770421,-37.11037,-10.93026
1487770425,-37.11007,-10.93
1487770427,-37.1099,-10.92986
1487770429,-37.10973,-10.92971
1487770431,-37.10955,-10.92955
1487770434,-37.10936,-10.92939
1487770440,-37.10875,-10.92873
1487770454,-37.10746,-10.92819
1487770457,-37.10728,-10.92814
1487770464,-37.10658,-10.92799
1487770469,-37.10595,-10.92786
1487770472,-37.10558,-10.92778
1487770475,-37.10523,-10.92764
1487770477,-37.10505,-10.92746
1487770482,-37.1049,-10.92686
1487770505,-37.105,-10.92452
1487770507,-37.10501,-10.92426
1487770509,-37.10502,-10.924
1487770511,-37.10504,-10.92373
1487770513,-37.10505,-10.92344
1487770516,-37.10507,-10.923
1487770518,-37.10508,-10.9227
1487770520,-37.10509,-10.92241
1487770523,-37.10507,-10.922
1487770547,-37.10178,-10.92137
1487770552,-37.10085,-10.92138
1487770554,-37.10049,-10.92144
1487770556,-37.10014,-10.92153
1487770558,-37.09996,-10.92161
1487770561,-37.09925,-10.9219
1487770565,-37.09868,-10.92208
1487770566,-37.0983,-10.92221
1487770588,-37.09422,-10.92249
1487770590,-37.09403,-10.92242
1487770601,-37.09316,-10.92209
1487770604,-37.09292,-10.92199
1487770605,-37.09265,-10.9219
1487770608,-37.09218,-10.92173
1487770612,-37.09152,-10.92149
1487770631,-37.08951,-10.92074
1487770637,-37.08901,-10.92054
1487770638,-37.0888,-10.92045
1487770643,-37.08814,-10.92019
1487770646,-37.08767,-10.92001
1487770648,-37.08734,-10.91987
1487770650,-37.08701,-10.91976
1487770653,-37.0865,-10.91959
1487770679,-37.08236,-10.91882
1487770683,-37.0818,-10.91877
1487770685,-37.08159,-10.91877
1487770687,-37.08138,-10.91877
1487770689,-37.08116,-10.91876
1487770691,-37.08092,-10.91875
1487770693,-37.08068,-10.91873
1487770698,-37.08004,-10.9187
1487770700,-37.07976,-10.91869
1487770711,-37.07847,-10.91863
1487770713,-37.07823,-10.91861
1487770728,-37.07788,-10.9186
1487770735,-37.07768,-10.91855
1487770740,-37.07739,-10.91852
1487770744,-37.07716,-10.91853
1487770771,-37.07672,-10.91852
1487770783,-37.07655,-10.9185
1487770808,-37.07655,-10.91851
1487770818,-37.07655,-10.91851
1487770851,-37.07655,-10.91851
1487770862,-37.07655,-10.91851
1487770896,-37.07552,-10.91846
1487770902,-37.07524,-10.91844
1487770912,-37.07511,-10.91843
1487770944,-37.07511,-10.91843
1487770955,-37.07511,-10.91843
1487770965,-37.07511,-10.91843
1487770987,-37.07511,-10.91843
1487771001,-37.07511,-10.91843
1487771029,-37.07468,-10.91839
1487771033,-37.07461,-10.91804
1487771035,-37.0746,-10.91786
1487771040,-37.07451,-10.9173
1487771042,-37.07449,-10.91707
1487771046,-37.07441,-10.91663
1487771048,-37.07438,-10.91642
1487771067,-37.07415,-10.9148
1487771069,-37.07411,-10.9146
1487771071,-37.07408,-10.91439
1487771077,-37.074,-10.91377
1487771079,-37.07398,-10.91355
1487771082,-37.07395,-10.91324
1487771084,-37.07392,-10.91303
1487771087,-37.07386,-10.91275
1487771089,-37.07384,-10.91257
1487771116,-37.07359,-10.91098
1487771128,-37.07359,-10.91097
1487771177,-37.07357,-10.9106
1487771183,-37.07354,-10.91031
1487771200,-37.07331,-10.90919
1487771203,-37.07324,-10.90892
1487771209,-37.07311,-10.90847
1487771215,-37.07309,-10.90823
1487771219,-37.07306,-10.908
1487771223,-37.07302,-10.90779
1487771239,-37.07285,-10.90709
1487771251,-37.07278,-10.90639
1487771260,-37.07272,-10.90621
1487771268,-37.07269,-10.90601
1487771299,-37.0725,-10.90502
1487771305,-37.07248,-10.90475
1487771312,-37.07241,-10.90423
1487771316,-37.07239,-10.90399
1487771353,-37.07173,-10.90384
1487771364,-37.07173,-10.90384
1487771390,-37.071,-10.90392
1487771394,-37.07066,-10.90397
1487771398,-37.07028,-10.90403
1487771401,-37.06995,-10.90408
1487771404,-37.0696,-10.90412
1487771408,-37.06932,-10.90417
1487771410,-37.06909,-10.90421
1487771431,-37.0674,-10.90444
1487771434,-37.06714,-10.90446
1487771437,-37.06693,-10.90449
1487771449,-37.06685,-10.90439
1487771455,-37.06689,-10.90408
1487771458,-37.06683,-10.90389
1487771482,-37.06672,-10.90274
1487771489,-37.0666,-10.90255
1487771497,-37.06597,-10.90241
1487771520,-37.06473,-10.90307
1487771528,-37.0642,-10.90238
1487771530,-37.06401,-10.90224
1487771532,-37.06381,-10.90211
1487771534,-37.06357,-10.90204
1487771536,-37.06332,-10.90197
1487771539,-37.06307,-10.90196
1487771566,-37.06155,-10.90293
1487771572,-37.06177,-10.90295
1487771615,-37.06292,-10.9034
1487771627,-37.06294,-10.90336
1487771661,-37.06292,-10.9034
1487771673,-37.0629,-10.90338
1487771695,-37.06291,-10.90335
1487771707,-37.0628,-10.90338
1487771714,-37.06262,-10.90328
1487771740,-37.0615,-10.90307
1487771750,-37.06136,-10.90306
1487771755,-37.06108,-10.90309
1487771787,-37.06096,-10.9031
1487771799,-37.06096,-10.9031
1487771832,-37.06096,-10.9031
1487771842,-37.06096,-10.9031
1487771873,-37.06096,-10.9031
1487771884,-37.06096,-10.9031
1487771894,-37.06096,-10.9031
1487771916,-37.06095,-10.9031
1487771926,-37.06095,-10.9031
1487771955,-37.06085,-10.90376
1487771961,-37.06101,-10.90387
1487771978,-37.06177,-10.90384
1487771989,-37.06179,-10.90384
1487772007,-37.06214,-10.90409
1487772017,-37.06198,-10.90412
1487772043,-37.06186,-10.90398
1487772054,-37.06186,-10.90398
1487772064,-37.06186,-10.90398
1487772086,-37.06186,-10.90398
1487772097,-37.06186,-10.90398
1487772107,-37.06186,-10.90398
1487772138,-37.06186,-10.90398
1487772148,-37.06186,-10.90398
1487772182,-37.06186,-10.90398
1487772192,-37.06186,-10.90398
1487772225,-37.06186,-10.90397
1487772235,-37.06186,-10.90396
1487772268,-37.06181,-10.90395
1487772279,-37.06185,-10.90396
1487772290,-37.06186,-10.90397
1487772301,-37.06187,-10.90396
1487772311,-37.06187,-10.90396
1487772322,-37.06187,-10.90396
1487772359,-37.06188,-10.90396
1487772392,-37.06188,-10.90396
1487772404,-37.06188,-10.90396
1487772437,-37.06188,-10.90396
1487772447,-37.06188,-10.90396
1487772482,-37.06188,-10.90396
1487772494,-37.06188,-10.90396
1487772516,-37.06188,-10.90396
1487772564,-37.06188,-10.90396
1487772575,-37.06188,-10.90396
1487772598,-37.06188,-10.90396
1487772609,-37.06188,-10.90396
1487772620,-37.06188,-10.90396
1487772630,-37.06188,-10.90396
1487772642,-37.06188,-10.90396
1487772657,-37.06188,-10.90396
1487772668,-37.06188,-10.90396
1487772678,-37.06188,-10.90396
1487772688,-37.06188,-10.90396
1487772700,-37.06188,-10.90396
1487772731,-37.06188,-10.90396
1487772741,-37.06188,-10.90396
1487772752,-37.06186,-10.90397
1487772783,-37.06187,-10.90396
1487772793,-37.06187,-10.90396
1487772834,-37.06187,-10.90396
1487772844,-37.06187,-10.90396
1487772875,-37.06187,-10.90396
1487772885,-37.06187,-10.90396
1487772916,-37.06187,-10.90396
1487772927,-37.06187,-10.90396
1487772957,-37.06187,-10.90396
1487772968,-37.06187,-10.90396
1487772978,-37.06187,-10.90396
1487773009,-37.06187,-10.90396
1487773019,-37.06187,-10.90396
1487773040,-37.06187,-10.90396
1487773050,-37.06187,-10.90396
1487773060,-37.06187,-10.90396
1487773091,-37.06187,-10.90396
1487773102,-37.06187,-10.90396
1487773132,-37.06187,-10.90396
1487773143,-37.06187,-10.90396
1487773174,-37.06187,-10.90396
1487773184,-37.06187,-10.90396
1487773194,-37.06187,-10.90396
1487773215,-37.06187,-10.90396
1487773225,-37.06187,-10.90396
1487773235,-37.06187,-10.90396
1487773266,-37.06187,-10.90396
1487773276,-37.06187,-10.90396
1487773287,-37.06187,-10.90396
1487773297,-37.06187,-10.90396
1487773307,-37.06187,-10.90396
1487773313,-37.06175,-10.9038
1487773316,-37.0616,-10.90356
1487773323,-37.06136,-10.90319
1487773343,-37.06081,-10.90254
1487773350,-37.06082,-10.90211
1487773355,-37.06081,-10.90184
1487773359,-37.06081,-10.90164
1487773364,-37.06083,-10.9014
1487773382,-37.06079,-10.90031
1487773387,-37.06079,-10.90004
1487773391,-37.06079,-10.89981
1487773395,-37.0608,-10.89958
1487773399,-37.06066,-10.89942
1487773426,-37.05948,-10.89906
1487773430,-37.05922,-10.89906
1487773440,-37.0591,-10.89906
1487773468,-37.05917,-10.89832
1487773473,-37.05941,-10.89837
1487773480,-37.05959,-10.8983
1487773487,-37.0597,-10.89809
1487773491,-37.0598,-10.89787
1487773516,-37.06031,-10.89686
1487773520,-37.0605,-10.89697
1487773525,-37.06068,-10.89705
1487773531,-37.06085,-10.89714
1487773548,-37.06071,-10.89754
1487773559,-37.06069,-10.89757
1487773590,-37.0607,-10.89756
1487773600,-37.0607,-10.89766
1487773609,-37.06053,-10.89815
1487773612,-37.06044,-10.89835
1487773633,-37.06022,-10.89901
1487773641,-37.05955,-10.89911
1487773652,-37.05909,-10.89913
1487773673,-37.05826,-10.89889
1487773688,-37.05814,-10.89885
1487773699,-37.05814,-10.89885
1487773717,-37.05764,-10.89902
1487773721,-37.05742,-10.89931
1487773723,-37.0573,-10.89947
1487773726,-37.05713,-10.89973
1487773736,-37.05655,-10.90054
1487773738,-37.05641,-10.90073
1487773769,-37.05635,-10.90082
1487773778,-37.05623,-10.90099
1487773781,-37.05603,-10.90124
1487773806,-37.05515,-10.90248
1487777517,-37.05337,-10.91841
