1488728029,-49.20973,-25.52828
1488728033,-49.20973,-25.52827
1488728040,-49.20976,-25.52829
1488728043,-49.20976,-25.52829
1488728053,-49.20974,-25.52829
1488728064,-49.20973,-25.52827
1488728074,-49.20969,-25.52825
1488728084,-49.20969,-25.52825
1488728094,-49.2097,-25.52825
1488728104,-49.2097,-25.52824
1488728115,-49.20972,-25.52824
1488728125,-49.20969,-25.52824
1488728135,-49.20971,-25.52826
1488728145,-49.2097,-25.52825
1488728155,-49.20972,-25.52825
1488728166,-49.20973,-25.52827
1488728176,-49.20971,-25.52825
1488728186,-49.20971,-25.52826
1488728196,-49.2097,-25.52826
1488728207,-49.2097,-25.52826
1488728217,-49.2097,-25.52825
1488728227,-49.20971,-25.52826
1488728237,-49.20972,-25.52827
1488728248,-49.20972,-25.52826
1488728258,-49.20972,-25.52827
1488728270,-49.20972,-25.52828
1488728281,-49.20969,-25.52827
1488728292,-49.20969,-25.52826
1488728302,-49.20968,-25.52826
1488728314,-49.20973,-25.52827
1488728325,-49.20975,-25.52828
1488728336,-49.20976,-25.52829
1488728346,-49.20976,-25.52827
1488728357,-49.20976,-25.52827
1488728370,-49.20973,-25.52825
1488728382,-49.20974,-25.52825
1488728395,-49.20973,-25.52826
1488728406,-49.20972,-25.52825
1488728417,-49.20971,-25.52824
1488728431,-49.20971,-25.52824
1488728441,-49.20967,-25.52822
1488728455,-49.20961,-25.52821
1488728465,-49.20963,-25.52821
1488728476,-49.20962,-25.52821
1488728486,-49.20965,-25.5282
1488728496,-49.20967,-25.5282
1488728506,-49.20959,-25.52812
1488728511,-49.2096,-25.52785
1488728516,-49.20963,-25.52752
1488728530,-49.20985,-25.52583
1488728531,-49.20985,-25.52583
1488728540,-49.20966,-25.52577
1488728544,-49.20935,-25.52575
1488728550,-49.20862,-25.52568
1488728561,-49.2075,-25.52553
1488728567,-49.20682,-25.52545
1488728569,-49.20644,-25.52541
1488728573,-49.20618,-25.52538
1488728576,-49.20589,-25.52537
1488728580,-49.20565,-25.52544
1488728584,-49.20535,-25.52557
1488728587,-49.20512,-25.52564
1488728596,-49.20434,-25.52598
1488728598,-49.20411,-25.52609
1488728601,-49.20378,-25.52624
1488728603,-49.20357,-25.52633
1488728611,-49.20266,-25.5267
1488728615,-49.20232,-25.52684
1488728622,-49.20214,-25.52692
1488728627,-49.20208,-25.52713
1488728630,-49.20219,-25.52735
1488728632,-49.20229,-25.52761
1488728646,-49.20228,-25.52786
1488728650,-49.20207,-25.52732
1488728653,-49.20189,-25.52688
1488728655,-49.20179,-25.52666
1488728659,-49.20167,-25.5264
1488728661,-49.2016,-25.52621
1488728663,-49.20149,-25.52596
1488728666,-49.20131,-25.52552
1488728669,-49.20112,-25.52504
1488728671,-49.20098,-25.52469
1488728675,-49.20082,-25.52392
1488728676,-49.20073,-25.52353
1488728679,-49.20064,-25.52317
1488728681,-49.20059,-25.52284
1488728683,-49.20059,-25.52261
1488728694,-49.20058,-25.52247
1488728713,-49.20061,-25.52215
1488728716,-49.20064,-25.52186
1488728718,-49.20067,-25.52167
1488728721,-49.20066,-25.52134
1488728726,-49.2006,-25.52084
1488728729,-49.20057,-25.52056
1488728738,-49.20094,-25.51888
1488728740,-49.20102,-25.51853
1488728741,-49.20105,-25.51835
1488728743,-49.20107,-25.51799
1488728746,-49.20107,-25.51763
1488728750,-49.20103,-25.5174
1488728758,-49.20052,-25.51727
1488728762,-49.20035,-25.51717
1488728771,-49.20045,-25.51648
1488728778,-49.20087,-25.5154
1488728780,-49.20104,-25.51506
1488728782,-49.20124,-25.51471
1488728785,-49.20148,-25.51415
1488728787,-49.20156,-25.51396
1488728791,-49.20194,-25.51312
1488728793,-49.20215,-25.51269
1488728796,-49.20248,-25.51204
1488728798,-49.20271,-25.51161
1488728802,-49.20323,-25.51054
1488728804,-49.20348,-25.50997
1488728806,-49.20355,-25.50979
1488728809,-49.20377,-25.50924
1488728812,-49.20396,-25.50866
1488728817,-49.20422,-25.50808
1488728819,-49.2044,-25.50771
1488728820,-49.20463,-25.50732
1488728822,-49.20475,-25.50713
1488728824,-49.20509,-25.50658
1488728827,-49.20533,-25.50624
1488728833,-49.20591,-25.50536
1488728836,-49.20629,-25.50477
1488728839,-49.20648,-25.50445
1488728842,-49.2069,-25.5038
1488728846,-49.20725,-25.50327
1488728852,-49.20784,-25.50235
1488728855,-49.20806,-25.50199
1488728860,-49.2086,-25.50109
1488728861,-49.2088,-25.50076
1488728863,-49.209,-25.50042
1488728864,-49.20911,-25.50025
1488728871,-49.20977,-25.49926
1488728872,-49.20994,-25.499
1488728875,-49.21011,-25.49875
1488728881,-49.21072,-25.49786
1488728883,-49.21104,-25.49739
1488728884,-49.21115,-25.49723
1488728892,-49.21188,-25.49617
1488728893,-49.21207,-25.49588
1488728896,-49.21235,-25.49546
1488728899,-49.21262,-25.49503
1488728903,-49.213,-25.49445
1488728912,-49.21361,-25.4935
1488728916,-49.21395,-25.49293
1488728918,-49.21405,-25.49277
1488728920,-49.21419,-25.49258
1488728923,-49.21429,-25.49241
1488728925,-49.21445,-25.49218
1488728933,-49.21487,-25.49157
1488728937,-49.2151,-25.49126
1488728940,-49.21531,-25.49099
1488728947,-49.21584,-25.49029
1488728950,-49.21618,-25.4899
1488728955,-49.21681,-25.48906
1488728960,-49.21714,-25.48865
1488728962,-49.21754,-25.48808
1488728964,-49.21776,-25.4878
1488728968,-49.21808,-25.48736
1488728971,-49.21853,-25.48675
1488728978,-49.21913,-25.48594
1488728980,-49.21931,-25.48568
1488728986,-49.2194,-25.48551
1488728994,-49.21949,-25.48532
1488729001,-49.21985,-25.48484
1488729003,-49.21999,-25.48467
1488729006,-49.22013,-25.48448
1488729009,-49.22037,-25.48416
1488729012,-49.22054,-25.48395
1488729013,-49.2207,-25.48373
1488729015,-49.22093,-25.48342
1488729027,-49.22181,-25.48219
1488729028,-49.22198,-25.48197
1488729031,-49.22215,-25.48175
1488729032,-49.22232,-25.48151
1488729037,-49.22266,-25.48103
1488729040,-49.22284,-25.48079
1488729051,-49.22396,-25.47925
1488729057,-49.22442,-25.47863
1488729060,-49.22465,-25.4783
1488729062,-49.22481,-25.47808
1488729066,-49.22504,-25.47777
1488729072,-49.22565,-25.47692
1488729076,-49.22603,-25.47641
1488729080,-49.2264,-25.47593
1488729082,-49.22657,-25.47569
1488729097,-49.2278,-25.47396
1488729102,-49.22819,-25.47346
1488729108,-49.22874,-25.47272
1488729110,-49.22892,-25.47246
1488729113,-49.22918,-25.47212
1488729120,-49.22971,-25.47135
1488729122,-49.22988,-25.47114
1488729124,-49.23005,-25.4709
1488729129,-49.23048,-25.47029
1488729133,-49.23081,-25.46987
1488729136,-49.23105,-25.46953
1488729141,-49.23151,-25.46888
1488729145,-49.23189,-25.46838
1488729147,-49.23207,-25.46813
1488729153,-49.23258,-25.46746
1488729156,-49.23282,-25.46711
1488729160,-49.23316,-25.46668
1488729162,-49.23333,-25.46645
1488729166,-49.23372,-25.46599
1488729168,-49.23389,-25.46576
1488729172,-49.23428,-25.46523
1488729175,-49.23445,-25.46498
1488729176,-49.23463,-25.46474
1488729178,-49.23483,-25.46446
1488729180,-49.23502,-25.46418
1488729182,-49.23521,-25.4639
1488729186,-49.23556,-25.46338
1488729188,-49.23571,-25.46317
1488729191,-49.2359,-25.46291
1488729198,-49.23603,-25.46277
1488729209,-49.23605,-25.46269
1488729216,-49.23616,-25.46251
1488729220,-49.23639,-25.46218
1488729223,-49.23659,-25.46191
1488729225,-49.23673,-25.46171
1488729227,-49.23687,-25.4615
1488729230,-49.2371,-25.46119
1488729232,-49.23727,-25.46099
1488729235,-49.2375,-25.46065
1488729239,-49.2378,-25.46023
1488729241,-49.23794,-25.46008
1488729244,-49.23809,-25.45988
1488729248,-49.23819,-25.45971
1488729258,-49.23825,-25.45967
1488729263,-49.23844,-25.45942
1488729267,-49.23871,-25.45907
1488729270,-49.23891,-25.45877
1488729272,-49.23908,-25.45856
1488729274,-49.23925,-25.45833
1488729276,-49.2394,-25.45811
1488729278,-49.23956,-25.45791
1488729280,-49.2397,-25.4577
1488729286,-49.24017,-25.45704
1488729288,-49.24033,-25.45681
1488729290,-49.24049,-25.4566
1488729293,-49.24074,-25.45624
1488729295,-49.24092,-25.45601
1488729297,-49.24109,-25.45577
1488729299,-49.24126,-25.45553
1488729301,-49.24145,-25.45528
1488729305,-49.24181,-25.45477
1488729307,-49.24199,-25.45452
1488729309,-49.24217,-25.45427
1488729311,-49.24237,-25.45402
1488729313,-49.24255,-25.45376
1488729324,-49.24364,-25.45229
1488729326,-49.24384,-25.452
1488729328,-49.24406,-25.45171
1488729330,-49.24426,-25.45142
1488729332,-49.24447,-25.45115
1488729337,-49.24496,-25.45045
1488729339,-49.24516,-25.45018
1488729344,-49.2456,-25.44958
1488729347,-49.24587,-25.44922
1488729349,-49.24605,-25.44897
1488729352,-49.24633,-25.44859
1488729354,-49.24652,-25.44834
1488729356,-49.24671,-25.44808
1488729358,-49.24689,-25.44782
1488729362,-49.24724,-25.44733
1488729364,-49.24739,-25.4471
1488729366,-49.24755,-25.4469
1488729371,-49.2479,-25.44642
1488729375,-49.24821,-25.44601
1488729377,-49.24837,-25.44578
1488729385,-49.24914,-25.44475
1488729389,-49.24958,-25.4442
1488729391,-49.24977,-25.44393
1488729393,-49.24997,-25.44366
1488729395,-49.25016,-25.4434
1488729397,-49.25037,-25.44314
1488729400,-49.25065,-25.44276
1488729402,-49.25082,-25.44253
1488729405,-49.25111,-25.44228
1488729407,-49.25137,-25.44218
1488729409,-49.25166,-25.44212
1488729411,-49.25196,-25.44205
1488729414,-49.25241,-25.44189
1488729416,-49.2527,-25.44173
1488729418,-49.25295,-25.44158
1488729420,-49.25319,-25.44146
1488729423,-49.25341,-25.44136
1488729434,-49.25345,-25.44134
1488729444,-49.25347,-25.44134
1488729454,-49.25344,-25.44133
1488729474,-49.25368,-25.44123
1488729476,-49.25387,-25.44118
1488729479,-49.25426,-25.44108
1488729481,-49.25458,-25.44099
1488729487,-49.25564,-25.44077
1488729490,-49.25617,-25.44075
1488729498,-49.25743,-25.44008
1488729499,-49.25757,-25.43993
1488729500,-49.25769,-25.43976
1488729502,-49.25795,-25.43944
1488729504,-49.25819,-25.43912
1488729507,-49.25843,-25.43879
1488729508,-49.25873,-25.43852
1488729509,-49.25888,-25.43839
1488729511,-49.25919,-25.43814
1488729516,-49.25992,-25.43755
1488729518,-49.26013,-25.43735
1488729522,-49.26026,-25.43716
1488729532,-49.26021,-25.43724
1488729543,-49.26022,-25.43721
1488729555,-49.26022,-25.43718
1488729576,-49.26022,-25.43718
1488729582,-49.26032,-25.43696
1488729585,-49.26034,-25.43664
1488729588,-49.26032,-25.43631
1488729592,-49.26027,-25.43607
1488729598,-49.26029,-25.43578
1488729600,-49.26035,-25.43554
1488729603,-49.26042,-25.43528
1488729605,-49.26052,-25.43509
1488729608,-49.26066,-25.43482
1488729611,-49.26075,-25.43451
1488729614,-49.26088,-25.43427
1488729618,-49.26095,-25.43407
1488729629,-49.26103,-25.43405
1488729639,-49.26102,-25.43405
1488729649,-49.26101,-25.43405
1488729659,-49.26102,-25.43405
1488729673,-49.26121,-25.43363
1488729676,-49.2613,-25.43343
1488729679,-49.26142,-25.43319
1488729683,-49.26154,-25.43288
1488729688,-49.26176,-25.4324
1488729690,-49.26181,-25.43222
1488729692,-49.26187,-25.43204
1488729694,-49.26195,-25.43187
1488729703,-49.26241,-25.43096
1488729710,-49.26275,-25.43026
1488729712,-49.26283,-25.43004
1488729714,-49.26293,-25.42983
1488729716,-49.26302,-25.42963
1488729719,-49.26315,-25.42932
1488729721,-49.26324,-25.42916
1488729724,-49.26333,-25.42894
1488729740,-49.26379,-25.42901
1488729750,-49.26382,-25.42901
1488729760,-49.26382,-25.429
1488729777,-49.264,-25.42915
1488729780,-49.26428,-25.42925
1488729783,-49.2646,-25.42938
1488729785,-49.26485,-25.42947
1488729788,-49.26525,-25.4296
1488729790,-49.26551,-25.42971
1488729793,-49.26585,-25.42985
1488729798,-49.26643,-25.43006
1488729801,-49.26675,-25.43017
1488729804,-49.26705,-25.43029
1488729806,-49.26726,-25.43037
1488729809,-49.26757,-25.43049
1488729813,-49.26803,-25.43068
1488729815,-49.26826,-25.4308
1488729817,-49.2685,-25.43085
1488729819,-49.26871,-25.43086
1488729830,-49.26872,-25.43088
1488729833,-49.26893,-25.43105
1488729836,-49.26917,-25.43118
1488729839,-49.26938,-25.43128
1488729842,-49.26958,-25.43136
1488729850,-49.27006,-25.43152
1488729860,-49.27073,-25.43182
1488729867,-49.27116,-25.43198
1488729870,-49.27135,-25.43206
1488729873,-49.2716,-25.43216
1488729875,-49.27179,-25.43223
1488729882,-49.27234,-25.43254
1488729886,-49.27216,-25.43283
1488729897,-49.27213,-25.43296
1488729917,-49.27207,-25.43296
1488729938,-49.27209,-25.43293
1488729948,-49.27209,-25.4329
1488729958,-49.2721,-25.43291
1488729968,-49.2721,-25.43291
1488729978,-49.2721,-25.43291
1488729988,-49.27196,-25.43309
1488729991,-49.27193,-25.43332
1488729995,-49.27198,-25.43354
1488729997,-49.27206,-25.43375
1488730001,-49.2723,-25.43376
1488730009,-49.27231,-25.43419
1488730013,-49.27212,-25.43438
1488730022,-49.27198,-25.43494
1488730024,-49.27187,-25.43515
1488730032,-49.27171,-25.43562
1488730043,-49.27162,-25.43564
1488730063,-49.27158,-25.43563
1488730074,-49.27158,-25.43563
1488730075,-49.27139,-25.43581
1488730081,-49.27092,-25.4356
1488730092,-49.27093,-25.43559
1488730102,-49.27092,-25.43559
1488730112,-49.27092,-25.43556
1488730122,-49.27077,-25.43551
1488730125,-49.27052,-25.4356
1488730127,-49.27027,-25.43544
1488730129,-49.27007,-25.43534
1488730132,-49.26994,-25.43518
1488730136,-49.26997,-25.4349
1488730138,-49.27011,-25.4347
1488730140,-49.27021,-25.43449
1488730142,-49.27029,-25.43432
1488730145,-49.27036,-25.43413
1488730156,-49.27049,-25.43415
1488730165,-49.2706,-25.434
1488730172,-49.27069,-25.43359
1488730179,-49.27093,-25.43308
1488730185,-49.27115,-25.43265
1488730189,-49.27134,-25.43231
1488730191,-49.27145,-25.4321
1488730195,-49.27159,-25.43179
1488730198,-49.27168,-25.43161
1488730202,-49.27183,-25.43137
1488730206,-49.27191,-25.43118
1488730216,-49.27192,-25.43106
1488730237,-49.27204,-25.43087
1488730239,-49.27212,-25.43067
1488730249,-49.27215,-25.4306
1488730259,-49.27215,-25.4306
1488730269,-49.27215,-25.4306
1488730280,-49.27216,-25.4306
1488730290,-49.27216,-25.4306
1488730295,-49.27225,-25.43039
1488730299,-49.27207,-25.43011
1488730303,-49.27167,-25.43001
1488730304,-49.27146,-25.42999
1488730309,-49.27122,-25.4299
1488730319,-49.27139,-25.42995
1488730330,-49.2714,-25.42998
1488730340,-49.2714,-25.42998
1488730355,-49.27108,-25.42971
1488730359,-49.27116,-25.42947
1488730362,-49.27124,-25.42929
1488730365,-49.27126,-25.429
1488730368,-49.2712,-25.42873
1488730378,-49.2712,-25.42856
1488730389,-49.2712,-25.42858
1488730399,-49.2712,-25.42857
1488730409,-49.2712,-25.42857
1488730419,-49.2712,-25.42857
1488730430,-49.2712,-25.42857
1488730440,-49.27115,-25.42854
1488730450,-49.27109,-25.42827
1488730453,-49.27107,-25.42808
1488730456,-49.27122,-25.42792
1488730459,-49.27151,-25.42806
1488730467,-49.2723,-25.42827
1488730469,-49.2725,-25.42834
1488730471,-49.27269,-25.42843
1488730473,-49.2729,-25.42851
1488730483,-49.27298,-25.4286
1488730493,-49.27299,-25.42856
1488730504,-49.27309,-25.42872
1488730508,-49.273,-25.42896
1488730511,-49.2729,-25.42915
1488730515,-49.27275,-25.42928
1488730526,-49.27277,-25.42931
1488730536,-49.27277,-25.42931
1488730546,-49.27277,-25.42931
1488730555,-49.27266,-25.42955
1488730559,-49.27251,-25.42983
1488730570,-49.2725,-25.42994
1488730580,-49.2725,-25.42993
1488730590,-49.27247,-25.42991
1488730600,-49.27247,-25.4299
1488730613,-49.27247,-25.43033
1488730623,-49.27264,-25.43047
1488730626,-49.27283,-25.43056
1488730630,-49.27316,-25.4306
1488730634,-49.27349,-25.43069
1488730641,-49.27375,-25.43078
1488730652,-49.27401,-25.43117
1488730656,-49.27388,-25.43146
1488730659,-49.27379,-25.43165
1488730668,-49.27376,-25.43184
1488730675,-49.27387,-25.43204
1488730681,-49.27404,-25.43214
1488730692,-49.27414,-25.4321
1488730698,-49.27444,-25.4322
1488730701,-49.27464,-25.43224
1488730705,-49.27485,-25.43207
1488730710,-49.27501,-25.43175
1488730711,-49.27496,-25.43148
1488730717,-49.27541,-25.43121
1488730720,-49.27576,-25.43138
1488730722,-49.276,-25.43146
1488730727,-49.2766,-25.43167
1488730730,-49.27688,-25.43176
1488730740,-49.27713,-25.43186
1488730742,-49.27731,-25.43196
1488730744,-49.2775,-25.43203
1488730748,-49.27776,-25.43214
1488730752,-49.27794,-25.43222
1488730760,-49.27797,-25.43279
1488730762,-49.27788,-25.43297
1488730766,-49.27778,-25.43322
1488730777,-49.27769,-25.43332
1488730787,-49.27766,-25.43332
1488730794,-49.27748,-25.43355
1488730799,-49.27714,-25.43392
1488730802,-49.27698,-25.43413
1488730805,-49.27674,-25.43426
1488730807,-49.27662,-25.43441
1488730809,-49.27645,-25.43456
1488730813,-49.27606,-25.43489
1488730816,-49.27577,-25.43513
1488730818,-49.27556,-25.43528
1488730823,-49.27514,-25.43569
1488730825,-49.27505,-25.43586
1488730828,-49.27494,-25.4361
1488730831,-49.27484,-25.43632
1488730836,-49.27472,-25.43654
1488730841,-49.27461,-25.43672
1488730843,-49.27447,-25.43692
1488730846,-49.27435,-25.43715
1488730852,-49.27409,-25.43775
1488730854,-49.274,-25.438
1488730857,-49.27387,-25.43831
1488730860,-49.2738,-25.43849
1488730870,-49.27373,-25.4385
1488730880,-49.27373,-25.43847
1488730891,-49.27373,-25.43848
1488730901,-49.27375,-25.43851
1488730910,-49.27355,-25.43892
1488730912,-49.27345,-25.43909
1488730915,-49.27334,-25.43934
1488730918,-49.27324,-25.43954
1488730931,-49.27311,-25.43976
1488730940,-49.27296,-25.44009
1488730942,-49.2729,-25.44028
1488730945,-49.27282,-25.44054
1488730947,-49.27274,-25.44078
1488730951,-49.27248,-25.44115
1488730954,-49.27236,-25.4414
1488730959,-49.27206,-25.44147
1488730962,-49.27184,-25.44138
1488730967,-49.27162,-25.44131
1488730977,-49.27141,-25.44124
1488730981,-49.27111,-25.44114
1488730985,-49.27073,-25.44101
1488730987,-49.27055,-25.44093
1488730989,-49.27035,-25.44088
1488730991,-49.27016,-25.44081
1488730993,-49.26995,-25.44078
1488730997,-49.26964,-25.44066
1488731000,-49.26938,-25.44054
1488731002,-49.26921,-25.44045
1488731005,-49.2689,-25.44033
1488731008,-49.2686,-25.44022
1488731010,-49.2684,-25.44014
1488731015,-49.2679,-25.43996
1488731022,-49.26722,-25.43966
1488731024,-49.26701,-25.4396
1488731027,-49.26672,-25.4395
1488731032,-49.26633,-25.43934
1488731033,-49.26611,-25.43928
1488731037,-49.26572,-25.43913
1488731041,-49.26535,-25.43898
1488731043,-49.26513,-25.4389
1488731045,-49.26493,-25.43883
1488731048,-49.26474,-25.43876
1488731049,-49.26453,-25.43871
1488731053,-49.26414,-25.43856
1488731056,-49.26387,-25.43843
1488731058,-49.26368,-25.43837
1488731062,-49.26332,-25.43824
1488731066,-49.26311,-25.4382
1488731076,-49.26298,-25.43826
1488731087,-49.26297,-25.43829
1488731097,-49.26297,-25.4383
1488731107,-49.26297,-25.4383
1488731117,-49.26296,-25.43829
1488731138,-49.26292,-25.43826
1488731148,-49.2629,-25.43826
1488731158,-49.26289,-25.43825
1488731169,-49.26287,-25.43824
1488731179,-49.26284,-25.43829
1488731189,-49.2629,-25.4383
1488731199,-49.26291,-25.4383
1488731209,-49.26291,-25.43829
1488731220,-49.26291,-25.43828
1488731230,-49.26291,-25.43828
1488731240,-49.26291,-25.43828
1488731250,-49.26291,-25.43828
1488731261,-49.26291,-25.43828
1488731271,-49.26289,-25.43824
1488731281,-49.26277,-25.43818
1488731285,-49.26257,-25.43833
1488731287,-49.26248,-25.43852
1488731289,-49.26238,-25.43873
1488731291,-49.26224,-25.43897
1488731297,-49.2619,-25.43978
1488731300,-49.26169,-25.44017
1488731302,-49.26161,-25.44047
1488731303,-49.26164,-25.44066
1488731306,-49.26145,-25.44081
1488731317,-49.26134,-25.44077
1488731327,-49.26141,-25.44077
1488731337,-49.26088,-25.44077
1488731340,-49.26061,-25.4407
1488731350,-49.26046,-25.44059
1488731361,-49.26047,-25.44056
1488731371,-49.26048,-25.44059
1488731392,-49.26032,-25.44055
1488731395,-49.26008,-25.44046
1488731398,-49.25989,-25.44038
1488731399,-49.25968,-25.44024
1488731402,-49.25932,-25.43998
1488731404,-49.25904,-25.43984
1488731409,-49.25829,-25.43961
1488731412,-49.25789,-25.43941
1488731418,-49.25715,-25.43889
1488731421,-49.25656,-25.43855
1488731424,-49.25614,-25.43824
1488731428,-49.25557,-25.43789
1488731431,-49.25516,-25.43759
1488731435,-49.25466,-25.43722
1488731437,-49.25447,-25.43703
1488731439,-49.25432,-25.43681
1488731442,-49.25403,-25.43653
1488731444,-49.25379,-25.43635
1488731449,-49.25338,-25.43603
1488731453,-49.25266,-25.43593
1488731455,-49.25238,-25.43595
1488731458,-49.25204,-25.43596
1488731459,-49.25171,-25.43596
1488731461,-49.25139,-25.43595
1488731463,-49.25108,-25.43595
1488731467,-49.25062,-25.43593
1488731469,-49.25017,-25.43595
1488731475,-49.24975,-25.43622
1488731481,-49.24948,-25.43691
1488731484,-49.24937,-25.43718
1488731485,-49.24925,-25.43743
1488731490,-49.24908,-25.43785
1488731494,-49.24925,-25.43798
1488731497,-49.24959,-25.43813
1488731499,-49.24982,-25.43824
1488731501,-49.25007,-25.43832
1488731504,-49.25028,-25.43839
1488731506,-49.25054,-25.43849
1488731516,-49.2506,-25.43849
1488731527,-49.25057,-25.43845
1488731548,-49.25061,-25.43845
1488731557,-49.25075,-25.43864
1488731560,-49.25067,-25.43887
1488731562,-49.25053,-25.43902
1488731564,-49.25028,-25.43915
1488731570,-49.25016,-25.43931
1488731580,-49.25018,-25.43931
1488731589,-49.24998,-25.43946
1488731592,-49.24983,-25.43966
1488731595,-49.24965,-25.43991
1488731602,-49.24937,-25.44045
1488731605,-49.24943,-25.44062
1488731608,-49.24945,-25.44084
1488731612,-49.24927,-25.44115
1488731614,-49.24914,-25.44129
1488731622,-49.24851,-25.44157
1488731623,-49.24839,-25.44173
1488731626,-49.24824,-25.44196
1488731629,-49.24802,-25.44216
1488731631,-49.24782,-25.44225
1488731634,-49.24754,-25.44234
1488731637,-49.24724,-25.44243
1488731641,-49.24676,-25.4426
1488731646,-49.24614,-25.44284
1488731649,-49.24577,-25.44295
1488731653,-49.24532,-25.44313
1488731655,-49.24511,-25.44323
1488731657,-49.24494,-25.44334
1488731659,-49.24478,-25.44348
1488731661,-49.24463,-25.44362
1488731665,-49.24445,-25.44371
1488731670,-49.24426,-25.44379
1488731674,-49.24394,-25.4439
1488731682,-49.24314,-25.44415
1488731686,-49.24273,-25.44419
1488731688,-49.2425,-25.44417
1488731690,-49.24227,-25.44417
1488731692,-49.24202,-25.44417
1488731694,-49.24177,-25.44418
1488731700,-49.24102,-25.44418
1488731702,-49.24079,-25.44418
1488731704,-49.24057,-25.44419
1488731711,-49.23987,-25.44421
1488731720,-49.23908,-25.44419
1488731722,-49.23885,-25.44417
1488731725,-49.23853,-25.44417
1488731728,-49.23821,-25.4441
1488731731,-49.23793,-25.44408
1488731734,-49.23766,-25.44406
1488731736,-49.23745,-25.44404
1488731739,-49.23716,-25.44402
1488731741,-49.23692,-25.44397
1488731745,-49.2364,-25.44394
1488731747,-49.23613,-25.44389
1488731758,-49.23478,-25.44377
1488731760,-49.23457,-25.44375
1488731762,-49.23436,-25.44372
1488731764,-49.23411,-25.44371
1488731766,-49.23381,-25.44376
1488731769,-49.23339,-25.44397
1488731771,-49.23317,-25.44419
1488731773,-49.23293,-25.44445
1488731776,-49.23262,-25.44484
1488731779,-49.23239,-25.44511
1488731784,-49.23179,-25.44587
1488731787,-49.23148,-25.44626
1488731791,-49.23105,-25.4468
1488731793,-49.23084,-25.44708
1488731796,-49.23049,-25.44753
1488731805,-49.22943,-25.44887
1488731810,-49.22878,-25.44969
1488731813,-49.22837,-25.45022
1488731815,-49.22824,-25.4504
1488731816,-49.2281,-25.45058
1488731820,-49.2274,-25.45144
1488731822,-49.22713,-25.45178
1488731823,-49.227,-25.45195
1488731829,-49.22617,-25.45296
1488731833,-49.22563,-25.45365
1488731837,-49.22504,-25.45436
1488731839,-49.22474,-25.45472
1488731843,-49.22414,-25.45546
1488731844,-49.22398,-25.45564
1488731846,-49.2237,-25.45601
1488731850,-49.2231,-25.45673
1488731853,-49.22266,-25.45727
1488731855,-49.22252,-25.45746
1488731857,-49.2221,-25.45803
1488731862,-49.22137,-25.45896
1488731867,-49.22065,-25.45985
1488731868,-49.2205,-25.46004
1488731870,-49.22022,-25.46039
1488731872,-49.22009,-25.46057
1488731876,-49.21955,-25.46128
1488731877,-49.21926,-25.46161
1488731878,-49.21912,-25.46178
1488731883,-49.21842,-25.46266
1488731886,-49.218,-25.46319
1488731889,-49.21758,-25.46369
1488731892,-49.21718,-25.46422
1488731896,-49.21664,-25.46489
1488731897,-49.2165,-25.46507
1488731899,-49.21623,-25.46542
1488731900,-49.2161,-25.46559
1488731904,-49.21553,-25.46628
1488731906,-49.21526,-25.46663
1488731909,-49.21482,-25.46716
1488731910,-49.21467,-25.46734
1488731913,-49.21423,-25.46789
1488731914,-49.21408,-25.46809
1488731917,-49.21365,-25.46865
1488731918,-49.21351,-25.46884
1488731920,-49.21321,-25.46921
1488731921,-49.21306,-25.46937
1488731923,-49.2129,-25.46955
1488731924,-49.21263,-25.46991
1488731926,-49.21236,-25.47027
1488731933,-49.21131,-25.47154
1488731934,-49.21117,-25.47172
1488731938,-49.21072,-25.47231
1488731939,-49.21041,-25.4727
1488731940,-49.21026,-25.47289
1488731942,-49.20996,-25.47329
1488731943,-49.20981,-25.47348
1488731945,-49.20965,-25.47367
1488731949,-49.20883,-25.47461
1488731951,-49.20849,-25.47496
1488731955,-49.20775,-25.47559
1488731958,-49.20715,-25.47603
1488731962,-49.20634,-25.47655
1488731964,-49.20591,-25.47679
1488731965,-49.20572,-25.4769
1488731966,-49.20552,-25.47701
1488731970,-49.20487,-25.47731
1488731971,-49.2044,-25.47752
1488731974,-49.2037,-25.47783
1488731985,-49.20106,-25.47901
1488731991,-49.19948,-25.47972
1488731993,-49.19923,-25.47985
1488731994,-49.19876,-25.48005
1488731997,-49.19807,-25.48038
1488731999,-49.19765,-25.48053
1488732001,-49.19725,-25.4807
1488732007,-49.19628,-25.48116
1488732008,-49.19592,-25.48133
1488732010,-49.19559,-25.48149
1488732021,-49.19515,-25.48192
1488732022,-49.19535,-25.48186
1488732024,-49.19556,-25.48177
1488732026,-49.1958,-25.4817
1488732035,-49.19648,-25.48146
1488732041,-49.19719,-25.48111
1488732045,-49.19744,-25.48099
1488732047,-49.19767,-25.48088
1488732050,-49.19788,-25.4808
1488732052,-49.19807,-25.48069
1488732055,-49.19833,-25.4806
1488732059,-49.19853,-25.48052
1488732069,-49.19864,-25.48058
1488732076,-49.19873,-25.48078
1488732086,-49.19876,-25.48087
1488732097,-49.19877,-25.48087
1488732107,-49.19877,-25.48088
1488732117,-49.19877,-25.48088
1488732127,-49.19877,-25.48088
1488732138,-49.19877,-25.48088
1488732149,-49.19877,-25.48088
1488732159,-49.19877,-25.48088
1488732170,-49.19877,-25.48088
1488732180,-49.19877,-25.48088
1488732191,-49.19877,-25.48088
1488732202,-49.19877,-25.48088
1488732212,-49.19877,-25.48088
1488732223,-49.19877,-25.48088
1488732233,-49.19877,-25.48088
1488732243,-49.19877,-25.48088
1488732254,-49.19877,-25.48088
1488732264,-49.19877,-25.48088
1488732275,-49.19877,-25.48088
1488732285,-49.19877,-25.48088
1488732296,-49.19877,-25.48088
1488732306,-49.19877,-25.48088
1488732316,-49.19877,-25.48088
1488732327,-49.19877,-25.48088
1488732337,-49.19877,-25.48088
1488732347,-49.19877,-25.48088
1488732358,-49.19877,-25.48088
1488732368,-49.19877,-25.48088
1488732379,-49.19877,-25.48088
1488732390,-49.19877,-25.48088
1488732400,-49.19877,-25.48088
1488732411,-49.19877,-25.48088
1488732421,-49.19877,-25.48088
1488732442,-49.19877,-25.48088
1488732453,-49.19877,-25.48088
1488732473,-49.19877,-25.48088
1488732484,-49.19877,-25.48088
1488732494,-49.19877,-25.48088
1488732505,-49.19877,-25.48088
1488732515,-49.19877,-25.48088
1488732525,-49.19877,-25.48088
1488732536,-49.19877,-25.48088
1488732557,-49.19877,-25.48088
1488732567,-49.19877,-25.48088
1488732578,-49.19877,-25.48088
1488732675,-49.19872,-25.48087
