1487679561,-43.96191,-19.63202
1487679565,-43.96138,-19.63248
1487679576,-43.96102,-19.63275
1487679579,-43.96075,-19.63302
1487679583,-43.96056,-19.63317
1487679588,-43.9604,-19.63337
1487679591,-43.96021,-19.63353
1487679595,-43.96004,-19.63378
1487679599,-43.95981,-19.63413
1487679613,-43.95888,-19.63533
1487679618,-43.9588,-19.63579
1487679620,-43.95866,-19.63604
1487679621,-43.9585,-19.63636
1487679623,-43.95836,-19.63667
1487679626,-43.95823,-19.63693
1487679628,-43.95811,-19.6372
1487679631,-43.95775,-19.63773
1487679634,-43.95754,-19.63797
1487679635,-43.95729,-19.63823
1487679654,-43.9549,-19.64078
1487679655,-43.95463,-19.64107
1487679657,-43.95435,-19.64137
1487679659,-43.95407,-19.64168
1487679662,-43.9538,-19.64199
1487679663,-43.95351,-19.6423
1487679665,-43.95325,-19.64261
1487679668,-43.95295,-19.64291
1487679669,-43.95265,-19.64323
1487679671,-43.95237,-19.64354
1487679673,-43.95206,-19.64386
1487679688,-43.94995,-19.64619
1487679696,-43.94904,-19.64767
1487679701,-43.94857,-19.64888
1487679704,-43.94839,-19.6493
1487679709,-43.94794,-19.65007
1487679711,-43.94743,-19.65077
1487679728,-43.94488,-19.65322
1487679735,-43.94396,-19.65446
1487679738,-43.94372,-19.65476
1487679739,-43.94347,-19.65511
1487679745,-43.94268,-19.65615
1487679749,-43.94216,-19.65689
1487679750,-43.94216,-19.65689
1487679753,-43.94165,-19.65756
1487679762,-43.94058,-19.65895
1487679768,-43.93941,-19.65989
1487679769,-43.93893,-19.66016
1487679776,-43.93745,-19.66076
1487679777,-43.93694,-19.66096
1487679779,-43.93648,-19.66116
1487679782,-43.93601,-19.66138
1487679787,-43.93482,-19.66209
1487679790,-43.93443,-19.66234
1487679807,-43.93142,-19.66537
1487679809,-43.93113,-19.66576
1487679812,-43.93082,-19.6662
1487679813,-43.93042,-19.66663
1487679816,-43.92999,-19.66712
1487679821,-43.92898,-19.66848
1487679824,-43.92857,-19.66889
1487679825,-43.92816,-19.66926
1487679840,-43.92487,-19.6713
1487679841,-43.92436,-19.67151
1487679843,-43.92386,-19.67173
1487679850,-43.92874,-19.66823
1487679855,-43.92075,-19.67304
1487679857,-43.92022,-19.67326
1487679859,-43.91967,-19.67345
1487679861,-43.9191,-19.6736
1487679864,-43.91855,-19.67366
1487679877,-43.91452,-19.67309
1487679882,-43.91338,-19.67293
1487679886,-43.91228,-19.67305
1487679887,-43.91175,-19.67321
1487679889,-43.91125,-19.67345
1487679891,-43.9108,-19.67375
1487679893,-43.91041,-19.67409
1487679896,-43.91007,-19.67445
1487679897,-43.90974,-19.67487
1487679899,-43.90939,-19.67527
1487679902,-43.90907,-19.67568
1487679919,-43.90536,-19.67886
1487679925,-43.90456,-19.67963
1487679930,-43.90382,-19.68101
1487679932,-43.9037,-19.68153
1487679933,-43.90368,-19.68209
1487679936,-43.90377,-19.68259
1487679938,-43.90391,-19.68308
1487679939,-43.90409,-19.68357
1487679941,-43.90429,-19.68404
1487679964,-43.90659,-19.68861
1487679965,-43.90655,-19.68911
1487679970,-43.90648,-19.69014
1487679972,-43.90647,-19.69064
1487679975,-43.9064,-19.69167
1487679978,-43.90633,-19.69218
1487679981,-43.90632,-19.6932
1487679984,-43.90633,-19.69371
1487679985,-43.90646,-19.69421
1487680003,-43.90997,-19.6974
1487680006,-43.91043,-19.69771
1487680009,-43.91132,-19.69831
1487680012,-43.91177,-19.69863
1487680013,-43.91219,-19.69896
1487680018,-43.91302,-19.69964
1487680020,-43.9134,-19.69996
1487680021,-43.91376,-19.7003
1487680024,-43.91415,-19.70064
1487680043,-43.91804,-19.70416
1487680046,-43.91851,-19.70444
1487680050,-43.91953,-19.70483
1487680052,-43.92003,-19.70498
1487680053,-43.92051,-19.70516
1487680055,-43.921,-19.70535
1487680059,-43.92145,-19.70562
1487680061,-43.92187,-19.70594
1487680062,-43.92224,-19.70628
1487680063,-43.92255,-19.70667
1487680079,-43.92479,-19.71014
1487680082,-43.92507,-19.71055
1487680089,-43.92621,-19.71233
1487680091,-43.92649,-19.7128
1487680094,-43.92684,-19.71325
1487680095,-43.92713,-19.71372
1487680097,-43.92745,-19.71417
1487680100,-43.92774,-19.71463
1487680101,-43.92805,-19.7151
1487680120,-43.93089,-19.7195
1487680121,-43.93125,-19.72001
1487680123,-43.93163,-19.72053
1487680126,-43.93201,-19.72103
1487680127,-43.93243,-19.72147
1487680131,-43.93326,-19.72232
1487680133,-43.93368,-19.72273
1487680135,-43.93408,-19.72311
1487680137,-43.93449,-19.7235
1487680140,-43.93491,-19.72391
1487680141,-43.93531,-19.72431
1487680159,-43.93884,-19.72771
1487680170,-43.94082,-19.72961
1487680171,-43.94123,-19.73002
1487680174,-43.94165,-19.73043
1487680176,-43.94205,-19.73083
1487680179,-43.94284,-19.73169
1487680240,-43.95117,-19.7453
1487680242,-43.95121,-19.74581
1487680243,-43.95111,-19.74628
1487680245,-43.95107,-19.74677
1487680248,-43.95099,-19.74726
1487680259,-43.94994,-19.74961
1487680288,-43.94774,-19.75649
1487680289,-43.94775,-19.75692
1487680291,-43.95332,-19.74312
1487680294,-43.94779,-19.75766
1487680295,-43.94782,-19.75794
1487680297,-43.94785,-19.75823
1487680317,-43.9489,-19.76125
1487680319,-43.94895,-19.76155
1487680325,-43.94843,-19.76252
1487680331,-43.94824,-19.76373
1487680334,-43.94831,-19.76411
1487680336,-43.94837,-19.76456
1487680337,-43.94838,-19.76504
1487680342,-43.94843,-19.766
1487680355,-43.94781,-19.76979
1487680362,-43.94864,-19.77101
1487680368,-43.94869,-19.77252
1487680369,-43.94872,-19.77301
1487680371,-43.94872,-19.77353
1487680374,-43.94875,-19.77407
1487680376,-43.94877,-19.77461
1487680379,-43.94882,-19.7757
1487680395,-43.94866,-19.78002
1487680397,-43.95127,-19.78552
1487680399,-43.94873,-19.78102
1487680404,-43.94883,-19.782
1487680408,-43.94888,-19.78307
1487680412,-43.94893,-19.78413
1487680413,-43.94893,-19.78466
1487680415,-43.94895,-19.78519
1487680418,-43.94897,-19.78573
1487680419,-43.94901,-19.78627
1487680438,-43.94922,-19.79095
1487680439,-43.95243,-19.78187
1487680447,-43.94959,-19.79364
1487680449,-43.94968,-19.79421
1487680454,-43.94975,-19.79529
1487680455,-43.94976,-19.79585
1487680457,-43.9498,-19.79637
1487680474,-43.95001,-19.80021
1487680479,-43.95006,-19.80145
1487680481,-43.9467,-19.80339
1487680485,-43.95007,-19.80273
1487680490,-43.95011,-19.80361
1487680491,-43.95012,-19.80408
1487680493,-43.95014,-19.80452
1487680496,-43.95016,-19.80498
1487680497,-43.95018,-19.80546
1487680517,-43.9504,-19.81006
1487680519,-43.95043,-19.81048
1487680523,-43.95053,-19.81108
1487680526,-43.95034,-19.81171
1487680529,-43.95006,-19.81244
1487680532,-43.94989,-19.81281
1487680533,-43.94972,-19.81318
1487680555,-43.94844,-19.81597
1487680560,-43.9483,-19.81626
1487680564,-43.94818,-19.81656
1487680567,-43.94949,-19.81723
1487680569,-43.94789,-19.81713
1487680571,-43.94779,-19.8173
1487680574,-43.94769,-19.81755
1487680575,-43.94758,-19.81777
1487680586,-43.94704,-19.81878
1487680590,-43.94689,-19.81924
1487680596,-43.94655,-19.81988
1487680598,-43.94645,-19.8201
1487680599,-43.94632,-19.82033
1487680602,-43.94624,-19.82053
1487680603,-43.94611,-19.82077
1487680607,-43.94543,-19.82258
1487680609,-43.94599,-19.82117
1487680615,-43.94583,-19.82158
1487680629,-43.94536,-19.82275
1487680632,-43.94493,-19.82341
1487680633,-43.9448,-19.82362
1487680640,-43.94457,-19.82422
1487680645,-43.94426,-19.82482
1487680648,-43.94417,-19.82503
1487680649,-43.94408,-19.82522
1487680652,-43.94395,-19.82545
1487680660,-43.94349,-19.82642
1487680668,-43.94297,-19.82748
1487680669,-43.94282,-19.82776
1487680671,-43.94312,-19.82799
1487680674,-43.94262,-19.82821
1487680675,-43.94251,-19.82849
1487680677,-43.94235,-19.82878
1487680679,-43.94223,-19.82901
1487680685,-43.94183,-19.82982
1487680687,-43.94171,-19.83009
1487680690,-43.94158,-19.83033
1487680691,-43.94151,-19.83053
1487680703,-43.94082,-19.83201
1487680707,-43.94069,-19.8325
1487680712,-43.94063,-19.83298
1487680713,-43.94118,-19.82976
1487680715,-43.94061,-19.8335
1487680717,-43.94059,-19.8338
1487680721,-43.9405,-19.83423
1487680723,-43.94047,-19.83453
1487680725,-43.94046,-19.83478
1487680728,-43.94043,-19.83505
1487680744,-43.93972,-19.8369
1487680746,-43.93954,-19.8371
1487680749,-43.93917,-19.83746
1487680752,-43.93895,-19.8376
1487680754,-43.93879,-19.83771
1487680760,-43.93807,-19.83827
1487680763,-43.93763,-19.8386
1487680765,-43.93737,-19.8388
1487680781,-43.93588,-19.84075
1487680783,-43.93572,-19.84098
1487680786,-43.93558,-19.8412
1487680787,-43.93542,-19.84146
1487680795,-43.93453,-19.84244
1487680797,-43.93638,-19.84001
1487680799,-43.93411,-19.84292
1487680804,-43.93373,-19.84345
1487680805,-43.93356,-19.84373
1487680807,-43.93341,-19.84402
1487680820,-43.93281,-19.84584
1487680821,-43.93274,-19.84614
1487680823,-43.93272,-19.84632
1487680828,-43.93271,-19.84652
1487680838,-43.93274,-19.84655
1487680869,-43.93271,-19.84712
1487680871,-43.93273,-19.84733
1487680873,-43.93276,-19.84762
1487680876,-43.9328,-19.84791
1487680877,-43.93286,-19.8482
1487680881,-43.93299,-19.84881
1487680897,-43.93402,-19.85103
1487680900,-43.93417,-19.85132
1487680908,-43.93481,-19.85244
1487680909,-43.93494,-19.85273
1487680911,-43.93505,-19.85304
1487680913,-43.93516,-19.85335
1487680918,-43.9353,-19.85401
1487680919,-43.93534,-19.85436
1487680920,-43.93381,-19.85061
1487680937,-43.93485,-19.85721
1487680940,-43.93477,-19.85742
1487680942,-43.93467,-19.85762
1487680945,-43.93453,-19.85792
1487680955,-43.93449,-19.85806
1487680988,-43.93365,-19.86008
1487680989,-43.93353,-19.86037
1487680994,-43.93334,-19.86097
1487680996,-43.93325,-19.86128
1487680997,-43.93315,-19.86159
1487681012,-43.93208,-19.86362
1487681017,-43.93144,-19.86422
1487681020,-43.93127,-19.86443
1487681021,-43.93111,-19.86465
1487681025,-43.93077,-19.86504
1487681028,-43.93058,-19.86529
1487681029,-43.93043,-19.86555
1487681033,-43.93006,-19.86606
1487681036,-43.92989,-19.8663
1487681037,-43.92973,-19.86654
1487681067,-43.9288,-19.86766
1487681074,-43.92867,-19.86789
1487681092,-43.92852,-19.86897
1487681095,-43.92849,-19.86921
1487681099,-43.92847,-19.86943
1487681106,-43.9284,-19.86964
1487681136,-43.92838,-19.86966
1487681147,-43.92838,-19.86966
1487681167,-43.92801,-19.87056
1487681172,-43.92789,-19.87088
1487681175,-43.92781,-19.87121
1487681180,-43.92775,-19.87147
1487681186,-43.92768,-19.87169
1487681189,-43.92766,-19.8719
1487681194,-43.9269,-19.87272
1487681205,-43.92765,-19.87238
1487681209,-43.9269,-19.87272
1487681211,-43.92763,-19.87239
1487681218,-43.92771,-19.87256
1487681224,-43.92774,-19.87281
1487681227,-43.92777,-19.873
1487681243,-43.92801,-19.87402
1487681249,-43.92809,-19.87426
1487681254,-43.92818,-19.87444
1487681259,-43.92823,-19.87468
1487681265,-43.92832,-19.87493
1487681285,-43.92868,-19.87603
1487681292,-43.92878,-19.87619
1487681302,-43.92876,-19.8762
1487681321,-43.92907,-19.87729
1487681329,-43.92919,-19.87789
1487681332,-43.92925,-19.87807
1487681333,-43.92931,-19.87827
1487681335,-43.92938,-19.8785
1487681340,-43.92955,-19.87903
1487681359,-43.93031,-19.88223
1487681361,-43.93028,-19.88258
1487681369,-43.92988,-19.88392
1487681372,-43.92977,-19.8842
1487681374,-43.92969,-19.88443
1487681375,-43.92962,-19.88465
1487681377,-43.93023,-19.88381
1487681395,-43.92936,-19.8853
1487681405,-43.92941,-19.88524
1487681416,-43.92942,-19.88535
1487681417,-43.92918,-19.88553
1487681419,-43.92941,-19.8856
1487681438,-43.92944,-19.88756
1487681439,-43.92918,-19.88685
1487681441,-43.92946,-19.8881
1487681443,-43.92946,-19.88837
1487681448,-43.9294,-19.88888
1487681451,-43.92937,-19.88934
1487681453,-43.92927,-19.88955
1487681457,-43.92913,-19.88998
1487681459,-43.92905,-19.89017
1487681477,-43.92849,-19.89202
1487681480,-43.92843,-19.89222
1487681481,-43.92836,-19.89173
1487681483,-43.92831,-19.89261
1487681485,-43.92824,-19.89282
1487681491,-43.92805,-19.89344
1487681493,-43.92797,-19.89368
1487681496,-43.9279,-19.89393
1487681497,-43.92781,-19.89418
1487681510,-43.92654,-19.89465
1487681520,-43.9256,-19.89428
1487681527,-43.92514,-19.89413
1487681528,-43.92494,-19.89408
1487681530,-43.92473,-19.89403
1487681532,-43.9245,-19.89398
1487681549,-43.92257,-19.89377
1487681550,-43.92232,-19.89374
1487681557,-43.92162,-19.8935
1487681558,-43.92139,-19.89332
1487681560,-43.9212,-19.89314
1487681562,-43.92107,-19.89292
1487681566,-43.92086,-19.8925
1487681568,-43.92075,-19.89228
1487681570,-43.92061,-19.89206
1487681574,-43.92033,-19.89163
1487681586,-43.91746,-19.89087
1487681596,-43.9193,-19.88948
1487681600,-43.91917,-19.8892
1487681603,-43.91907,-19.88903
1487681605,-43.91894,-19.88884
1487681606,-43.91881,-19.88864
1487681608,-43.91746,-19.89087
1487681624,-43.9179,-19.88655
1487681630,-43.91762,-19.88596
1487681635,-43.91736,-19.88554
1487681638,-43.917,-19.88513
1487681640,-43.91684,-19.88495
1487681642,-43.91669,-19.88476
1487681645,-43.91652,-19.88459
1487681646,-43.91635,-19.88442
1487681650,-43.91237,-19.88084
1487681656,-43.91559,-19.88362
1487681661,-43.91529,-19.88328
1487681662,-43.91516,-19.88311
1487681668,-43.91484,-19.88272
1487681673,-43.91457,-19.88258
1487681676,-43.91427,-19.88255
1487681680,-43.91401,-19.88264
1487681700,-43.91378,-19.88297
1487681712,-43.91344,-19.88408
1487681714,-43.91335,-19.88431
1487681720,-43.91316,-19.88504
1487681722,-43.9131,-19.88528
1487681725,-43.91307,-19.88554
1487681736,-43.91275,-19.88717
1487681739,-43.91273,-19.88743
1487681742,-43.91268,-19.88795
1487681744,-43.91269,-19.88822
1487681752,-43.91286,-19.88921
1487681754,-43.91295,-19.88941
1487681757,-43.913,-19.8896
1487681770,-43.9133,-19.89048
1487681775,-43.91333,-19.89097
1487681777,-43.91331,-19.89118
1487681778,-43.91326,-19.8914
1487681784,-43.91317,-19.89213
1487681787,-43.91313,-19.8924
1487681789,-43.91302,-19.8926
1487681793,-43.91288,-19.89311
1487681795,-43.91282,-19.89335
1487681820,-43.91213,-19.89582
1487681822,-43.91207,-19.896
1487681825,-43.912,-19.89617
1487681826,-43.912,-19.89636
1487681831,-43.9119,-19.89663
1487681856,-43.91176,-19.89748
1487681860,-43.91152,-19.89736
1487681862,-43.91174,-19.89768
1487681866,-43.91164,-19.89785
1487681872,-43.91177,-19.89807
1487681883,-43.91188,-19.89801
1487681889,-43.91193,-19.89837
1487681893,-43.91192,-19.89795
1487681904,-43.9119,-19.898
1487681925,-43.91185,-19.89796
1487681932,-43.91204,-19.89845
1487681940,-43.91185,-19.89796
1487681950,-43.91185,-19.89796
1487681959,-43.91185,-19.89796
