1486307066,-46.7029,-23.55332
1486307073,-46.7029,-23.55332
1486307084,-46.7029,-23.55332
1486307095,-46.7029,-23.55332
1486307108,-46.7029,-23.55332
1486307114,-46.7029,-23.55332
1486307130,-46.7029,-23.55332
1486307141,-46.7029,-23.55332
1486307151,-46.70291,-23.55331
1486307161,-46.70312,-23.55314
1486307164,-46.70335,-23.55293
1486307167,-46.70345,-23.55275
1486307170,-46.70353,-23.55253
1486307173,-46.70359,-23.55231
1486307177,-46.70359,-23.55198
1486307187,-46.70372,-23.55145
1486307191,-46.70402,-23.55125
1486307195,-46.70435,-23.55107
1486307199,-46.70458,-23.55093
1486307202,-46.70484,-23.55075
1486307208,-46.7049,-23.55057
1486307213,-46.70477,-23.55037
1486307216,-46.70455,-23.55009
1486307218,-46.70443,-23.54993
1486307221,-46.70426,-23.54973
1486307229,-46.70394,-23.54914
1486307233,-46.70374,-23.5489
1486307237,-46.70361,-23.54872
1486307241,-46.70345,-23.54854
1486307248,-46.70318,-23.54867
1486307253,-46.703,-23.54877
1486307258,-46.70276,-23.54887
1486307266,-46.70256,-23.54875
1486307273,-46.70237,-23.54839
1486307278,-46.7021,-23.548
1486307281,-46.70196,-23.54784
1486307283,-46.70181,-23.54761
1486307287,-46.70163,-23.5474
1486307296,-46.70118,-23.54757
1486307300,-46.70099,-23.54766
1486307310,-46.70085,-23.54747
1486307317,-46.70078,-23.54702
1486307320,-46.70091,-23.54742
1486307323,-46.70075,-23.54677
1486307327,-46.70074,-23.54658
1486307340,-46.70065,-23.54685
1486307341,-46.70077,-23.54654
1486307351,-46.70076,-23.54658
1486307361,-46.70074,-23.5466
1486307381,-46.70074,-23.5466
1486307382,-46.70061,-23.54672
1486307392,-46.70074,-23.5466
1486307402,-46.70068,-23.5466
1486307413,-46.70074,-23.5466
1486307423,-46.70074,-23.5466
1486307433,-46.70073,-23.54662
1486307454,-46.70074,-23.54662
1486307464,-46.70074,-23.54662
1486307474,-46.70074,-23.54663
1486307484,-46.70074,-23.54663
1486307495,-46.70074,-23.54663
1486307505,-46.70074,-23.54663
1486307515,-46.70073,-23.54665
1486307525,-46.70073,-23.54664
1486307536,-46.70073,-23.54664
1486307556,-46.70074,-23.54675
1486307566,-46.7007,-23.54671
1486307570,-46.7007,-23.54652
1486307572,-46.70069,-23.54632
1486307576,-46.70066,-23.54606
1486307580,-46.70064,-23.54583
1486307589,-46.7008,-23.5457
1486307591,-46.70105,-23.5457
1486307596,-46.70159,-23.54569
1486307599,-46.70179,-23.5457
1486307601,-46.702,-23.54572
1486307605,-46.70258,-23.54574
1486307607,-46.70281,-23.54576
1486307610,-46.70304,-23.54578
1486307612,-46.70327,-23.54579
1486307614,-46.70348,-23.5458
1486307615,-46.7037,-23.5458
1486307619,-46.70392,-23.5458
1486307624,-46.70423,-23.54566
1486307627,-46.70437,-23.54583
1486307631,-46.70455,-23.54588
1486307636,-46.70465,-23.54606
1486307640,-46.70476,-23.54622
1486307643,-46.70408,-23.54569
1486307645,-46.70479,-23.5463
1486307648,-46.70493,-23.5465
1486307651,-46.70504,-23.54668
1486307657,-46.7052,-23.54679
1486307662,-46.70551,-23.54671
1486307664,-46.70572,-23.54666
1486307674,-46.7059,-23.54667
1486307684,-46.7059,-23.54667
1486307695,-46.706,-23.54678
1486307696,-46.70606,-23.54696
1486307698,-46.70608,-23.54715
1486307701,-46.70608,-23.54736
1486307703,-46.70608,-23.54766
1486307706,-46.70609,-23.54789
1486307722,-46.7061,-23.54829
1486307729,-46.70622,-23.5489
1486307733,-46.70639,-23.54934
1486307735,-46.70648,-23.54951
1486307741,-46.70678,-23.55002
1486307743,-46.70688,-23.55019
1486307746,-46.70597,-23.54842
1486307747,-46.70704,-23.55048
1486307757,-46.70714,-23.5506
1486307767,-46.70714,-23.5506
1486307773,-46.70723,-23.55077
1486307775,-46.70734,-23.55096
1486307778,-46.70747,-23.55115
1486307784,-46.70769,-23.55156
1486307785,-46.70779,-23.55174
1486307787,-46.70787,-23.55194
1486307793,-46.70814,-23.55233
1486307797,-46.70834,-23.5527
1486307803,-46.70847,-23.55288
1486307810,-46.70874,-23.55294
1486307814,-46.70898,-23.55294
1486307825,-46.70914,-23.55298
1486307831,-46.70913,-23.55298
1486307841,-46.70939,-23.55307
1486307848,-46.70972,-23.55342
1486307850,-46.70982,-23.55363
1486307853,-46.70976,-23.55387
1486307858,-46.70966,-23.55416
1486307862,-46.70949,-23.5544
1486307868,-46.70953,-23.55462
1486307873,-46.7097,-23.55489
1486307883,-46.70975,-23.55505
1486307890,-46.70988,-23.55526
1486307896,-46.70999,-23.55542
1486307902,-46.7101,-23.55562
1486307905,-46.71022,-23.55583
1486307910,-46.71033,-23.55598
1486307915,-46.71042,-23.55619
1486307919,-46.71067,-23.5566
1486307924,-46.71094,-23.55701
1486307926,-46.71112,-23.55734
1486307930,-46.71131,-23.55775
1486307933,-46.71142,-23.55796
1486307934,-46.71155,-23.55814
1486307937,-46.71171,-23.55845
1486307941,-46.71187,-23.55874
1486307943,-46.71197,-23.55894
1486307945,-46.71207,-23.55918
1486307949,-46.71213,-23.55948
1486307952,-46.71214,-23.55967
1486307954,-46.71216,-23.55989
1486307958,-46.71235,-23.56003
1486307964,-46.71249,-23.55982
1486307968,-46.7125,-23.55938
1486307977,-46.7121,-23.55922
1486307981,-46.71179,-23.55934
1486307982,-46.7116,-23.55942
1486307986,-46.71125,-23.55956
1486307988,-46.71101,-23.55967
1486307990,-46.71063,-23.55984
1486307993,-46.71037,-23.55997
1486307998,-46.70957,-23.56035
1486308000,-46.70929,-23.56048
1486308003,-46.709,-23.56064
1486308004,-46.70871,-23.56079
1486308006,-46.70844,-23.56094
1486308010,-46.70817,-23.56111
1486308012,-46.70777,-23.56139
1486308014,-46.70751,-23.56159
1486308018,-46.70714,-23.56192
1486308025,-46.70615,-23.56305
1486308034,-46.70546,-23.56432
1486308036,-46.70534,-23.56462
1486308041,-46.70505,-23.56538
1486308043,-46.70494,-23.56568
1486308047,-46.70471,-23.56629
1486308050,-46.70454,-23.56675
1486308054,-46.70438,-23.5672
1486308057,-46.70417,-23.56778
1486308059,-46.70405,-23.56809
1486308062,-46.70393,-23.5684
1486308063,-46.70383,-23.5687
1486308066,-46.70366,-23.56914
1486308071,-46.7034,-23.56973
1486308073,-46.70318,-23.57015
1486308075,-46.70301,-23.57042
1486308080,-46.70268,-23.57093
1486308083,-46.70237,-23.57141
1486308086,-46.70215,-23.57171
1486308088,-46.70196,-23.57195
1486308090,-46.70166,-23.5723
1486308092,-46.70145,-23.57253
1486308096,-46.70112,-23.57289
1486308101,-46.70048,-23.57357
1486308104,-46.70015,-23.57388
1486308108,-46.69981,-23.5742
1486308109,-46.69958,-23.57443
1486308112,-46.69932,-23.57474
1486308113,-46.69913,-23.57486
1486308117,-46.69878,-23.57521
1486308118,-46.69854,-23.57544
1486308121,-46.69819,-23.57579
1486308126,-46.69775,-23.57629
1486308129,-46.69736,-23.57684
1486308132,-46.69708,-23.57727
1486308135,-46.69682,-23.57771
1486308138,-46.69665,-23.57801
1486308139,-46.69648,-23.5783
1486308142,-46.69624,-23.57872
1486308144,-46.69607,-23.57903
1486308148,-46.69583,-23.57946
1486308150,-46.69559,-23.57989
1486308153,-46.69534,-23.58032
1486308155,-46.69517,-23.58061
1486308159,-46.69493,-23.58104
1486308164,-46.6944,-23.58193
1486308167,-46.69424,-23.58223
1486308171,-46.69382,-23.58299
1486308174,-46.69354,-23.58345
1486308178,-46.69328,-23.5839
1486308180,-46.69309,-23.5842
1486308183,-46.69277,-23.58478
1486308187,-46.69244,-23.58539
1486308189,-46.69232,-23.5857
1486308192,-46.69218,-23.58618
1486308195,-46.69214,-23.5865
1486308198,-46.69217,-23.58715
1486308204,-46.69248,-23.58812
1486308206,-46.69259,-23.58842
1486308211,-46.6928,-23.58904
1486308214,-46.69299,-23.58967
1486308217,-46.69309,-23.58999
1486308219,-46.69327,-23.59045
1486308224,-46.69355,-23.59123
1486308227,-46.69366,-23.59155
1486308230,-46.69389,-23.59218
1486308233,-46.69406,-23.59263
1486308236,-46.69419,-23.59293
1486308237,-46.69431,-23.59323
1486308239,-46.69444,-23.59351
1486308243,-46.69464,-23.59393
1486308245,-46.69485,-23.59433
1486308248,-46.69498,-23.59459
1486308250,-46.69512,-23.59484
1486308251,-46.69528,-23.59508
1486308253,-46.69547,-23.5953
1486308256,-46.69568,-23.5955
1486308260,-46.69631,-23.59589
1486308263,-46.69657,-23.59603
1486308264,-46.69679,-23.59621
1486308267,-46.69698,-23.59644
1486308268,-46.69712,-23.5967
1486308270,-46.69718,-23.59697
1486308273,-46.6972,-23.59724
1486308274,-46.69717,-23.59751
1486308280,-46.69706,-23.59819
1486308283,-46.697,-23.59861
1486308284,-46.69696,-23.59888
1486308287,-46.69692,-23.59929
1486308292,-46.69692,-23.59985
1486308301,-46.69726,-23.60117
1486308302,-46.69737,-23.60147
1486308307,-46.69765,-23.60221
1486308311,-46.69787,-23.60279
1486308313,-46.69798,-23.60308
1486308318,-46.69819,-23.60366
1486308319,-46.69828,-23.60393
1486308321,-46.69836,-23.60419
1486308324,-46.69844,-23.60441
1486308326,-46.69855,-23.60474
1486308330,-46.69879,-23.60542
1486308333,-46.69889,-23.6057
1486308337,-46.69907,-23.60625
1486308338,-46.69915,-23.60654
1486308341,-46.69922,-23.60681
1486308343,-46.69933,-23.60722
1486308345,-46.69941,-23.60751
1486308355,-46.69973,-23.6088
1486308356,-46.69979,-23.60908
1486308358,-46.69983,-23.60937
1486308361,-46.6999,-23.60966
1486308366,-46.7001,-23.61051
1486308375,-46.70035,-23.61177
1486308379,-46.70044,-23.61236
1486308382,-46.70052,-23.61278
1486308384,-46.70057,-23.61308
1486308387,-46.70063,-23.61338
1486308391,-46.70081,-23.61415
1486308393,-46.70088,-23.61446
1486308398,-46.70106,-23.6152
1486308404,-46.70122,-23.61606
1486308409,-46.70138,-23.61675
1486308411,-46.70146,-23.61703
1486308415,-46.70157,-23.61745
1486308416,-46.70163,-23.61774
1486308424,-46.70189,-23.61893
1486308427,-46.70198,-23.61922
1486308430,-46.70224,-23.61973
1486308435,-46.70268,-23.62029
1486308437,-46.70288,-23.62048
1486308439,-46.70308,-23.62067
1486308442,-46.7033,-23.62087
1486308447,-46.70393,-23.62138
1486308451,-46.70437,-23.62169
1486308453,-46.70462,-23.62183
1486308455,-46.70487,-23.62197
1486308458,-46.70514,-23.62209
1486308464,-46.70616,-23.62245
1486308466,-46.70646,-23.62256
1486308468,-46.70678,-23.62267
1486308471,-46.70709,-23.62278
1486308472,-46.70741,-23.62288
1486308474,-46.70772,-23.62299
1486308477,-46.70801,-23.62308
1486308478,-46.70833,-23.6232
1486308481,-46.70879,-23.62336
1486308485,-46.70938,-23.6236
1486308487,-46.70967,-23.62374
1486308490,-46.70995,-23.62387
1486308492,-46.71036,-23.62409
1486308494,-46.71062,-23.62425
1486308496,-46.7109,-23.62441
1486308500,-46.71129,-23.62467
1486308504,-46.71192,-23.62513
1486308507,-46.71228,-23.62542
1486308510,-46.71251,-23.62564
1486308513,-46.71294,-23.6261
1486308517,-46.71327,-23.62645
1486308518,-46.7135,-23.62668
1486308523,-46.71393,-23.62715
1486308524,-46.71414,-23.62738
1486308527,-46.71445,-23.62771
1486308530,-46.71466,-23.62793
1486308532,-46.71496,-23.62825
1486308534,-46.71516,-23.62847
1486308536,-46.71535,-23.62867
1486308539,-46.71554,-23.62887
1486308541,-46.71583,-23.62917
1486308549,-46.71648,-23.62989
1486308550,-46.71667,-23.63008
1486308557,-46.71729,-23.63069
1486308560,-46.71759,-23.631
1486308563,-46.71793,-23.63137
1486308566,-46.71815,-23.63159
1486308569,-46.71851,-23.63191
1486308574,-46.71894,-23.63218
1486308582,-46.71961,-23.63282
1486308585,-46.71985,-23.63307
1486308589,-46.72012,-23.63333
1486308592,-46.7205,-23.63366
1486308595,-46.72067,-23.63384
1486308597,-46.72088,-23.63407
1486308599,-46.72103,-23.63422
1486308603,-46.72124,-23.63444
1486308610,-46.72144,-23.63466
1486308615,-46.72164,-23.63476
1486308622,-46.72194,-23.63481
1486308624,-46.72213,-23.63476
1486308632,-46.72274,-23.63451
1486308636,-46.72297,-23.63449
1486308638,-46.72322,-23.6345
1486308641,-46.72344,-23.63458
1486308647,-46.7239,-23.63464
1486308650,-46.7241,-23.63466
1486308654,-46.72435,-23.63464
1486308657,-46.72461,-23.63465
1486308661,-46.72491,-23.63462
1486308664,-46.72513,-23.63456
1486308668,-46.72535,-23.63443
1486308670,-46.72561,-23.6343
1486308675,-46.72604,-23.63412
1486308681,-46.72652,-23.63449
1486308687,-46.72671,-23.6346
1486308698,-46.72678,-23.63464
1486308707,-46.727,-23.63475
1486308711,-46.72726,-23.63473
1486308716,-46.72758,-23.63462
1486308718,-46.72783,-23.63449
1486308722,-46.72803,-23.63429
1486308729,-46.72839,-23.63396
1486308736,-46.72895,-23.63365
1486308740,-46.72919,-23.63358
1486308743,-46.72953,-23.63352
1486308746,-46.7298,-23.63351
1486308750,-46.73006,-23.63352
1486308752,-46.73032,-23.63354
1486308755,-46.73054,-23.63356
1486308759,-46.73078,-23.63354
1486308762,-46.73107,-23.63354
1486308765,-46.7313,-23.63356
1486308773,-46.73189,-23.63353
1486308776,-46.73212,-23.63361
1486308787,-46.73217,-23.6337
1486308797,-46.73219,-23.63377
1486308809,-46.73258,-23.63401
1486308813,-46.73284,-23.63413
1486308818,-46.73315,-23.63409
1486308823,-46.7335,-23.63399
1486308825,-46.73232,-23.63385
1486308829,-46.73414,-23.63383
1486308832,-46.73434,-23.63378
1486308834,-46.73462,-23.63369
1486308837,-46.73485,-23.63354
1486308841,-46.73503,-23.63341
1486308845,-46.73523,-23.6332
1486308854,-46.73516,-23.63282
1486308859,-46.73492,-23.6326
1486308861,-46.73469,-23.63246
1486308866,-46.73458,-23.63223
1486308868,-46.73446,-23.63203
1486308872,-46.73441,-23.63177
1486308880,-46.73455,-23.63121
1486308883,-46.7346,-23.63103
1486308888,-46.73466,-23.63081
1486308891,-46.73474,-23.6306
1486308898,-46.73502,-23.63003
1486308899,-46.73515,-23.62987
1486308904,-46.73534,-23.62959
1486308906,-46.73542,-23.62934
1486308910,-46.73548,-23.62909
1486308913,-46.73554,-23.62885
1486308915,-46.73558,-23.62867
1486308921,-46.73568,-23.62851
1486308931,-46.73571,-23.62846
1486308945,-46.73603,-23.62819
1486308950,-46.73615,-23.62795
1486308952,-46.73623,-23.62772
1486308957,-46.73636,-23.62722
1486308959,-46.73645,-23.62702
1486308966,-46.73661,-23.62641
1486308968,-46.73667,-23.62611
1486308974,-46.73693,-23.62552
1486308977,-46.73695,-23.62526
1486308983,-46.73711,-23.62481
1486308984,-46.73718,-23.62463
1486308988,-46.73722,-23.62437
1486308990,-46.73727,-23.62419
1486308992,-46.73733,-23.62392
1486308998,-46.73754,-23.62357
1486309008,-46.73781,-23.62318
1486309014,-46.73795,-23.62299
1486309018,-46.73815,-23.62277
1486309024,-46.73839,-23.62257
1486309034,-46.73903,-23.62206
1486309036,-46.73917,-23.62186
1486309039,-46.73931,-23.62161
1486309041,-46.73943,-23.62142
1486309052,-46.73976,-23.62084
1486309055,-46.73997,-23.62056
1486309060,-46.74006,-23.62031
1486309063,-46.7402,-23.62012
1486309066,-46.74032,-23.61996
1486309068,-46.74041,-23.61976
1486309073,-46.74048,-23.61954
1486309077,-46.74056,-23.61934
1486309086,-46.74084,-23.61877
1486309094,-46.74101,-23.61811
1486309100,-46.74096,-23.61753
1486309103,-46.74089,-23.61725
1486309108,-46.74081,-23.61693
1486309111,-46.74078,-23.61664
1486309115,-46.74076,-23.61639
1486309121,-46.74057,-23.61635
1486309129,-46.74026,-23.61686
1486309138,-46.7401,-23.617
1486309143,-46.73998,-23.61683
1486309146,-46.73999,-23.6165
1486309150,-46.73998,-23.61626
1486309155,-46.74002,-23.61582
1486309166,-46.73998,-23.6157
1486309171,-46.73971,-23.61579
1486309174,-46.73939,-23.61595
1486309180,-46.73886,-23.61619
1486309184,-46.73866,-23.61632
1486309187,-46.73973,-23.61583
1486309188,-46.73859,-23.6165
1486309192,-46.73852,-23.61673
1486309196,-46.73845,-23.61692
1486309203,-46.73832,-23.61734
1486309209,-46.73823,-23.61756
1486309213,-46.73817,-23.61775
1486309216,-46.7381,-23.61795
1486309221,-46.73802,-23.61815
1486309228,-46.73829,-23.61825
1486309230,-46.7384,-23.61727
1486309231,-46.73847,-23.61819
1486309238,-46.73864,-23.61806
1486309248,-46.73867,-23.61809
1486309259,-46.73871,-23.6181
1486309269,-46.73874,-23.6181
1486309279,-46.73874,-23.6181
1486309291,-46.73867,-23.61804
1486309301,-46.73866,-23.61808
1486309311,-46.73866,-23.61809
1486309323,-46.73867,-23.61809
1486309334,-46.73867,-23.6181
1486309345,-46.73867,-23.6181
1486309356,-46.73867,-23.6181
1486309378,-46.73867,-23.61809
1486309389,-46.73867,-23.6181
1486309400,-46.73867,-23.6181
1486309411,-46.73867,-23.6181
1486309422,-46.73867,-23.6181
1486309433,-46.73867,-23.6181
1486309443,-46.73867,-23.6181
1486309453,-46.73867,-23.6181
1486309464,-46.73867,-23.61811
1486309475,-46.73867,-23.61811
1486309486,-46.73867,-23.61811
1486309497,-46.73867,-23.61811
1486309507,-46.73867,-23.61811
1486309517,-46.73868,-23.61811
1486309538,-46.73868,-23.61811
1486309548,-46.73868,-23.61812
1486309560,-46.73868,-23.61812
1486309570,-46.73868,-23.61812
1486309582,-46.73868,-23.61812
1486309592,-46.7387,-23.61817
1486309614,-46.73874,-23.61822
1486309621,-46.73854,-23.61829
1486309627,-46.73832,-23.61834
1486309633,-46.7381,-23.61838
1486309644,-46.7379,-23.61827
1486309648,-46.73774,-23.61812
1486309653,-46.73758,-23.61798
1486309656,-46.73742,-23.61785
1486309661,-46.7372,-23.61782
1486309663,-46.73701,-23.61788
1486309669,-46.73679,-23.61795
1486309672,-46.73656,-23.61796
1486309675,-46.73624,-23.61796
1486309679,-46.73602,-23.6179
1486309681,-46.73579,-23.61779
1486309688,-46.73532,-23.61744
1486309692,-46.73515,-23.61731
1486309695,-46.73496,-23.61714
1486309699,-46.73476,-23.61699
1486309701,-46.73458,-23.61681
1486309705,-46.73439,-23.61668
1486309707,-46.73431,-23.61648
1486309722,-46.73455,-23.61589
1486309729,-46.73446,-23.61567
1486309731,-46.73431,-23.61548
1486309734,-46.73418,-23.6153
1486309739,-46.73399,-23.61509
1486309746,-46.73343,-23.61481
1486309753,-46.73289,-23.61473
1486309755,-46.73261,-23.61472
1486309759,-46.73227,-23.61476
1486309764,-46.732,-23.6148
1486309774,-46.7319,-23.61479
1486309785,-46.7319,-23.61479
1486309795,-46.73185,-23.6148
1486309800,-46.73158,-23.61485
1486309807,-46.73138,-23.61464
1486309814,-46.73106,-23.61403
1486309817,-46.73092,-23.61386
1486309819,-46.73066,-23.61363
1486309821,-46.73047,-23.61349
1486309824,-46.73017,-23.61328
1486309827,-46.72999,-23.61315
1486309828,-46.72981,-23.61301
1486309834,-46.72932,-23.61268
1486309835,-46.72913,-23.61256
1486309844,-46.72843,-23.61207
1486309851,-46.72827,-23.61194
1486309861,-46.72806,-23.61175
1486309870,-46.72759,-23.61158
1486309875,-46.72729,-23.6116
1486309882,-46.72666,-23.61166
1486309885,-46.72644,-23.61168
1486309896,-46.72565,-23.61175
1486309899,-46.72535,-23.61176
1486309906,-46.72485,-23.61182
1486309909,-46.72456,-23.61184
1486309914,-46.72435,-23.61187
1486309917,-46.72412,-23.6119
1486309938,-46.72354,-23.61195
1486309946,-46.72296,-23.61203
1486309949,-46.72276,-23.61204
1486309956,-46.72233,-23.61207
1486309964,-46.72158,-23.6121
1486309967,-46.7212,-23.61206
1486309974,-46.72064,-23.61187
1486309979,-46.72018,-23.61163
1486309982,-46.71991,-23.61152
1486309986,-46.71939,-23.61142
1486309988,-46.7192,-23.61139
1486309994,-46.71869,-23.61142
1486309998,-46.71832,-23.61149
1486310000,-46.71811,-23.61157
1486310002,-46.71791,-23.61163
1486310005,-46.71762,-23.61178
1486310008,-46.71744,-23.6119
1486310010,-46.71724,-23.61209
1486310014,-46.71712,-23.61224
1486310019,-46.71689,-23.61248
1486310024,-46.71663,-23.61274
1486310038,-46.71567,-23.61352
1486310041,-46.71549,-23.61368
1486310045,-46.71527,-23.61385
1486310046,-46.71509,-23.61395
1486310049,-46.71491,-23.614
1486310062,-46.71455,-23.61397
1486310073,-46.71454,-23.61397
1486310081,-46.71429,-23.61387
1486310091,-46.71398,-23.6144
1486310093,-46.71389,-23.61458
1486310095,-46.71378,-23.61478
1486310101,-46.71343,-23.61534
1486310103,-46.71331,-23.6155
1486310112,-46.713,-23.61594
1486310117,-46.71288,-23.6161
1486310121,-46.71276,-23.61627
1486310127,-46.71241,-23.61666
1486310134,-46.71163,-23.61682
1486310138,-46.71131,-23.61686
1486310139,-46.7111,-23.6169
1486310143,-46.71072,-23.61694
1486310147,-46.71041,-23.61697
1486310149,-46.71022,-23.617
1486310153,-46.70979,-23.61708
1486310154,-46.70958,-23.6171
1486310158,-46.70916,-23.61713
1486310162,-46.70884,-23.61715
1486310164,-46.70858,-23.61719
1486310169,-46.70838,-23.61722
1486310184,-46.70801,-23.61728
1486310190,-46.70773,-23.61727
1486310194,-46.70752,-23.61729
1486310198,-46.70715,-23.61733
1486310200,-46.70693,-23.61735
1486310202,-46.70668,-23.61738
1486310206,-46.70638,-23.61742
1486310212,-46.70598,-23.61747
1486310215,-46.70564,-23.61749
1486310219,-46.7053,-23.61751
1486310223,-46.70504,-23.61753
1486310225,-46.70482,-23.61754
1486310230,-46.70448,-23.61756
1486310234,-46.70397,-23.61764
1486310238,-46.70369,-23.61771
1486310239,-46.70349,-23.61774
1486310247,-46.70274,-23.61788
1486310248,-46.70252,-23.61792
1486310251,-46.70222,-23.61801
1486310254,-46.70204,-23.61822
1486310258,-46.702,-23.61849
1486310259,-46.70204,-23.61868
1486310262,-46.7021,-23.61896
1486310267,-46.70208,-23.61938
1486310271,-46.70184,-23.61978
1486310276,-46.70155,-23.61998
1486310278,-46.70127,-23.62008
1486310282,-46.70098,-23.62009
1486310287,-46.70043,-23.61989
1486310292,-46.70008,-23.61948
1486310295,-46.7,-23.61925
1486310296,-46.69994,-23.619
1486310298,-46.69988,-23.61874
1486310303,-46.69971,-23.61809
1486310310,-46.69953,-23.61746
1486310313,-46.69939,-23.61697
1486310315,-46.6993,-23.6166
1486310319,-46.69926,-23.6164
1486310321,-46.69916,-23.61598
1486310326,-46.69903,-23.61533
1486310329,-46.69895,-23.61493
1486310333,-46.69881,-23.61428
1486310337,-46.69873,-23.6139
1486310339,-46.69866,-23.61351
1486310343,-46.69861,-23.61313
1486310344,-46.69854,-23.61286
1486310347,-46.69848,-23.61261
1486310349,-46.69838,-23.61221
1486310351,-46.69832,-23.61194
1486310353,-46.69828,-23.61168
1486310357,-46.69819,-23.61128
1486310361,-46.69805,-23.61059
1486310364,-46.69796,-23.61017
1486310368,-46.69787,-23.60974
1486310371,-46.6977,-23.60922
1486310374,-46.69763,-23.60882
1486310378,-46.69754,-23.60842
1486310379,-46.69747,-23.60816
1486310383,-46.69741,-23.6078
1486310384,-46.69734,-23.60755
1486310386,-46.69726,-23.6073
1486310389,-46.69713,-23.60694
1486310392,-46.69706,-23.60669
1486310393,-46.69698,-23.60644
1486310401,-46.69667,-23.60559
1486310402,-46.69659,-23.60534
1486310407,-46.6965,-23.60488
1486310408,-46.69645,-23.60466
1486310410,-46.69638,-23.60444
1486310412,-46.6963,-23.60422
1486310415,-46.69624,-23.604
1486310416,-46.69617,-23.60377
1486310418,-46.6961,-23.60353
1486310422,-46.69599,-23.60317
1486310425,-46.69583,-23.60265
1486310431,-46.69558,-23.60197
1486310434,-46.69537,-23.60142
1486310440,-46.69512,-23.60068
1486310441,-46.695,-23.60039
1486310443,-46.69487,-23.6001
1486310448,-46.69461,-23.59969
1486310449,-46.69433,-23.59929
1486310452,-46.69403,-23.5989
1486310457,-46.69362,-23.59837
1486310464,-46.69301,-23.59735
1486310473,-46.69258,-23.59582
1486310478,-46.69254,-23.59519
1486310479,-46.69255,-23.59489
1486310481,-46.69256,-23.59458
1486310491,-46.69246,-23.59316
1486310494,-46.6923,-23.59259
1486310496,-46.6922,-23.5923
1486310498,-46.6921,-23.59202
1486310501,-46.69199,-23.59173
1486310506,-46.69171,-23.59086
1486310508,-46.69162,-23.59058
1486310511,-46.69151,-23.59031
1486310513,-46.69135,-23.5899
1486310518,-46.69116,-23.58934
1486310519,-46.69106,-23.58907
1486310524,-46.69087,-23.58837
1486310527,-46.6908,-23.58807
1486310528,-46.69076,-23.58777
1486310537,-46.69073,-23.58655
1486310538,-46.69076,-23.58624
1486310540,-46.6908,-23.58594
1486310547,-46.69104,-23.58494
1486310549,-46.69115,-23.58465
1486310553,-46.69139,-23.58415
1486310556,-46.69156,-23.58382
1486310557,-46.6917,-23.58356
1486310561,-46.69198,-23.58304
1486310564,-46.69214,-23.58279
1486310565,-46.69228,-23.58255
1486310569,-46.69253,-23.58212
1486310571,-46.69263,-23.58193
1486310575,-46.69281,-23.58161
1486310579,-46.69295,-23.58136
1486310593,-46.6939,-23.57975
1486310596,-46.69404,-23.5795
1486310597,-46.69418,-23.57926
1486310599,-46.69433,-23.579
1486310601,-46.69447,-23.57875
1486310606,-46.69478,-23.57824
1486310607,-46.69494,-23.57796
1486310615,-46.69551,-23.57701
1486310621,-46.69611,-23.57606
1486310625,-46.69639,-23.57566
1486310626,-46.69659,-23.57541
1486310632,-46.6971,-23.57483
1486310634,-46.69731,-23.57461
1486310635,-46.69754,-23.5744
1486310638,-46.69785,-23.57411
1486310641,-46.698,-23.57397
1486310644,-46.69829,-23.57368
1486310645,-46.69855,-23.57345
1486310650,-46.69912,-23.57306
1486310652,-46.69937,-23.57292
1486310656,-46.69971,-23.57272
1486310658,-46.70005,-23.57251
1486310660,-46.70027,-23.57235
1486310663,-46.70046,-23.5722
1486310665,-46.70059,-23.57196
1486310667,-46.7008,-23.57164
1486310669,-46.70094,-23.57139
1486310672,-46.70105,-23.57115
1486310673,-46.70117,-23.57089
1486310675,-46.70128,-23.57064
1486310677,-46.70135,-23.5704
1486310680,-46.70146,-23.57013
1486310686,-46.70184,-23.56918
1486310689,-46.70198,-23.56894
1486310695,-46.70233,-23.56799
1486310697,-46.70244,-23.56773
1486310699,-46.70253,-23.56747
1486310702,-46.70262,-23.5672
1486310704,-46.70279,-23.56678
1486310712,-46.70311,-23.56579
1486310722,-46.70361,-23.56437
1486310723,-46.70372,-23.56408
1486310727,-46.70397,-23.56349
1486310730,-46.70417,-23.5631
1486310738,-46.70481,-23.56206
1486310740,-46.70499,-23.56181
1486310743,-46.70519,-23.56158
1486310744,-46.70539,-23.56135
1486310749,-46.70591,-23.56079
1486310752,-46.70613,-23.56059
1486310753,-46.70635,-23.5604
1486310759,-46.70697,-23.55995
1486310760,-46.70723,-23.55977
1486310771,-46.70876,-23.55892
1486310774,-46.70905,-23.55877
1486310776,-46.70948,-23.55857
1486310779,-46.70994,-23.55835
1486310781,-46.71025,-23.5582
1486310783,-46.71054,-23.55807
1486310789,-46.71148,-23.5576
1486310791,-46.71178,-23.55742
1486310793,-46.71203,-23.55726
1486310796,-46.71232,-23.55709
1486310800,-46.71303,-23.55675
1486310807,-46.71405,-23.55626
1486310811,-46.71468,-23.55597
1486310814,-46.71514,-23.55574
1486310819,-46.71592,-23.55537
1486310825,-46.71673,-23.55499
1486310828,-46.7172,-23.55475
1486310829,-46.71751,-23.55459
1486310833,-46.71797,-23.55436
1486310835,-46.71845,-23.55413
1486310837,-46.71877,-23.55396
1486310843,-46.71972,-23.55347
1486310848,-46.72034,-23.55316
1486310849,-46.72063,-23.55301
1486310851,-46.72094,-23.55284
1486310854,-46.72142,-23.55264
1486310866,-46.72325,-23.55171
1486310869,-46.72355,-23.55157
1486310878,-46.72473,-23.55087
1486310880,-46.72503,-23.55069
1486310886,-46.72589,-23.55021
1486310891,-46.72651,-23.54989
1486310894,-46.72684,-23.54968
1486310906,-46.72806,-23.54884
1486310910,-46.72864,-23.54849
1486310913,-46.72886,-23.54836
1486310914,-46.72908,-23.54824
1486310917,-46.7293,-23.54812
1486310920,-46.72975,-23.54787
1486310923,-46.73008,-23.54769
1486310931,-46.73086,-23.54723
1486310933,-46.73108,-23.5471
1486310935,-46.73136,-23.5469
1486310937,-46.73154,-23.54678
1486310939,-46.7317,-23.54664
1486310942,-46.73184,-23.54647
1486310948,-46.73206,-23.54593
1486310950,-46.73207,-23.54565
1486310955,-46.73202,-23.54528
1486310957,-46.73195,-23.54501
1486310959,-46.73194,-23.54482
1486310962,-46.73196,-23.54462
1486310966,-46.73204,-23.54414
1486310969,-46.73205,-23.5439
1486310972,-46.73201,-23.54369
1486310977,-46.73192,-23.54346
1486310983,-46.73184,-23.54327
1486310988,-46.73168,-23.54306
1486310993,-46.73146,-23.54283
1486310996,-46.73126,-23.54265
1486310999,-46.73104,-23.54246
1486311003,-46.73084,-23.54228
1486311007,-46.73063,-23.54209
1486311015,-46.73032,-23.54179
1486311023,-46.72987,-23.54138
1486311025,-46.72971,-23.54125
1486311029,-46.72948,-23.54123
1486311044,-46.7285,-23.54121
1486311048,-46.72829,-23.54126
1486311051,-46.72813,-23.5414
1486311055,-46.72792,-23.54164
1486311057,-46.72779,-23.54178
1486311061,-46.72763,-23.54195
1486311064,-46.72745,-23.54215
1486311074,-46.72712,-23.54252
1486311079,-46.72697,-23.5427
1486311084,-46.72683,-23.54284
1486311093,-46.7267,-23.54297
1486311108,-46.72638,-23.54324
1486311119,-46.72622,-23.54331
1486311130,-46.72622,-23.54331
1486311141,-46.72602,-23.54344
1486311146,-46.72576,-23.54359
1486311158,-46.72563,-23.54368
1486311169,-46.7256,-23.5437
1486311179,-46.7256,-23.5437
1486311190,-46.7256,-23.5437
1486311201,-46.7256,-23.5437
1486311213,-46.7256,-23.5437
1486311226,-46.7256,-23.5437
1486311227,-46.7256,-23.5437
