1487286585,-43.95854,-19.63338
1487286593,-43.95854,-19.63338
1487286595,-43.95854,-19.63338
1487286614,-43.95854,-19.63338
1487286624,-43.95847,-19.6334
1487286634,-43.95847,-19.6334
1487286643,-43.95824,-19.63339
1487286653,-43.95862,-19.6335
1487286663,-43.95839,-19.63342
1487286673,-43.95843,-19.63359
1487286684,-43.95835,-19.63341
1487286693,-43.95854,-19.6333
1487286703,-43.95869,-19.63326
1487286713,-43.95869,-19.63326
1487286721,-43.95798,-19.6336
1487286732,-43.95798,-19.6336
1487286733,-43.96771,-19.62661
1487286743,-43.96771,-19.62661
1487286753,-43.96771,-19.62661
1487286773,-43.96558,-19.62818
1487286777,-43.96588,-19.62809
1487286787,-43.96588,-19.62809
1487286793,-43.96771,-19.62661
1487286803,-43.96771,-19.62661
1487286813,-43.96771,-19.62661
1487286823,-43.96771,-19.62661
1487286834,-43.96771,-19.62661
1487286844,-43.96771,-19.62661
1487286854,-43.96771,-19.62661
1487286864,-43.96771,-19.62661
1487286874,-43.96771,-19.62661
1487286885,-43.96771,-19.62661
1487286895,-43.96771,-19.62661
1487286905,-43.96771,-19.62661
1487286915,-43.96771,-19.62661
1487286919,-43.96771,-19.62661
1487286926,-43.96771,-19.62661
1487286936,-43.96771,-19.62661
1487286946,-43.96771,-19.62661
1487286956,-43.96771,-19.62661
1487286967,-43.96771,-19.62661
1487286977,-43.96771,-19.62661
1487286987,-43.96771,-19.62661
1487286997,-43.96771,-19.62661
1487287008,-43.96771,-19.62661
1487287018,-43.96771,-19.62661
1487287028,-43.96771,-19.62661
1487287038,-43.96771,-19.62661
1487287048,-43.96771,-19.62661
1487287059,-43.96771,-19.62661
1487287069,-43.96771,-19.62661
1487287079,-43.96771,-19.62661
1487287089,-43.96771,-19.62661
1487287100,-43.96771,-19.62661
1487287110,-43.96771,-19.62661
1487287120,-43.96771,-19.62661
1487287130,-43.96771,-19.62661
1487287141,-43.96771,-19.62661
1487287153,-43.96771,-19.62661
1487287164,-43.96771,-19.62661
1487287174,-43.96771,-19.62661
1487287196,-43.96771,-19.62661
1487287206,-43.96771,-19.62661
1487287217,-43.96771,-19.62661
1487287227,-43.96771,-19.62661
1487287238,-43.96771,-19.62661
1487287248,-43.96771,-19.62661
1487287271,-43.96771,-19.62661
1487287282,-43.96771,-19.62661
1487287293,-43.96771,-19.62661
1487287303,-43.96771,-19.62661
1487287316,-43.96771,-19.62661
1487287327,-43.96771,-19.62661
1487287348,-43.96771,-19.62661
1487287358,-43.96771,-19.62661
1487287368,-43.96771,-19.62661
1487287381,-43.96771,-19.62661
1487287393,-43.96771,-19.62661
1487287404,-43.96771,-19.62661
1487287415,-43.96771,-19.62661
1487287426,-43.96771,-19.62661
1487287436,-43.96771,-19.62661
1487287447,-43.96771,-19.62661
1487287458,-43.96771,-19.62661
1487287468,-43.96771,-19.62661
1487287478,-43.96771,-19.62661
1487287489,-43.96771,-19.62661
1487287499,-43.96771,-19.62661
1487287509,-43.96771,-19.62661
1487287520,-43.96771,-19.62661
1487287531,-43.96771,-19.62661
1487287541,-43.96771,-19.62661
1487287552,-43.96771,-19.62661
1487287576,-43.96771,-19.62661
1487287586,-43.96771,-19.62661
1487287597,-43.96771,-19.62661
1487287609,-43.96771,-19.62661
1487287631,-43.96771,-19.62661
1487287652,-43.96771,-19.62661
1487287663,-43.96771,-19.62661
1487287673,-43.96771,-19.62661
1487287683,-43.96771,-19.62661
1487287704,-43.96771,-19.62661
1487287714,-43.96771,-19.62661
1487287724,-43.96771,-19.62661
1487287734,-43.96771,-19.62661
1487287745,-43.96771,-19.62661
1487287775,-43.96771,-19.62661
1487287785,-43.96771,-19.62661
1487287806,-43.96771,-19.62661
1487287826,-43.96771,-19.62661
1487287837,-43.96771,-19.62661
1487287847,-43.96771,-19.62661
1487287857,-43.96771,-19.62661
1487287878,-43.96771,-19.62661
1487287898,-43.96771,-19.62661
1487287909,-43.96771,-19.62661
1487287919,-43.96771,-19.62661
1487287929,-43.96771,-19.62661
1487287939,-43.96771,-19.62661
1487287949,-43.96771,-19.62661
1487287960,-43.96771,-19.62661
1487287980,-43.96771,-19.62661
1487287990,-43.96771,-19.62661
1487288001,-43.96771,-19.62661
1487288011,-43.96771,-19.62661
1487288021,-43.96771,-19.62661
1487288031,-43.96771,-19.62661
1487288042,-43.96771,-19.62661
1487288052,-43.96771,-19.62661
1487288072,-43.96771,-19.62661
1487288083,-43.96771,-19.62661
1487288103,-43.96771,-19.62661
1487288113,-43.96771,-19.62661
1487288134,-43.96771,-19.62661
1487288154,-43.96771,-19.62661
1487288164,-43.96771,-19.62661
1487288175,-43.96771,-19.62661
1487288185,-43.96771,-19.62661
1487288195,-43.96771,-19.62661
1487288222,-43.96771,-19.62661
1487288232,-43.96771,-19.62661
1487288243,-43.96771,-19.62661
1487288253,-43.96771,-19.62661
1487288263,-43.96771,-19.62661
1487288273,-43.96771,-19.62661
1487288284,-43.96771,-19.62661
1487288294,-43.96771,-19.62661
1487288304,-43.96771,-19.62661
1487288314,-43.96771,-19.62661
1487288335,-43.96771,-19.62661
1487288355,-43.96771,-19.62661
1487288376,-43.96771,-19.62661
1487288386,-43.96771,-19.62661
1487288396,-43.96771,-19.62661
1487288406,-43.96771,-19.62661
1487288417,-43.96771,-19.62661
1487288427,-43.96771,-19.62661
1487288437,-43.96771,-19.62661
1487288458,-43.96771,-19.62661
1487288468,-43.96771,-19.62661
1487288479,-43.96771,-19.62661
1487288494,-43.96771,-19.62661
1487288504,-43.96771,-19.62661
1487288526,-43.96771,-19.62661
1487288536,-43.96771,-19.62661
1487288547,-43.96771,-19.62661
1487288557,-43.96771,-19.62661
1487288568,-43.96771,-19.62661
1487288578,-43.96771,-19.62661
1487288589,-43.96771,-19.62661
1487288610,-43.96771,-19.62661
1487288622,-43.96771,-19.62661
1487288633,-43.96771,-19.62661
1487288656,-43.96771,-19.62661
1487288677,-43.96771,-19.62661
1487288688,-43.96771,-19.62661
1487288698,-43.96771,-19.62661
1487288708,-43.96771,-19.62661
1487288714,-43.96771,-19.62661
