1490563986,-43.26327,-22.92197
1490563988,-43.26371,-22.92215
1490563992,-43.26395,-22.92223
1490563997,-43.26416,-22.92228
1490564002,-43.26439,-22.92218
1490564007,-43.2648,-22.92231
1490564010,-43.26486,-22.9225
1490564015,-43.26481,-22.92268
1490564020,-43.26468,-22.92286
1490564024,-43.26449,-22.92293
1490564034,-43.26447,-22.92291
1490564042,-43.26352,-22.92209
1490564044,-43.26446,-22.92292
1490564054,-43.26439,-22.92295
1490564062,-43.26425,-22.92313
1490564067,-43.26418,-22.92333
1490564073,-43.26407,-22.92353
1490564077,-43.264,-22.92373
1490564081,-43.2639,-22.92406
1490564085,-43.26381,-22.92429
1490564092,-43.2636,-22.92472
1490564095,-43.26348,-22.92494
1490564098,-43.26335,-22.92512
1490564103,-43.26312,-22.92513
1490564107,-43.2629,-22.92505
1490564110,-43.2626,-22.92495
1490564114,-43.2621,-22.92477
1490564120,-43.26165,-22.92462
1490564122,-43.26144,-22.92454
1490564128,-43.26123,-22.92457
1490564136,-43.261,-22.92465
1490564146,-43.26086,-22.92473
1490564156,-43.26069,-22.92481
1490564166,-43.26088,-22.92477
1490564167,-43.26056,-22.92479
1490564178,-43.26059,-22.92481
1490564188,-43.26062,-22.92483
1490564198,-43.26064,-22.92485
1490564208,-43.26068,-22.92487
1490564219,-43.26068,-22.92484
1490564229,-43.2606,-22.92479
1490564239,-43.26061,-22.92482
1490564260,-43.26059,-22.92483
1490564270,-43.26061,-22.92481
1490564280,-43.26064,-22.92483
1490564290,-43.26063,-22.92485
1490564311,-43.26062,-22.92484
1490564321,-43.26061,-22.92481
1490564331,-43.26059,-22.9248
1490564342,-43.26059,-22.92481
1490564352,-43.26058,-22.92483
1490564372,-43.26057,-22.92485
1490564382,-43.26056,-22.92484
1490564393,-43.26056,-22.92483
1490564413,-43.26059,-22.92484
1490564423,-43.26058,-22.92482
1490564434,-43.2606,-22.92482
1490564444,-43.26063,-22.92483
1490564454,-43.26061,-22.92487
1490564461,-43.26042,-22.925
1490564468,-43.26019,-22.92504
1490564473,-43.26011,-22.92479
1490564477,-43.25995,-22.92453
1490564481,-43.25982,-22.9243
1490564485,-43.25969,-22.92409
1490564488,-43.25962,-22.92391
1490564494,-43.25945,-22.92381
1490564499,-43.25917,-22.9238
1490564503,-43.2589,-22.92375
1490564508,-43.25859,-22.92365
1490564513,-43.25848,-22.92348
1490564516,-43.25852,-22.92322
1490564519,-43.25854,-22.92295
1490564522,-43.25855,-22.92272
1490564525,-43.25853,-22.92237
1490564527,-43.25858,-22.92201
1490564529,-43.25865,-22.92174
1490564534,-43.25875,-22.92112
1490564541,-43.25902,-22.92068
1490564543,-43.25926,-22.92056
1490564553,-43.25944,-22.92047
1490564563,-43.25944,-22.92044
1490564574,-43.25945,-22.92044
1490564594,-43.2595,-22.92044
1490564599,-43.25963,-22.9203
1490564605,-43.25933,-22.92015
1490564607,-43.25908,-22.92011
1490564609,-43.25867,-22.92006
1490564613,-43.25808,-22.91991
1490564616,-43.25776,-22.91986
1490564618,-43.25748,-22.9198
1490564620,-43.25709,-22.91972
1490564630,-43.25627,-22.91952
1490564654,-43.25483,-22.91932
1490564656,-43.25457,-22.91925
1490564659,-43.25434,-22.91919
1490564661,-43.25413,-22.91916
1490564662,-43.25393,-22.91913
1490564667,-43.25364,-22.91907
1490564670,-43.25338,-22.91901
1490564673,-43.25314,-22.91897
1490564676,-43.25275,-22.91892
1490564677,-43.25245,-22.91887
1490564679,-43.25215,-22.9188
1490564686,-43.25132,-22.91865
1490564692,-43.25044,-22.9185
1490564697,-43.25001,-22.91842
1490564698,-43.24979,-22.91838
1490564700,-43.24957,-22.91833
1490564705,-43.24908,-22.91821
1490564706,-43.24879,-22.91816
1490564708,-43.24848,-22.9181
1490564710,-43.24816,-22.91803
1490564718,-43.2471,-22.91783
1490564723,-43.24665,-22.91773
1490564726,-43.24624,-22.91767
1490564728,-43.24577,-22.91761
1490564730,-43.24544,-22.91756
1490564733,-43.2451,-22.91752
1490564735,-43.24475,-22.91746
1490564736,-43.24439,-22.91742
1490564738,-43.24404,-22.91735
1490564745,-43.2431,-22.91718
1490564747,-43.24266,-22.9171
1490564750,-43.2423,-22.91701
1490564753,-43.24202,-22.91696
1490564764,-43.2419,-22.91693
1490564766,-43.24274,-22.9171
1490564767,-43.2419,-22.91693
1490564778,-43.2419,-22.91693
1490564788,-43.2419,-22.91693
1490564796,-43.24165,-22.91688
1490564800,-43.24115,-22.91678
1490564802,-43.24095,-22.91675
1490564810,-43.24046,-22.91669
1490564813,-43.2403,-22.91681
1490564815,-43.24024,-22.917
1490564818,-43.24017,-22.91726
1490564822,-43.24007,-22.91751
1490564826,-43.23989,-22.91774
1490564831,-43.23982,-22.91793
1490564841,-43.23985,-22.91797
1490564851,-43.23976,-22.91804
1490564857,-43.23952,-22.91808
1490564860,-43.23914,-22.9179
1490564866,-43.23846,-22.91753
1490564870,-43.23827,-22.91746
1490564874,-43.23816,-22.91761
1490564876,-43.23807,-22.91781
1490564880,-43.23799,-22.918
1490564888,-43.23784,-22.91819
1490564894,-43.23758,-22.91863
1490564897,-43.23746,-22.9188
1490564907,-43.23743,-22.91893
1490564918,-43.23746,-22.91911
1490564920,-43.2377,-22.91923
1490564924,-43.2379,-22.91933
1490564934,-43.23796,-22.91938
1490564945,-43.23797,-22.91939
1490564947,-43.23738,-22.91891
1490564948,-43.23798,-22.91939
1490564958,-43.238,-22.91937
1490564968,-43.238,-22.9194
1490564979,-43.23799,-22.91941
1490564989,-43.23798,-22.9194
1490564999,-43.23799,-22.91938
1490565009,-43.23801,-22.91934
1490565020,-43.23798,-22.91937
1490565030,-43.23797,-22.91937
1490565037,-43.2382,-22.91946
1490565046,-43.23869,-22.91975
1490565052,-43.23858,-22.92001
1490565058,-43.2382,-22.92064
1490565060,-43.23808,-22.92085
1490565063,-43.23796,-22.92107
1490565065,-43.23778,-22.92134
1490565070,-43.23756,-22.92176
1490565074,-43.23743,-22.92196
1490565079,-43.23713,-22.92239
1490565082,-43.23697,-22.92261
1490565088,-43.23669,-22.92312
1490565091,-43.23652,-22.92342
1490565094,-43.2364,-22.92359
1490565097,-43.2362,-22.92383
1490565102,-43.23587,-22.92382
1490565105,-43.23567,-22.92373
1490565108,-43.23874,-22.92002
1490565110,-43.2354,-22.92364
1490565112,-43.2352,-22.92358
1490565116,-43.23499,-22.92363
1490565122,-43.23479,-22.92381
1490565132,-43.23467,-22.92389
1490565142,-43.23469,-22.92389
1490565156,-43.23418,-22.92415
1490565159,-43.23402,-22.92426
1490565162,-43.23383,-22.92441
1490565167,-43.23368,-22.92455
1490565177,-43.23363,-22.92446
1490565188,-43.23469,-22.92388
1490565190,-43.23361,-22.92443
1490565203,-43.23336,-22.92474
1490565207,-43.23309,-22.92494
1490565209,-43.23293,-22.92507
1490565212,-43.23276,-22.92523
1490565216,-43.2326,-22.92543
1490565219,-43.23263,-22.92562
1490565223,-43.23268,-22.92588
1490565227,-43.2328,-22.92605
1490565228,-43.23297,-22.92632
1490565231,-43.23304,-22.92654
1490565252,-43.23307,-22.92663
1490565262,-43.23323,-22.92722
1490565264,-43.23336,-22.92745
1490565266,-43.23346,-22.92771
1490565269,-43.23351,-22.92789
1490565271,-43.23358,-22.92813
1490565274,-43.2338,-22.92864
1490565277,-43.2339,-22.92889
1490565280,-43.234,-22.92925
1490565285,-43.23416,-22.93008
1490565290,-43.23423,-22.93058
1490565292,-43.23431,-22.93083
1490565299,-43.23474,-22.93127
1490565302,-43.23503,-22.93113
1490565303,-43.2342,-22.9302
1490565304,-43.23538,-22.93092
1490565307,-43.23561,-22.9308
1490565310,-43.23598,-22.9306
1490565311,-43.23622,-22.93047
1490565320,-43.23718,-22.92994
1490565324,-43.23746,-22.92976
1490565325,-43.23766,-22.92971
1490565328,-43.23792,-22.9296
1490565332,-43.23829,-22.9295
1490565335,-43.23863,-22.92931
1490565338,-43.2389,-22.92916
1490565341,-43.23916,-22.92902
1490565345,-43.23937,-22.92888
1490565349,-43.23955,-22.92868
1490565355,-43.23967,-22.92844
1490565364,-43.23991,-22.92772
1490565373,-43.24025,-22.9275
1490565376,-43.24051,-22.92754
1490565378,-43.24082,-22.92754
1490565380,-43.24102,-22.92753
1490565384,-43.24127,-22.92751
1490565389,-43.2416,-22.92747
1490565392,-43.24181,-22.92752
1490565397,-43.24202,-22.92764
1490565402,-43.24223,-22.92772
1490565406,-43.24242,-22.92778
1490565408,-43.24267,-22.92788
1490565411,-43.24285,-22.92798
1490565414,-43.24305,-22.92813
1490565419,-43.24323,-22.92824
1490565429,-43.24328,-22.92826
1490565439,-43.2433,-22.92827
1490565443,-43.2435,-22.92832
1490565449,-43.24369,-22.92848
1490565453,-43.24361,-22.92865
1490565461,-43.24348,-22.92879
1490565466,-43.24316,-22.92818
1490565469,-43.24343,-22.92881
1490565479,-43.24339,-22.9288
1490565489,-43.24336,-22.92885
1490565499,-43.24336,-22.92892
1490565510,-43.24335,-22.929
1490565520,-43.24332,-22.92909
1490565523,-43.24325,-22.92927
1490565533,-43.2432,-22.92936
1490565544,-43.24314,-22.92936
1490565547,-43.24327,-22.929
1490565548,-43.24308,-22.92941
1490565558,-43.243,-22.92956
1490565564,-43.24288,-22.92973
1490565566,-43.24277,-22.92989
1490565570,-43.24265,-22.93006
1490565579,-43.24234,-22.93041
1490565582,-43.24222,-22.93059
1490565585,-43.24209,-22.93073
1490565590,-43.2419,-22.93065
1490565600,-43.24121,-22.92988
1490565601,-43.24103,-22.9297
1490565603,-43.24085,-22.92953
1490565607,-43.24061,-22.92924
1490565609,-43.24045,-22.92904
1490565611,-43.24022,-22.9288
1490565614,-43.24002,-22.92862
1490565635,-43.23997,-22.92851
1490565645,-43.23997,-22.92851
1490565655,-43.23997,-22.92851
1490565665,-43.23997,-22.92851
1490565671,-43.2398,-22.92839
1490565675,-43.23952,-22.92812
1490565679,-43.23905,-22.92768
1490565685,-43.23854,-22.92718
1490565688,-43.23813,-22.92675
1490565690,-43.23792,-22.92655
1490565697,-43.23717,-22.92583
1490565699,-43.23703,-22.92562
1490565702,-43.23678,-22.92536
1490565705,-43.23665,-22.92521
1490565720,-43.2364,-22.92504
1490565733,-43.23613,-22.92433
1490565735,-43.23608,-22.92415
1490565740,-43.23603,-22.9239
1490565743,-43.236,-22.92368
1490565747,-43.23597,-22.92337
1490565750,-43.23591,-22.92302
1490565754,-43.23584,-22.92249
1490565757,-43.23583,-22.92228
1490565766,-43.23575,-22.92208
1490565786,-43.23577,-22.92195
1490565796,-43.23576,-22.92195
1490565807,-43.23577,-22.92189
1490565812,-43.23571,-22.92166
1490565814,-43.23564,-22.92144
1490565817,-43.23551,-22.92122
1490565820,-43.23535,-22.92094
1490565826,-43.23499,-22.92035
1490565828,-43.23489,-22.92018
1490565830,-43.23478,-22.91998
1490565834,-43.2346,-22.9198
1490565838,-43.23446,-22.91968
1490565848,-43.23442,-22.91967
1490565858,-43.23441,-22.91968
1490565869,-43.23442,-22.91967
1490565877,-43.23417,-22.91959
1490565882,-43.23399,-22.91947
1490565888,-43.2343,-22.91948
1490565891,-43.23453,-22.91955
1490565896,-43.23482,-22.91972
1490565898,-43.23495,-22.91985
1490565902,-43.2352,-22.92026
1490565910,-43.23542,-22.9207
1490565914,-43.23556,-22.92095
1490565916,-43.23573,-22.92116
1490565927,-43.23604,-22.922
1490565930,-43.23607,-22.92226
1490565934,-43.23612,-22.92261
1490565937,-43.23612,-22.92285
1490565939,-43.23615,-22.92308
1490565943,-43.23624,-22.92345
1490565946,-43.23626,-22.92373
1490565950,-43.23631,-22.92402
1490565952,-43.23636,-22.92421
1490565954,-43.23644,-22.92442
1490565971,-43.23635,-22.92465
1490565981,-43.23625,-22.92449
1490565991,-43.23621,-22.9244
1490565997,-43.23609,-22.92412
1490566002,-43.23587,-22.92389
1490566006,-43.23562,-22.92376
1490566010,-43.23544,-22.92365
1490566014,-43.23518,-22.92358
1490566016,-43.23499,-22.92362
1490566019,-43.23479,-22.92377
1490566024,-43.23463,-22.92389
1490566034,-43.23455,-22.92391
1490566044,-43.23454,-22.92389
1490566050,-43.23441,-22.92403
1490566053,-43.23422,-22.92419
1490566057,-43.23403,-22.92435
1490566067,-43.23393,-22.92443
1490566069,-43.23394,-22.92442
1490566079,-43.23394,-22.92439
1490566090,-43.23392,-22.92443
1490566100,-43.23386,-22.92444
1490566104,-43.23368,-22.9246
1490566109,-43.23339,-22.92468
1490566113,-43.2331,-22.92452
1490566118,-43.23282,-22.92431
1490566121,-43.23264,-22.92418
1490566126,-43.23247,-22.92405
1490566133,-43.23224,-22.92387
1490566137,-43.23199,-22.9237
1490566141,-43.23156,-22.9234
1490566143,-43.23136,-22.92327
1490566146,-43.23104,-22.92323
1490566149,-43.23084,-22.92323
1490566155,-43.23018,-22.92332
1490566160,-43.22959,-22.9235
1490566163,-43.22934,-22.9236
1490566167,-43.22874,-22.92381
1490566171,-43.22835,-22.92392
1490566174,-43.22804,-22.92406
1490566178,-43.2278,-22.9242
1490566183,-43.2276,-22.92434
1490566194,-43.22761,-22.9243
1490566204,-43.22754,-22.92438
1490566208,-43.22735,-22.92446
1490566211,-43.22717,-22.92455
1490566213,-43.22702,-22.92468
1490566217,-43.22684,-22.9248
1490566228,-43.22665,-22.92482
1490566238,-43.22665,-22.92482
1490566248,-43.22666,-22.92482
1490566259,-43.22665,-22.92483
1490566269,-43.22668,-22.92484
1490566279,-43.22666,-22.92483
1490566289,-43.22665,-22.9248
1490566300,-43.22669,-22.92477
1490566310,-43.22683,-22.92474
1490566320,-43.22666,-22.92475
1490566330,-43.22666,-22.92476
1490566341,-43.22665,-22.92475
1490566351,-43.22668,-22.92476
1490566361,-43.22671,-22.92472
1490566371,-43.22674,-22.9247
1490566390,-43.22698,-22.92469
1490566391,-43.22674,-22.92471
1490566401,-43.22674,-22.92472
1490566411,-43.22674,-22.9247
1490566422,-43.22671,-22.92466
1490566432,-43.22672,-22.92468
1490566442,-43.22671,-22.92468
1490566452,-43.22674,-22.9247
1490566463,-43.22674,-22.92472
1490566469,-43.22694,-22.92474
1490566480,-43.22676,-22.92474
1490566491,-43.22681,-22.92478
1490566501,-43.22682,-22.9248
1490566511,-43.22681,-22.9248
1490566522,-43.22682,-22.92481
1490566542,-43.2268,-22.92485
1490566553,-43.2268,-22.92484
1490566563,-43.2268,-22.92483
1490566572,-43.22654,-22.92488
1490566590,-43.22687,-22.92469
1490566591,-43.22607,-22.92496
1490566601,-43.22606,-22.92497
1490566611,-43.22597,-22.925
1490566622,-43.22567,-22.92511
1490566626,-43.22531,-22.92513
1490566628,-43.22507,-22.9251
1490566634,-43.2246,-22.92485
1490566636,-43.22442,-22.92474
1490566638,-43.22421,-22.92455
1490566640,-43.22404,-22.9244
1490566646,-43.22366,-22.92408
1490566649,-43.22344,-22.92389
1490566653,-43.22328,-22.92374
1490566660,-43.22285,-22.92332
1490566665,-43.22242,-22.92291
1490566670,-43.22215,-22.92267
1490566673,-43.22197,-22.92251
1490566675,-43.22182,-22.92235
1490566679,-43.22157,-22.92214
1490566688,-43.22087,-22.92173
1490566691,-43.22061,-22.92165
1490566695,-43.22033,-22.92155
1490566698,-43.22005,-22.92149
1490566700,-43.21976,-22.9214
1490566702,-43.21955,-22.92133
1490566704,-43.21936,-22.92127
1490566708,-43.21905,-22.9212
1490566716,-43.2182,-22.92096
1490566719,-43.218,-22.92091
1490566722,-43.21775,-22.92086
1490566737,-43.21753,-22.92076
1490566748,-43.2175,-22.92076
1490566758,-43.21748,-22.92077
1490566768,-43.21752,-22.92072
1490566778,-43.21751,-22.92068
1490566788,-43.21752,-22.92068
1490566795,-43.21732,-22.92065
1490566798,-43.2171,-22.92056
1490566800,-43.21686,-22.92042
1490566808,-43.21641,-22.92013
1490566814,-43.21663,-22.91971
1490566824,-43.21683,-22.91936
1490566828,-43.2169,-22.91909
1490566831,-43.21703,-22.91893
1490566836,-43.21711,-22.91866
1490566845,-43.21736,-22.91832
1490566848,-43.21757,-22.91836
1490566849,-43.21777,-22.91844
1490566852,-43.21812,-22.91858
1490566858,-43.21873,-22.91883
1490566860,-43.21902,-22.91894
1490566866,-43.21945,-22.91913
1490566871,-43.21975,-22.91927
1490566875,-43.22009,-22.91945
1490566877,-43.2204,-22.9196
1490566880,-43.22073,-22.91974
1490566886,-43.22129,-22.92006
1490566888,-43.22155,-22.9202
1490566889,-43.2218,-22.92033
1490566891,-43.22204,-22.92045
1490566895,-43.22227,-22.92053
1490566902,-43.22244,-22.92061
1490566912,-43.2225,-22.92063
1490566914,-43.22271,-22.92068
1490566920,-43.22328,-22.92081
1490566923,-43.22372,-22.92086
1490566930,-43.2248,-22.92085
1490566940,-43.22612,-22.92091
1490566943,-43.22653,-22.92099
1490566944,-43.22685,-22.92108
1490566947,-43.22735,-22.92124
1490566950,-43.2279,-22.92148
1490566951,-43.22809,-22.92155
1490566954,-43.22847,-22.92171
1490566956,-43.22906,-22.92195
1490566959,-43.22957,-22.92217
1490566962,-43.23003,-22.92238
1490566969,-43.23079,-22.92278
1490566980,-43.23112,-22.92296
1490566991,-43.23112,-22.92296
1490567001,-43.23111,-22.92295
1490567006,-43.23129,-22.92307
1490567008,-43.23146,-22.92322
1490567011,-43.23172,-22.92341
1490567014,-43.23191,-22.92351
1490567019,-43.23227,-22.92376
1490567024,-43.23268,-22.92403
1490567027,-43.23286,-22.92417
1490567030,-43.23307,-22.9243
1490567037,-43.23328,-22.92438
1490567040,-43.23343,-22.92451
1490567043,-43.23363,-22.92468
1490567047,-43.23394,-22.9249
1490567049,-43.23417,-22.92506
1490567055,-43.23484,-22.92571
1490567057,-43.23501,-22.92593
1490567061,-43.2354,-22.92652
1490567065,-43.23561,-22.92682
1490567069,-43.23581,-22.92719
1490567070,-43.23592,-22.92735
1490567072,-43.23605,-22.92753
1490567076,-43.23619,-22.92768
1490567092,-43.23602,-22.92757
1490567093,-43.23627,-22.9277
1490567103,-43.23627,-22.92769
1490567114,-43.23629,-22.9277
1490567122,-43.23646,-22.92812
1490567124,-43.23659,-22.9283
1490567127,-43.23672,-22.92853
1490567129,-43.2368,-22.92875
1490567134,-43.23713,-22.92933
1490567137,-43.23724,-22.92953
1490567140,-43.23742,-22.92984
1490567141,-43.23756,-22.93007
1490567143,-43.23774,-22.9303
1490567145,-43.23795,-22.93053
1490567148,-43.23816,-22.93076
1490567151,-43.23848,-22.93107
1490567155,-43.23901,-22.93148
1490567158,-43.23926,-22.93165
1490567161,-43.23969,-22.9318
1490567163,-43.24002,-22.93196
1490567165,-43.24027,-22.93207
1490567167,-43.24046,-22.93215
1490567177,-43.24105,-22.93241
1490567181,-43.2412,-22.93258
1490567185,-43.24134,-22.93273
1490567191,-43.2415,-22.93299
1490567193,-43.24162,-22.93316
1490567203,-43.24161,-22.93324
1490567209,-43.24132,-22.93285
1490567214,-43.24087,-22.93286
1490567221,-43.24045,-22.93344
1490567222,-43.24035,-22.93362
1490567227,-43.24009,-22.93369
1490567230,-43.23983,-22.93356
1490567233,-43.23965,-22.93344
1490567238,-43.23921,-22.93319
1490567242,-43.23898,-22.93303
1490567252,-43.23906,-22.93283
1490567259,-43.23916,-22.93263
1490567269,-43.23925,-22.93255
1490567278,-43.23931,-22.93235
1490567288,-43.23937,-22.93225
1490567299,-43.23942,-22.93221
1490567319,-43.2394,-22.93218
1490567329,-43.23937,-22.93219
1490567340,-43.23928,-22.93212
1490567350,-43.23932,-22.9321
1490567360,-43.23938,-22.93213
1490567380,-43.23946,-22.93217
1490567391,-43.23946,-22.93216
1490567401,-43.23947,-22.93216
1490567411,-43.23947,-22.93216
1490567421,-43.23947,-22.93217
1490567432,-43.23947,-22.93216
1490567442,-43.23945,-22.93214
1490567452,-43.23949,-22.93222
1490567462,-43.23946,-22.93214
1490567473,-43.23945,-22.93215
1490567483,-43.23946,-22.93216
1490567493,-43.23949,-22.93218
1490567503,-43.23953,-22.93221
1490567514,-43.23953,-22.93223
1490567524,-43.2395,-22.93223
1490567534,-43.23952,-22.93226
1490567555,-43.23953,-22.93221
1490567565,-43.23951,-22.9322
1490567575,-43.23952,-22.93222
1490567595,-43.23956,-22.93211
1490567606,-43.23957,-22.93208
1490567615,-43.2395,-22.93187
1490567624,-43.23997,-22.93192
1490567628,-43.24028,-22.93213
1490567630,-43.24055,-22.93223
1490567634,-43.24077,-22.93236
1490567649,-43.24149,-22.93288
1490567650,-43.24166,-22.93307
1490567653,-43.24193,-22.93337
1490567657,-43.24216,-22.93369
1490567659,-43.24232,-22.93386
1490567661,-43.24249,-22.93403
1490567671,-43.24245,-22.93415
1490567681,-43.24246,-22.9341
1490567692,-43.24248,-22.93404
1490567699,-43.24281,-22.93447
1490567702,-43.24305,-22.93473
1490567704,-43.24324,-22.93491
1490567707,-43.24344,-22.93513
1490567709,-43.24366,-22.93534
1490567710,-43.24387,-22.9355
1490567720,-43.24244,-22.93405
1490567721,-43.24512,-22.93649
1490567724,-43.24542,-22.93681
1490567728,-43.24572,-22.93713
1490567729,-43.24596,-22.93732
1490567732,-43.24629,-22.93763
1490567734,-43.2465,-22.93783
1490567737,-43.24668,-22.93802
1490567739,-43.24678,-22.93823
1490567749,-43.24694,-22.93832
1490567760,-43.24761,-22.93888
1490567762,-43.24779,-22.93903
1490567765,-43.24819,-22.93938
1490567767,-43.24842,-22.93951
1490567772,-43.24905,-22.93991
1490567774,-43.2493,-22.94008
1490567777,-43.24964,-22.94036
1490567780,-43.2499,-22.94054
1490567786,-43.25094,-22.94096
1490567790,-43.2514,-22.94108
1490567792,-43.25171,-22.94118
1490567794,-43.25216,-22.94134
1490567801,-43.25289,-22.94194
1490567802,-43.25313,-22.94211
1490567805,-43.25343,-22.9424
1490567808,-43.25359,-22.94252
1490567817,-43.25398,-22.94335
1490567820,-43.25415,-22.94386
1490567825,-43.25424,-22.94454
1490567828,-43.25428,-22.94481
1490567829,-43.25436,-22.94504
1490567835,-43.25476,-22.94554
1490567841,-43.25511,-22.94593
1490567849,-43.25582,-22.94655
1490567854,-43.25622,-22.9468
1490567858,-43.25661,-22.94693
1490567861,-43.25692,-22.94684
1490567867,-43.25715,-22.94671
1490567877,-43.2572,-22.94658
1490567888,-43.25719,-22.94657
1490567899,-43.25727,-22.9466
1490567917,-43.25775,-22.9462
1490567919,-43.25702,-22.94672
1490567920,-43.258,-22.94605
1490567923,-43.25823,-22.94596
1490567929,-43.25862,-22.94608
1490567933,-43.259,-22.94644
1490567940,-43.25924,-22.94696
1490567945,-43.2593,-22.94754
1490567948,-43.25941,-22.94787
1490567949,-43.25948,-22.9481
1490567951,-43.25956,-22.9483
1490567955,-43.25972,-22.94855
1490567957,-43.25984,-22.94871
1490567959,-43.26006,-22.9489
1490567961,-43.26015,-22.94911
1490567964,-43.26028,-22.94926
1490567967,-43.26052,-22.94939
1490567970,-43.26082,-22.94933
1490567973,-43.26104,-22.94917
1490567976,-43.26126,-22.94914
1490567986,-43.26181,-22.94948
1490567992,-43.26184,-22.95002
1490567995,-43.26187,-22.95022
1490567997,-43.26191,-22.95041
1490567998,-43.25906,-22.9473
1490567999,-43.26194,-22.95074
1490568003,-43.26192,-22.95101
1490568009,-43.26155,-22.95141
1490568014,-43.26099,-22.95152
1490568017,-43.26076,-22.95155
1490568020,-43.26051,-22.95165
1490568023,-43.26046,-22.95191
1490568026,-43.26069,-22.95202
1490568032,-43.26122,-22.95186
1490568038,-43.26186,-22.95195
1490568040,-43.26216,-22.95214
1490568042,-43.26235,-22.95228
1490568046,-43.26271,-22.95263
1490568049,-43.26292,-22.95288
1490568052,-43.26309,-22.95305
1490568054,-43.26323,-22.95325
1490568055,-43.26336,-22.95342
1490568060,-43.26362,-22.95373
1490568061,-43.26374,-22.95387
1490568065,-43.26391,-22.95407
1490568070,-43.26395,-22.95428
1490568076,-43.26411,-22.95444
1490568078,-43.26216,-22.95214
1490568080,-43.26448,-22.95456
1490568084,-43.26468,-22.95472
1490568086,-43.26488,-22.95494
1490568089,-43.26511,-22.95521
1490568092,-43.26523,-22.95537
1490568097,-43.26508,-22.95577
1490568102,-43.26465,-22.95577
1490568105,-43.26452,-22.95594
1490568107,-43.26458,-22.95616
1490568109,-43.2648,-22.95618
1490568112,-43.265,-22.95615
1490568117,-43.26573,-22.95608
1490568119,-43.26602,-22.95608
1490568124,-43.2666,-22.95626
1490568126,-43.26696,-22.95647
1490568128,-43.2672,-22.9566
1490568131,-43.26744,-22.95674
1490568135,-43.2679,-22.957
1490568146,-43.26888,-22.95742
1490568151,-43.26827,-22.95745
1490568163,-43.26692,-22.95703
1490568165,-43.26665,-22.957
1490568166,-43.26641,-22.95695
1490568168,-43.26615,-22.95694
1490568172,-43.26565,-22.95708
1490568178,-43.26502,-22.95743
1490568179,-43.26475,-22.95754
1490568182,-43.26441,-22.95769
1490568185,-43.26428,-22.9579
1490568189,-43.26435,-22.95811
1490568191,-43.26452,-22.95821
1490568192,-43.26473,-22.95828
1490568195,-43.26497,-22.95836
1490568202,-43.26573,-22.95804
1490568203,-43.2659,-22.95786
1490568205,-43.26606,-22.95772
1490568207,-43.26633,-22.95774
1490568211,-43.26664,-22.95794
1490568212,-43.26682,-22.95811
1490568220,-43.26753,-22.95873
1490568221,-43.26771,-22.95893
1490568228,-43.26832,-22.95954
1490568230,-43.2686,-22.95988
1490568232,-43.2688,-22.96004
1490568238,-43.26943,-22.96011
1490568240,-43.2697,-22.96024
1490568248,-43.27016,-22.96076
1490568253,-43.27066,-22.96066
1490568255,-43.27089,-22.96058
1490568257,-43.27126,-22.96046
1490568262,-43.27175,-22.96052
1490568264,-43.27199,-22.96054
1490568265,-43.27223,-22.96054
1490568267,-43.27246,-22.96064
1490568270,-43.27266,-22.96077
1490568272,-43.27284,-22.96095
1490568275,-43.2731,-22.96141
1490568281,-43.27367,-22.96187
1490568284,-43.27405,-22.96208
1490568286,-43.27441,-22.96229
1490568288,-43.27467,-22.96243
1490568291,-43.275,-22.96265
1490568296,-43.2753,-22.96309
1490568303,-43.27598,-22.96388
1490568306,-43.27622,-22.96398
1490568308,-43.27648,-22.9641
1490568311,-43.2769,-22.96436
1490568313,-43.27704,-22.96453
1490568319,-43.27719,-22.96526
1490568327,-43.27757,-22.96612
1490568330,-43.27777,-22.96662
1490568332,-43.2779,-22.96683
1490568337,-43.27823,-22.96701
1490568341,-43.27862,-22.96731
1490568345,-43.27899,-22.96752
1490568349,-43.27916,-22.9677
1490568351,-43.27922,-22.96795
1490568353,-43.2791,-22.96818
1490568361,-43.27911,-22.96888
1490568363,-43.27926,-22.96912
1490568368,-43.27958,-22.96949
1490568371,-43.28005,-22.9697
1490568375,-43.28032,-22.96965
1490568379,-43.28083,-22.96985
1490568383,-43.28106,-22.97014
1490568390,-43.28169,-22.97059
1490568391,-43.28191,-22.97064
1490568394,-43.28219,-22.9706
1490568399,-43.28257,-22.97067
1490568401,-43.28287,-22.97085
1490568403,-43.28301,-22.97101
1490568409,-43.28309,-22.97151
1490568416,-43.28371,-22.97207
1490568418,-43.28388,-22.97228
1490568423,-43.28424,-22.9727
1490568430,-43.28479,-22.97322
1490568434,-43.28507,-22.97345
1490568435,-43.28521,-22.97359
1490568437,-43.28538,-22.97374
1490568441,-43.28565,-22.97396
1490568447,-43.28624,-22.97445
1490568475,-43.28844,-22.97628
1490568477,-43.28867,-22.97636
1490568478,-43.28894,-22.97645
1490568482,-43.2893,-22.97658
1490568486,-43.28982,-22.9767
1490568487,-43.29008,-22.97673
1490568497,-43.29098,-22.97731
1490568499,-43.29112,-22.97744
1490568510,-43.29181,-22.9787
1490568572,-43.2934,-22.98047
1490568574,-43.2937,-22.98059
1490568585,-43.2945,-22.98122
1490568619,-43.29666,-22.98404
1490568622,-43.29687,-22.98414
1490568624,-43.29707,-22.98411
1490568625,-43.29731,-22.98396
1490568627,-43.29756,-22.9838
1490568629,-43.29783,-22.98368
1490568632,-43.29808,-22.98356
1490568637,-43.29838,-22.98297
1490568640,-43.29829,-22.9827
1490568648,-43.29883,-22.98235
1490568653,-43.29923,-22.98193
1490568655,-43.29938,-22.98178
1490568659,-43.29968,-22.98179
1490568664,-43.3,-22.98165
1490568669,-43.30026,-22.9813
1490568673,-43.30046,-22.98131
1490568677,-43.30068,-22.98153
1490568683,-43.30024,-22.98204
1490568687,-43.29996,-22.9823
1490568691,-43.29963,-22.98264
1490568694,-43.29963,-22.98296
1490568696,-43.29962,-22.9832
1490568701,-43.29959,-22.98366
1490568702,-43.2996,-22.98387
1490568704,-43.29973,-22.98409
1490568706,-43.29989,-22.98427
1490568710,-43.30017,-22.98453
1490568712,-43.30034,-22.98471
1490568715,-43.30052,-22.98516
1490568718,-43.30039,-22.98542
1490568721,-43.30037,-22.98561
1490568724,-43.30051,-22.98578
1490568728,-43.30088,-22.98615
1490568734,-43.30146,-22.98625
1490568737,-43.30179,-22.98639
1490568739,-43.30196,-22.98665
1490568742,-43.30211,-22.98687
1490568751,-43.30214,-22.98706
1490568762,-43.30212,-22.98706
1490568769,-43.30218,-22.98748
1490568771,-43.3021,-22.98765
1490568773,-43.30202,-22.98786
1490568777,-43.30187,-22.98822
1490568780,-43.3017,-22.98862
1490568781,-43.30159,-22.98888
1490568791,-43.30185,-22.99022
1490568793,-43.30196,-22.99048
1490568795,-43.30206,-22.99074
1490568801,-43.30231,-22.9914
1490568803,-43.3025,-22.99179
1490568805,-43.30261,-22.992
1490568810,-43.30281,-22.99237
1490568812,-43.30289,-22.99259
1490568813,-43.30299,-22.99282
1490568815,-43.3031,-22.99306
1490568818,-43.30327,-22.99345
1490568821,-43.3034,-22.99375
1490568825,-43.30374,-22.99454
1490568827,-43.30389,-22.99484
1490568832,-43.30422,-22.99542
1490568833,-43.30437,-22.9957
1490568835,-43.30454,-22.99597
1490568838,-43.30473,-22.99636
1490568842,-43.30484,-22.9968
1490568843,-43.30486,-22.9971
1490568846,-43.30486,-22.99757
1490568852,-43.30486,-22.9984
1490568855,-43.30486,-22.99885
1490568858,-43.30487,-22.99943
1490568861,-43.30488,-22.99972
1490568863,-43.30489,-22.99999
1490568866,-43.3049,-23.00037
1490568867,-43.3049,-23.00059
1490568869,-43.3049,-23.0008
1490568873,-43.30489,-23.00115
1490568876,-43.30486,-23.00173
1490568878,-43.30483,-23.00205
1490568881,-43.30477,-23.00253
1490568884,-43.30474,-23.00282
1490568886,-43.30472,-23.00312
1490568887,-43.30469,-23.0034
1490568889,-43.30466,-23.00368
1490568892,-43.30462,-23.00406
1490568895,-43.30459,-23.00432
1490568898,-43.30447,-23.00473
1490568900,-43.30433,-23.00514
1490568903,-43.30423,-23.00558
1490568907,-43.30429,-23.00601
1490568909,-43.30438,-23.00628
1490568910,-43.30447,-23.00654
1490568912,-43.30454,-23.00676
1490568920,-43.30511,-23.00692
1490568922,-43.30551,-23.00693
1490568924,-43.30581,-23.00693
1490568926,-43.30611,-23.00691
1490568929,-43.30644,-23.0069
1490568931,-43.30678,-23.00689
1490568932,-43.3071,-23.00686
1490568936,-43.30764,-23.0068
1490568940,-43.30803,-23.00673
1490568943,-43.30845,-23.00669
1490568946,-43.30906,-23.00664
1490568948,-43.30936,-23.00662
1490568955,-43.31009,-23.00657
1490568956,-43.31034,-23.00656
1490568958,-43.30845,-23.00651
1490568959,-43.31077,-23.00655
1490568962,-43.31103,-23.00655
1490568965,-43.31149,-23.00652
1490568970,-43.31243,-23.00641
1490568973,-43.31276,-23.00637
1490568975,-43.31309,-23.00632
1490568979,-43.31386,-23.00626
1490568987,-43.31496,-23.00635
1490568991,-43.31543,-23.00633
1490568994,-43.31569,-23.0063
1490568996,-43.31592,-23.00625
1490568998,-43.30845,-23.00651
1490568999,-43.31641,-23.00613
1490569001,-43.31667,-23.00605
1490569005,-43.31709,-23.00592
1490569007,-43.31736,-23.00581
1490569008,-43.31765,-23.0057
1490569013,-43.31839,-23.00538
1490569016,-43.3187,-23.00524
1490569018,-43.31914,-23.00502
1490569024,-43.31991,-23.00469
1490569027,-43.32036,-23.00449
1490569030,-43.32079,-23.00431
1490569034,-43.32146,-23.00402
1490569037,-43.32167,-23.00392
1490569039,-43.32192,-23.00381
1490569043,-43.32212,-23.00372
1490569053,-43.32226,-23.00367
1490569064,-43.32224,-23.00366
1490569074,-43.32224,-23.00366
1490569084,-43.32244,-23.00359
1490569087,-43.32267,-23.00351
1490569089,-43.32286,-23.00344
1490569095,-43.32355,-23.00315
1490569098,-43.32392,-23.00301
1490569104,-43.32452,-23.00276
1490569106,-43.32477,-23.00267
1490569107,-43.32503,-23.00257
1490569109,-43.32531,-23.00246
1490569111,-43.32561,-23.00233
1490569114,-43.3259,-23.00222
1490569116,-43.32632,-23.00206
1490569120,-43.32686,-23.00185
1490569123,-43.32712,-23.00176
1490569125,-43.32736,-23.00168
1490569126,-43.32758,-23.0016
1490569128,-43.32777,-23.00153
1490569134,-43.32799,-23.00146
1490569144,-43.328,-23.00144
1490569154,-43.32799,-23.00143
1490569158,-43.32422,-23.0031
1490569159,-43.32797,-23.00143
1490569170,-43.32796,-23.00142
1490569180,-43.32798,-23.00142
1490569190,-43.32799,-23.0014
1490569200,-43.328,-23.00141
1490569207,-43.32821,-23.00133
1490569214,-43.32841,-23.0014
1490569217,-43.32839,-23.00161
1490569222,-43.32804,-23.002
1490569226,-43.32766,-23.00217
1490569229,-43.32725,-23.00235
1490569231,-43.32684,-23.00253
1490569233,-43.32656,-23.00263
1490569235,-43.32634,-23.00273
1490569239,-43.32599,-23.00288
1490569241,-43.32578,-23.00296
1490569248,-43.32507,-23.00325
1490569253,-43.32503,-23.00345
1490569257,-43.32531,-23.00369
1490569260,-43.3255,-23.00383
1490569262,-43.32566,-23.00394
1490569266,-43.32591,-23.00409
1490584170,-43.26854,-22.84192
