1487371269,-48.63968,-26.98578
1487371273,-48.63968,-26.98578
1487371283,-48.63968,-26.98578
1487371294,-48.63968,-26.98578
1487371304,-48.63968,-26.98578
1487371314,-48.63968,-26.98578
1487371325,-48.63968,-26.98578
1487371335,-48.63968,-26.98578
1487371356,-48.63968,-26.98578
1487371366,-48.63968,-26.98578
1487371377,-48.63968,-26.98578
1487371387,-48.63968,-26.98578
1487371398,-48.63968,-26.98578
1487371409,-48.63968,-26.98578
1487371429,-48.63968,-26.98565
1487371440,-48.63956,-26.9856
1487371450,-48.63944,-26.98557
1487371460,-48.63934,-26.98564
1487371471,-48.63933,-26.98567
1487371492,-48.63937,-26.98555
1487371501,-48.6392,-26.98545
1487371504,-48.639,-26.98539
1487371508,-48.6388,-26.98532
1487371516,-48.63821,-26.98508
1487371522,-48.63768,-26.9849
1487371529,-48.6372,-26.98464
1487371531,-48.637,-26.98447
1487371534,-48.63675,-26.98441
1487371545,-48.63655,-26.98438
1487371547,-48.63592,-26.98432
1487371557,-48.63577,-26.98438
1487371568,-48.63571,-26.98428
1487371578,-48.63555,-26.98431
1487371588,-48.63552,-26.98439
1487371598,-48.63553,-26.9844
1487371609,-48.63549,-26.98453
1487371614,-48.63545,-26.98471
1487371624,-48.63546,-26.98472
1487371635,-48.63546,-26.98476
1487371642,-48.63542,-26.98496
1487371652,-48.63545,-26.98506
1487371658,-48.63565,-26.98524
1487371664,-48.63615,-26.98553
1487371671,-48.63663,-26.98592
1487371674,-48.63684,-26.98605
1487371678,-48.63703,-26.98615
1487371681,-48.63728,-26.98631
1487371689,-48.6378,-26.98663
1487371691,-48.63803,-26.98676
1487371694,-48.63823,-26.98692
1487371699,-48.63851,-26.98711
1487371701,-48.6387,-26.98722
1487371711,-48.63881,-26.98732
1487371713,-48.63819,-26.98763
1487371714,-48.63793,-26.98769
1487371719,-48.63745,-26.98784
1487371722,-48.63705,-26.98801
1487371724,-48.63679,-26.9881
1487371729,-48.63619,-26.98819
1487371735,-48.63571,-26.98833
1487371738,-48.63537,-26.98842
1487371741,-48.63513,-26.98847
1487371745,-48.63485,-26.98852
1487371751,-48.63447,-26.98881
1487371755,-48.63432,-26.98905
1487371758,-48.63421,-26.98922
1487371761,-48.6341,-26.98938
1487371772,-48.63383,-26.9898
1487371777,-48.63402,-26.99004
1487371781,-48.63426,-26.99017
1487371790,-48.6342,-26.99055
1487371794,-48.63405,-26.99074
1487371799,-48.63391,-26.99091
1487371802,-48.63374,-26.99104
1487371805,-48.63358,-26.99119
1487371819,-48.63329,-26.99149
1487371822,-48.63316,-26.99164
1487371825,-48.63299,-26.9918
1487371827,-48.63284,-26.99197
1487371832,-48.63267,-26.99213
1487371843,-48.63266,-26.99216
1487371847,-48.63175,-26.99165
1487371853,-48.63152,-26.99147
1487371863,-48.63144,-26.99141
1487371873,-48.63142,-26.99138
1487371884,-48.63143,-26.99138
1487371894,-48.63136,-26.99131
1487371904,-48.6312,-26.99146
1487371910,-48.63109,-26.99161
1487371915,-48.63095,-26.9918
1487371925,-48.63092,-26.99181
1487371935,-48.63091,-26.99183
1487371946,-48.63092,-26.99183
1487371956,-48.63092,-26.99183
1487371967,-48.63092,-26.99183
1487371971,-48.63076,-26.99204
1487371974,-48.63061,-26.99225
1487371978,-48.63043,-26.99245
1487371981,-48.6302,-26.99275
1487371984,-48.63004,-26.99298
1487371989,-48.62986,-26.99322
1487371993,-48.62956,-26.99347
1487371999,-48.62933,-26.99386
1487372004,-48.62917,-26.99409
1487372007,-48.62902,-26.99432
1487372017,-48.62902,-26.99432
1487372019,-48.62877,-26.99455
1487372026,-48.62858,-26.99475
1487372031,-48.62848,-26.99494
1487372040,-48.62829,-26.99508
1487372044,-48.62817,-26.99531
1487372049,-48.62805,-26.99548
1487372073,-48.62777,-26.99593
1487372083,-48.62778,-26.99593
1487372088,-48.62778,-26.99592
1487372093,-48.62777,-26.99591
1487372104,-48.62776,-26.9959
1487372124,-48.62778,-26.99588
1487372134,-48.62765,-26.99605
1487372142,-48.62743,-26.99637
1487372154,-48.62689,-26.99702
1487372157,-48.62676,-26.99722
1487372162,-48.6266,-26.99743
1487372166,-48.62649,-26.99762
1487372170,-48.62661,-26.99777
1487372174,-48.62686,-26.99792
1487372175,-48.62704,-26.99805
1487372179,-48.62748,-26.99818
1487372190,-48.62842,-26.99889
1487372192,-48.62868,-26.99912
1487372194,-48.62883,-26.99925
1487372199,-48.62924,-26.9995
1487372203,-48.62949,-26.99966
1487372204,-48.62967,-26.99979
1487372207,-48.6299,-26.99995
1487372211,-48.6301,-27.00008
1487372215,-48.63026,-27.00021
1487372225,-48.63028,-27.00022
1487372247,-48.63027,-27.00022
1487372258,-48.63027,-27.00022
1487372269,-48.63027,-27.00022
1487372282,-48.63051,-27.00039
1487372285,-48.63072,-27.00052
1487372288,-48.63088,-27.00063
1487372289,-48.63109,-27.00077
1487372291,-48.6313,-27.00092
1487372295,-48.63166,-27.00115
1487372302,-48.63235,-27.0016
1487372304,-48.63263,-27.00181
1487372306,-48.63286,-27.00195
1487372309,-48.6332,-27.00218
1487372316,-48.63376,-27.00255
1487372323,-48.63401,-27.00259
1487372324,-48.63421,-27.00255
1487372327,-48.63474,-27.00245
1487372335,-48.63607,-27.00212
1487372337,-48.63645,-27.00202
1487372339,-48.63664,-27.00196
1487372340,-48.63704,-27.00186
1487372342,-48.63746,-27.00175
1487372344,-48.63788,-27.00163
1487372346,-48.63809,-27.00156
1487372347,-48.63852,-27.00143
1487372349,-48.63873,-27.00137
1487372350,-48.63915,-27.00124
1487372356,-48.64038,-27.0009
1487372361,-48.64132,-27.00061
1487372363,-48.64169,-27.0005
1487372365,-48.64204,-27.00039
1487372368,-48.64255,-27.00023
1487372372,-48.64311,-27.00002
1487372374,-48.64335,-26.99992
1487372377,-48.64359,-26.99981
1487372382,-48.64441,-26.99954
1487372384,-48.64468,-26.99946
1487372388,-48.64506,-26.99934
1487372389,-48.64528,-26.99926
1487372391,-48.64546,-26.99917
1487372394,-48.64562,-26.99903
1487372406,-48.64533,-26.99813
1487372412,-48.64529,-26.99794
1487372416,-48.64527,-26.99776
1487372419,-48.64526,-26.99755
1487372423,-48.64528,-26.99718
1487372426,-48.64529,-26.99695
1487372431,-48.64532,-26.99637
1487372434,-48.64534,-26.99598
1487372442,-48.64537,-26.99512
1487372446,-48.64538,-26.99493
1487372450,-48.64538,-26.9947
1487372455,-48.64539,-26.99449
1487372465,-48.64539,-26.99449
1487372476,-48.64539,-26.99449
1487372490,-48.64539,-26.99449
1487372511,-48.64541,-26.9943
1487372525,-48.64554,-26.99393
1487372532,-48.64594,-26.99421
1487372537,-48.6462,-26.99438
1487372542,-48.64638,-26.9945
1487372548,-48.64655,-26.99461
1487372560,-48.6471,-26.99422
1487372565,-48.64726,-26.99403
1487372575,-48.64737,-26.99388
1487372586,-48.64738,-26.99378
1487372589,-48.64681,-26.99329
1487372600,-48.64675,-26.99317
1487372612,-48.64675,-26.99318
1487372631,-48.6464,-26.99305
1487372638,-48.64589,-26.99272
1487372640,-48.64571,-26.9926
1487372643,-48.6455,-26.99246
1487372660,-48.64528,-26.99233
1487372671,-48.64527,-26.99233
1487372681,-48.64527,-26.99234
1487372692,-48.64527,-26.99234
1487372701,-48.64508,-26.99221
1487372707,-48.64514,-26.99201
1487372715,-48.64557,-26.99163
1487372723,-48.64634,-26.9916
1487372728,-48.64669,-26.99174
1487372731,-48.64696,-26.99186
1487372734,-48.64734,-26.99202
1487372736,-48.64763,-26.99214
1487372741,-48.64838,-26.99253
1487372743,-48.64867,-26.99266
1487372747,-48.649,-26.99281
1487372758,-48.64982,-26.99319
1487372759,-48.65007,-26.99331
1487372762,-48.65029,-26.99342
1487372766,-48.65054,-26.99356
1487372770,-48.65087,-26.99378
1487372779,-48.65156,-26.99427
1487372782,-48.65174,-26.99442
1487372788,-48.65215,-26.99473
1487372795,-48.65255,-26.99505
1487372797,-48.65273,-26.9952
1487372801,-48.65304,-26.99537
1487372810,-48.65353,-26.9956
1487372812,-48.65374,-26.99575
1487372816,-48.65396,-26.9959
1487372819,-48.65412,-26.99602
1487372824,-48.65426,-26.99615
1487372835,-48.6543,-26.9962
1487372848,-48.65435,-26.99624
1487372856,-48.65453,-26.99657
1487372867,-48.65467,-26.99705
1487372871,-48.6544,-26.99715
1487372875,-48.65415,-26.99722
1487372876,-48.65395,-26.99727
1487372880,-48.65348,-26.9974
1487372882,-48.65323,-26.99749
1487372886,-48.6527,-26.99765
1487372890,-48.65226,-26.99778
1487372892,-48.65178,-26.99783
1487372895,-48.65133,-26.99793
1487372898,-48.65096,-26.99806
1487372901,-48.65064,-26.99821
1487372904,-48.65032,-26.99836
1487372908,-48.65001,-26.99849
1487372909,-48.64976,-26.99857
1487372911,-48.64949,-26.99863
1487372914,-48.64922,-26.99869
1487372915,-48.64894,-26.99876
1487372921,-48.64838,-26.99892
1487372923,-48.64814,-26.99899
1487372926,-48.64794,-26.99905
1487372931,-48.6477,-26.99912
1487372934,-48.64735,-26.99924
1487372936,-48.64714,-26.99929
1487372939,-48.64693,-26.99934
1487372941,-48.64664,-26.99944
1487372950,-48.6461,-26.99962
1487372955,-48.64559,-26.99976
1487372956,-48.64532,-26.99984
1487372960,-48.64469,-27.00002
1487372962,-48.64436,-27.0001
1487372965,-48.644,-27.00017
1487372967,-48.6434,-27.00026
1487372969,-48.64299,-27.00033
1487372974,-48.64205,-27.00054
1487372977,-48.64167,-27.00064
1487372978,-48.64127,-27.00075
1487372983,-48.64021,-27.00106
1487372986,-48.63959,-27.00124
1487372988,-48.63919,-27.00137
1487372992,-48.63837,-27.0016
1487372994,-48.63796,-27.0017
1487372996,-48.63754,-27.00182
1487372998,-48.63712,-27.00194
1487372999,-48.63691,-27.002
1487373003,-48.636,-27.00226
1487373004,-48.63576,-27.00233
1487373007,-48.63527,-27.00247
1487373014,-48.63352,-27.00299
1487373015,-48.63327,-27.00306
1487373016,-48.63278,-27.0032
1487373020,-48.63206,-27.00341
1487373022,-48.63158,-27.00355
1487373023,-48.63112,-27.00368
1487373031,-48.62977,-27.00407
1487373033,-48.62924,-27.00423
1487373036,-48.62887,-27.00434
1487373037,-48.62848,-27.00445
1487373044,-48.62719,-27.00484
1487373045,-48.62696,-27.00491
1487373046,-48.62652,-27.00504
1487373054,-48.62501,-27.00548
1487373058,-48.62398,-27.00578
1487373061,-48.62358,-27.0059
1487373063,-48.62296,-27.00608
1487373066,-48.62257,-27.00619
1487373067,-48.6222,-27.0063
1487373071,-48.62144,-27.00652
1487373072,-48.62124,-27.00658
1487373074,-48.62084,-27.0067
1487373079,-48.62001,-27.00694
1487373087,-48.61828,-27.00751
1487373092,-48.61726,-27.00803
1487373093,-48.61686,-27.00828
1487373095,-48.61646,-27.00857
1487373097,-48.61606,-27.00889
1487373100,-48.61552,-27.00942
1487373102,-48.61518,-27.00981
1487373108,-48.61444,-27.01083
1487373109,-48.61419,-27.01128
1487373115,-48.6135,-27.01259
1487373117,-48.61327,-27.01303
1487373122,-48.61295,-27.01365
1487373123,-48.61276,-27.01405
1487373124,-48.61258,-27.01441
1487373126,-48.61241,-27.01475
1487373128,-48.61224,-27.01507
1487373133,-48.61184,-27.01586
1487373141,-48.6114,-27.01686
1487373142,-48.61135,-27.01712
1487373145,-48.61129,-27.01737
1487373146,-48.61122,-27.01759
1487373149,-48.61111,-27.01779
1487373150,-48.61101,-27.01798
1487373157,-48.61075,-27.0185
1487373161,-48.61064,-27.01869
1487373168,-48.61036,-27.01866
1487373176,-48.61013,-27.01858
1487373186,-48.60996,-27.01844
1487373193,-48.60996,-27.01825
1487373208,-48.6101,-27.01819
1487373228,-48.6101,-27.01819
1487373243,-48.6101,-27.01819
1487373289,-48.6101,-27.01819
1487373321,-48.6101,-27.01818
1487373333,-48.6101,-27.01818
1487373346,-48.6101,-27.01819
1487373358,-48.61004,-27.01819
1487373368,-48.61002,-27.01831
1487373383,-48.60994,-27.01847
1487373391,-48.60967,-27.01855
1487373404,-48.60967,-27.01855
1487373416,-48.60959,-27.01861
1487373439,-48.60962,-27.01864
1487373452,-48.60962,-27.01864
1487373462,-48.60962,-27.01864
1487373527,-48.60962,-27.01863
1487373537,-48.60962,-27.01863
1487373548,-48.60962,-27.01863
1487373559,-48.6097,-27.0185
1487373570,-48.61014,-27.01842
1487373584,-48.61067,-27.01746
