1489256708,-43.23994,-22.91793
1489256713,-43.23934,-22.91885
1489256724,-43.23934,-22.91885
1489256732,-43.23889,-22.91952
1489256745,-43.23889,-22.91952
1489256756,-43.23707,-22.9226
1489256766,-43.23707,-22.9226
1489256773,-43.23738,-22.92212
1489256784,-43.23738,-22.92212
1489256797,-43.23662,-22.92334
1489256808,-43.23662,-22.92334
1489256823,-43.23653,-22.92345
1489256834,-43.23651,-22.92342
1489256844,-43.23651,-22.92342
1489256854,-43.23677,-22.92396
1489256878,-43.23676,-22.92407
1489256885,-43.237,-22.92412
1489256896,-43.237,-22.92412
1489256906,-43.23866,-22.92403
1489256917,-43.23868,-22.92394
1489256936,-43.23881,-22.92365
1489256946,-43.2388,-22.9237
1489256953,-43.2388,-22.9237
1489256956,-43.23881,-22.92365
1489256967,-43.23874,-22.92365
1489256978,-43.2388,-22.92361
1489256987,-43.23944,-22.92271
1489256998,-43.23944,-22.92271
1489257008,-43.23944,-22.92271
1489257029,-43.23881,-22.92208
1489257039,-43.23881,-22.92208
1489257052,-43.23881,-22.92208
1489257073,-43.23821,-22.92072
1489257078,-43.23753,-22.92177
1489257089,-43.23753,-22.92177
1489257099,-43.23753,-22.92177
1489257110,-43.23753,-22.92177
1489257120,-43.23753,-22.92177
1489257123,-43.2393,-22.92002
1489257134,-43.2393,-22.92002
1489257142,-43.23472,-22.92392
1489257150,-43.23429,-22.9242
1489257160,-43.23416,-22.92429
1489257163,-43.2393,-22.92002
1489257174,-43.2393,-22.92002
1489257183,-43.23263,-22.92408
1489257193,-43.23263,-22.92408
1489257203,-43.2393,-22.92002
1489257214,-43.2393,-22.92002
1489257226,-43.2393,-22.92002
1489257236,-43.2393,-22.92002
1489257249,-43.22504,-22.92493
1489257259,-43.22504,-22.92493
1489257266,-43.2393,-22.92002
1489257277,-43.2393,-22.92002
1489257290,-43.2393,-22.92002
1489257301,-43.2393,-22.92002
1489257310,-43.22122,-22.92512
1489257312,-43.221,-22.925
1489257318,-43.22029,-22.92465
1489257319,-43.22007,-22.92455
1489257335,-43.21976,-22.92436
1489257346,-43.2393,-22.92002
1489257357,-43.2393,-22.92002
1489257368,-43.2393,-22.92002
1489257379,-43.2393,-22.92002
1489257391,-43.2393,-22.92002
1489257402,-43.2393,-22.92002
1489257411,-43.21443,-22.9222
1489257414,-43.21425,-22.92241
1489257433,-43.21308,-22.92356
1489257441,-43.21278,-22.92386
1489257452,-43.21278,-22.92386
1489257466,-43.21278,-22.92386
1489257470,-43.2393,-22.92002
1489257480,-43.2393,-22.92002
1489257489,-43.21073,-22.92489
1489257500,-43.21073,-22.92489
1489257510,-43.2393,-22.92002
1489257521,-43.2393,-22.92002
1489257533,-43.2393,-22.92002
1489257544,-43.2393,-22.92002
1489257555,-43.2393,-22.92002
1489257566,-43.2393,-22.92002
1489257577,-43.2393,-22.92002
1489257591,-43.20937,-22.93529
1489257601,-43.20937,-22.93529
1489257613,-43.20937,-22.93529
1489257615,-43.2393,-22.92002
1489257636,-43.2393,-22.92002
1489257647,-43.2393,-22.92002
1489257660,-43.2393,-22.92002
1489257683,-43.2393,-22.92002
1489257693,-43.2393,-22.92002
1489257704,-43.2393,-22.92002
1489257715,-43.2393,-22.92002
1489257728,-43.2393,-22.92002
1489257739,-43.2393,-22.92002
1489257752,-43.2393,-22.92002
1489257763,-43.2393,-22.92002
1489257774,-43.2393,-22.92002
1489257785,-43.2393,-22.92002
1489257796,-43.2393,-22.92002
1489257807,-43.2393,-22.92002
1489257818,-43.2393,-22.92002
1489257829,-43.2393,-22.92002
1489257840,-43.2393,-22.92002
1489257851,-43.2393,-22.92002
1489257858,-43.19983,-22.95864
1489257869,-43.19978,-22.95857
1489257880,-43.19978,-22.95857
1489257883,-43.2393,-22.92002
1489257894,-43.19865,-22.95698
1489257905,-43.19865,-22.95698
1489257916,-43.19865,-22.95698
1489257925,-43.2393,-22.92002
1489257937,-43.2393,-22.92002
1489257948,-43.2393,-22.92002
1489257953,-43.19479,-22.95454
1489257963,-43.19479,-22.95454
1489257978,-43.2393,-22.92002
1489257988,-43.2393,-22.92002
