1486631756,-46.85654,-23.5001
1486631757,-46.85654,-23.5001
1486631765,-46.85654,-23.5001
1486631768,-46.85654,-23.5001
1486631782,-46.85654,-23.5001
1486631808,-46.85654,-23.5001
1486631815,-46.85654,-23.5001
1486631836,-46.85654,-23.5001
1486631871,-46.85654,-23.50009
1486631885,-46.8573,-23.50005
1486631890,-46.85753,-23.50023
1486631894,-46.85763,-23.50067
1486631901,-46.85768,-23.50122
1486631904,-46.85772,-23.50149
1486631911,-46.85776,-23.50195
1486631917,-46.8582,-23.50217
1486631921,-46.85843,-23.50221
1486631924,-46.8588,-23.50228
1486631946,-46.85819,-23.50232
1486631947,-46.85796,-23.50228
1486631950,-46.85762,-23.50223
1486631954,-46.85728,-23.50221
1486631961,-46.8565,-23.50228
1486631962,-46.85626,-23.50231
1486631968,-46.85555,-23.50238
1486631977,-46.85461,-23.50248
1486631978,-46.85438,-23.5025
1486631980,-46.85414,-23.50252
1486631983,-46.8539,-23.50255
1486631985,-46.85365,-23.50258
1486631990,-46.85292,-23.50262
1486631995,-46.85244,-23.50262
1486632000,-46.85182,-23.50258
1486632003,-46.85156,-23.50255
1486632013,-46.85011,-23.50261
1486632018,-46.84948,-23.50268
1486632022,-46.84914,-23.50271
1486632023,-46.84894,-23.50273
1486632026,-46.84866,-23.50274
1486632040,-46.84824,-23.50279
1486632051,-46.84787,-23.50294
1486632064,-46.84758,-23.504
1486632067,-46.84744,-23.50423
1486632069,-46.84735,-23.50441
1486632072,-46.84726,-23.50459
1486632077,-46.84722,-23.50505
1486632085,-46.84761,-23.50566
1486632090,-46.84827,-23.50562
1486632094,-46.84882,-23.50558
1486632096,-46.84924,-23.50555
1486632101,-46.84984,-23.5055
1486632103,-46.85015,-23.50548
1486632104,-46.85048,-23.50546
1486632107,-46.851,-23.50542
1486632115,-46.85247,-23.50535
1486632126,-46.8545,-23.50523
1486632127,-46.85492,-23.50519
1486632128,-46.85512,-23.50518
1486632129,-46.85533,-23.50516
1486632136,-46.85655,-23.50504
1486632141,-46.85774,-23.50493
1486632145,-46.85831,-23.50488
1486632146,-46.85868,-23.50485
1486632165,-46.86181,-23.50462
1486632169,-46.86267,-23.5046
1486632179,-46.86444,-23.50464
1486632189,-46.86622,-23.50473
1486632193,-46.86709,-23.50476
1486632195,-46.86751,-23.50477
1486632203,-46.86927,-23.50482
1486632205,-46.86971,-23.50483
1486632206,-46.87011,-23.50484
1486632208,-46.87051,-23.50484
1486632219,-46.87251,-23.50488
1486632221,-46.87294,-23.50489
1486632231,-46.87512,-23.50496
1486632234,-46.876,-23.50497
1486632236,-46.87643,-23.50497
1486632243,-46.87772,-23.50495
1486632253,-46.87889,-23.50498
1486632257,-46.88113,-23.50503
1486632260,-46.88164,-23.50504
1486632263,-46.88297,-23.50505
1486632268,-46.88404,-23.50508
1486632274,-46.88565,-23.5052
1486632275,-46.88592,-23.50523
1486632276,-46.88644,-23.50527
1486632283,-46.88802,-23.50542
1486632285,-46.88881,-23.50551
1486632286,-46.88907,-23.50554
1486632289,-46.8896,-23.5056
1486632291,-46.89013,-23.50566
1486632292,-46.89065,-23.50573
1486632303,-46.89372,-23.5061
1486632311,-46.89573,-23.50631
1486632312,-46.89602,-23.50634
1486632320,-46.89863,-23.50666
1486632322,-46.89919,-23.50676
1486632326,-46.90001,-23.50694
1486632328,-46.90056,-23.50707
1486632330,-46.9011,-23.50721
1486632332,-46.90191,-23.50744
1486632349,-46.90636,-23.50877
1486632352,-46.90713,-23.50899
1486632354,-46.90765,-23.50915
1486632357,-46.90817,-23.50932
1486632358,-46.90872,-23.50947
1486632360,-46.90926,-23.50963
1486632362,-46.90953,-23.50971
1486632364,-46.91037,-23.50994
1486632368,-46.91119,-23.51019
1486632373,-46.91282,-23.51066
1486632378,-46.91387,-23.51096
1486632384,-46.91562,-23.51157
1486632386,-46.91611,-23.51176
1486632388,-46.9166,-23.51196
1486632390,-46.91684,-23.51206
1486632391,-46.91733,-23.51227
1486632392,-46.91757,-23.51237
1486632395,-46.91806,-23.51258
1486632397,-46.91879,-23.51288
1486632400,-46.9195,-23.5132
1486632402,-46.91997,-23.51342
1486632405,-46.92069,-23.51373
1486632415,-46.92305,-23.51473
1486632417,-46.92328,-23.51483
1486632423,-46.92495,-23.51551
1486632426,-46.92543,-23.51568
1486632427,-46.92593,-23.51584
1486632429,-46.92618,-23.51591
1486632431,-46.92669,-23.51605
1486632435,-46.92769,-23.51634
1486632439,-46.92868,-23.51658
1486632440,-46.92916,-23.5167
1486632442,-46.92964,-23.5168
1486632444,-46.92988,-23.51685
1486632449,-46.9311,-23.51704
1486632458,-46.93347,-23.51731
1486632461,-46.93394,-23.51736
1486632467,-46.93528,-23.51748
1486632471,-46.93612,-23.51756
1486632474,-46.93673,-23.51765
1486632476,-46.93729,-23.51774
1486632479,-46.93766,-23.51779
1486632481,-46.93801,-23.51785
1486632493,-46.9399,-23.51834
1486632495,-46.9401,-23.5184
1486632501,-46.94058,-23.51852
1486632502,-46.94077,-23.51855
1486632506,-46.94117,-23.51858
1486632508,-46.94141,-23.51858
1486632511,-46.94168,-23.51857
1486632512,-46.94199,-23.51856
1486632515,-46.94234,-23.51855
1486632518,-46.94292,-23.51853
1486632525,-46.94442,-23.51859
1486632535,-46.94693,-23.51886
1486632538,-46.9474,-23.51892
1486632541,-46.94836,-23.51904
1486632544,-46.94885,-23.5191
1486632546,-46.94962,-23.51918
1486632550,-46.95068,-23.51923
1486632553,-46.95121,-23.51924
1486632554,-46.95176,-23.51922
1486632559,-46.95312,-23.51912
1486632566,-46.95472,-23.51881
1486632574,-46.95682,-23.51814
1486632575,-46.95729,-23.51795
1486632578,-46.95777,-23.51775
1486632579,-46.95824,-23.51756
1486632590,-46.96084,-23.5165
1486632596,-46.9618,-23.5161
1486632611,-46.96543,-23.51421
1486632613,-46.96586,-23.51393
1486632617,-46.96694,-23.51326
1486632619,-46.96737,-23.51298
1486632622,-46.96781,-23.51273
1486632623,-46.96803,-23.51261
1486632624,-46.96847,-23.51236
1486632630,-46.9696,-23.51169
1486632638,-46.97143,-23.51058
1486632651,-46.97464,-23.50858
1486632653,-46.97509,-23.5083
1486632659,-46.97627,-23.50755
1486632660,-46.97674,-23.5072
1486632663,-46.97745,-23.50664
1486632666,-46.97768,-23.50645
1486632683,-46.98116,-23.50269
1486632686,-46.98179,-23.50176
1486632689,-46.98221,-23.50104
1486632694,-46.98273,-23.5001
1486632695,-46.98286,-23.49985
1486632696,-46.9831,-23.49935
1486632700,-46.98348,-23.49856
1486632703,-46.98399,-23.49752
1486632706,-46.98424,-23.49701
1486632707,-46.98449,-23.49649
1486632725,-46.98692,-23.49235
1486632726,-46.98725,-23.49191
1486632731,-46.98793,-23.49103
1486632733,-46.98845,-23.49036
1486632736,-46.9888,-23.48992
1486632737,-46.98897,-23.4897
1486632738,-46.98931,-23.48927
1486632740,-46.98964,-23.48884
1486632742,-46.9898,-23.48863
1486632743,-46.99012,-23.48822
1486632756,-46.99221,-23.48554
1486632760,-46.99283,-23.48474
1486632765,-46.9936,-23.48377
1486632768,-46.99391,-23.48337
1486632771,-46.99437,-23.48276
1486632773,-46.99469,-23.48236
1486632774,-46.995,-23.48195
1486632778,-46.99549,-23.48133
1486632780,-46.99598,-23.48069
1486632784,-46.99664,-23.47984
1486632788,-46.99717,-23.47924
1486632794,-46.99861,-23.478
1486632795,-46.99883,-23.47785
1486632805,-47.00087,-23.47643
1486632806,-47.00134,-23.4761
1486632808,-47.00181,-23.47576
1486632811,-47.0023,-23.47541
1486632813,-47.00302,-23.47491
1486632816,-47.00352,-23.47457
1486632830,-47.00724,-23.47329
1486632837,-47.00916,-23.47161
1486632840,-47.01003,-23.47134
1486632842,-47.01063,-23.47116
1486632843,-47.01123,-23.47101
1486632847,-47.01153,-23.47093
1486632851,-47.01182,-23.47085
1486632869,-47.01851,-23.46902
1486632879,-47.02179,-23.46809
1486632882,-47.02266,-23.46773
1486632884,-47.02322,-23.46747
1486632886,-47.0235,-23.46733
1486632892,-47.02509,-23.46654
1486632893,-47.02559,-23.46626
1486632905,-47.02843,-23.46475
1486632907,-47.02922,-23.46434
1486632912,-47.03059,-23.46372
1486632914,-47.03088,-23.46361
1486632918,-47.03202,-23.4632
1486632919,-47.03258,-23.46305
1486632922,-47.03316,-23.46292
1486632923,-47.03373,-23.46282
1486632924,-47.03402,-23.46278
1486632926,-47.03461,-23.4627
1486632941,-47.03878,-23.46207
1486632944,-47.03989,-23.46162
1486632949,-47.04097,-23.46112
1486632951,-47.04181,-23.46074
1486632955,-47.04263,-23.46037
1486632959,-47.04374,-23.45988
1486632960,-47.04429,-23.45962
1486632963,-47.04484,-23.45935
1486632964,-47.0454,-23.45908
1486632967,-47.04597,-23.45882
1486632981,-47.04992,-23.45706
1486632982,-47.05047,-23.45682
1486632985,-47.05102,-23.45655
1486632986,-47.05156,-23.45626
1486632988,-47.05207,-23.45593
1486632992,-47.05278,-23.45537
1486632994,-47.05344,-23.45474
1486632997,-47.05383,-23.4543
1486632999,-47.05419,-23.45384
1486633000,-47.05455,-23.45337
1486633002,-47.05491,-23.4529
1486633024,-47.05879,-23.44772
1486633035,-47.06071,-23.44519
1486633037,-47.06107,-23.44474
1486633039,-47.06125,-23.44451
1486633040,-47.0616,-23.44405
1486633041,-47.06178,-23.44382
1486633043,-47.06195,-23.4436
1486633049,-47.0632,-23.44196
1486633061,-47.06524,-23.4396
1486633065,-47.06618,-23.43891
1486633066,-47.06669,-23.43863
1486633070,-47.06749,-23.43826
1486633071,-47.06804,-23.43805
1486633073,-47.06833,-23.43796
1486633074,-47.06892,-23.43781
1486633076,-47.06954,-23.43767
1486633078,-47.06986,-23.43758
1486633081,-47.07109,-23.43732
1486633093,-47.07434,-23.4366
1486633099,-47.07608,-23.43634
1486633104,-47.07753,-23.43623
1486633105,-47.07812,-23.43621
1486633108,-47.07871,-23.43621
1486633111,-47.07962,-23.43619
1486633113,-47.08023,-23.43619
1486633115,-47.08085,-23.4362
1486633116,-47.08147,-23.4362
1486633119,-47.08208,-23.4362
1486633120,-47.0827,-23.4362
1486633122,-47.08332,-23.4362
1486633127,-47.08486,-23.43621
1486633132,-47.08641,-23.43621
1486633136,-47.0876,-23.4362
1486633138,-47.0879,-23.4362
1486633139,-47.08848,-23.4362
1486633144,-47.08995,-23.43619
1486633145,-47.09024,-23.43619
1486633151,-47.09171,-23.43618
1486633152,-47.09233,-23.43618
1486633154,-47.09297,-23.43619
1486633156,-47.09329,-23.4362
1486633166,-47.09635,-23.43655
1486633167,-47.09663,-23.43661
1486633176,-47.09913,-23.4373
1486633179,-47.09998,-23.43753
1486633181,-47.10055,-23.43768
1486633183,-47.10111,-23.43783
1486633187,-47.10225,-23.43814
1486633188,-47.10283,-23.43829
1486633191,-47.10341,-23.43845
1486633192,-47.10398,-23.43861
1486633195,-47.10483,-23.43883
1486633207,-47.10795,-23.43932
1486633214,-47.10994,-23.43932
1486633220,-47.11174,-23.43911
1486633221,-47.11235,-23.43901
1486633224,-47.11295,-23.43889
1486633225,-47.11355,-23.43874
1486633227,-47.11414,-23.43856
1486633229,-47.11473,-23.43838
1486633231,-47.11501,-23.43827
1486633234,-47.11587,-23.43795
1486633249,-47.12008,-23.43583
1486633257,-47.12201,-23.43456
1486633261,-47.12273,-23.43408
1486633262,-47.1232,-23.43377
1486633263,-47.12344,-23.43362
1486633268,-47.12462,-23.43287
1486633269,-47.12485,-23.43271
1486633283,-47.12798,-23.43061
1486633285,-47.12821,-23.43047
1486633289,-47.12944,-23.42978
1486633290,-47.1297,-23.42965
1486633292,-47.12996,-23.42954
1486633294,-47.13048,-23.42933
1486633295,-47.13074,-23.42924
1486633297,-47.13125,-23.42908
1486633299,-47.132,-23.4289
1486633305,-47.13326,-23.42874
1486633306,-47.13351,-23.42873
1486633307,-47.13402,-23.42874
1486633308,-47.13427,-23.42874
1486633319,-47.1367,-23.42877
1486633320,-47.13715,-23.42878
1486633321,-47.13738,-23.42879
1486633329,-47.13899,-23.42862
1486633331,-47.13938,-23.42854
1486633333,-47.13957,-23.4285
1486633335,-47.13997,-23.42841
1486633339,-47.14076,-23.42815
1486633340,-47.14096,-23.42808
1486633341,-47.14116,-23.42799
1486633342,-47.14157,-23.4278
1486633348,-47.14289,-23.42713
1486633362,-47.14632,-23.42523
1486633367,-47.14732,-23.42467
1486633368,-47.14781,-23.42438
1486633372,-47.14856,-23.42398
1486633373,-47.14882,-23.42385
1486633374,-47.14935,-23.42362
1486633378,-47.15021,-23.42334
1486633379,-47.15077,-23.4232
1486633380,-47.15105,-23.42314
1486633382,-47.15161,-23.42306
1486633392,-47.15454,-23.42285
1486633394,-47.15513,-23.4228
1486633400,-47.15664,-23.42269
1486633402,-47.15754,-23.42262
1486633405,-47.15811,-23.42257
1486633408,-47.15924,-23.42245
1486633410,-47.15981,-23.42239
1486633413,-47.1604,-23.42233
1486633414,-47.161,-23.42226
1486633416,-47.1616,-23.4222
1486633419,-47.16253,-23.42211
1486633421,-47.16311,-23.42205
1486633425,-47.16434,-23.42193
1486633432,-47.1662,-23.42178
1486633434,-47.16714,-23.42171
1486633438,-47.16805,-23.42164
1486633441,-47.1693,-23.42156
1486633445,-47.17025,-23.4215
1486633450,-47.17089,-23.42147
1486633451,-47.17185,-23.42143
1486633453,-47.17286,-23.42137
1486633455,-47.17352,-23.42132
1486633456,-47.17417,-23.42129
1486633457,-47.17449,-23.42127
1486633475,-47.18019,-23.42082
1486633477,-47.18082,-23.42077
1486633483,-47.18267,-23.42062
1486633485,-47.18329,-23.42057
1486633488,-47.18393,-23.42053
1486633490,-47.18486,-23.42047
1486633492,-47.18548,-23.42042
1486633495,-47.18611,-23.42038
1486633497,-47.18675,-23.42033
1486633509,-47.19058,-23.42007
1486633514,-47.19245,-23.41995
1486633517,-47.19308,-23.41991
1486633519,-47.1937,-23.41988
1486633523,-47.19526,-23.41975
1486633528,-47.1965,-23.41964
1486633529,-47.19712,-23.4196
1486633532,-47.19771,-23.41955
1486633533,-47.19801,-23.41954
1486633541,-47.20076,-23.41934
1486633551,-47.20386,-23.41913
1486633553,-47.20447,-23.41909
1486633556,-47.20509,-23.41904
1486633557,-47.20572,-23.41899
1486633558,-47.20603,-23.41897
1486633566,-47.20821,-23.41882
1486633569,-47.20913,-23.41874
1486633571,-47.21006,-23.41867
1486633573,-47.21037,-23.41865
1486633582,-47.2135,-23.41842
1486633587,-47.21475,-23.41833
1486633588,-47.21537,-23.41827
1486633593,-47.2166,-23.41821
1486633594,-47.21721,-23.41822
1486633603,-47.2193,-23.41843
1486633604,-47.21988,-23.41855
1486633605,-47.22046,-23.41867
1486633606,-47.22074,-23.41874
1486633609,-47.22132,-23.41889
1486633610,-47.22189,-23.41903
1486633628,-47.22695,-23.42031
1486633631,-47.22751,-23.42045
1486633632,-47.22778,-23.42052
1486633633,-47.22833,-23.42067
1486633637,-47.22911,-23.42088
1486633639,-47.22964,-23.42102
1486633645,-47.23125,-23.42143
1486633646,-47.23179,-23.42156
1486633648,-47.23233,-23.4217
1486633651,-47.23285,-23.42183
1486633664,-47.23635,-23.42274
1486633668,-47.23772,-23.42298
1486633671,-47.23828,-23.42305
1486633673,-47.23884,-23.4231
1486633675,-47.23968,-23.42315
1486633678,-47.24023,-23.42317
1486633679,-47.24051,-23.42316
1486633680,-47.24106,-23.42314
1486633683,-47.24188,-23.42307
1486633686,-47.24242,-23.423
1486633687,-47.2427,-23.42296
1486633701,-47.24637,-23.42196
1486633702,-47.24689,-23.42175
1486633708,-47.24835,-23.42104
1486633711,-47.24907,-23.42062
1486633715,-47.2498,-23.42017
1486633720,-47.25134,-23.4192
1486633722,-47.25186,-23.41887
1486633725,-47.25239,-23.41855
1486633726,-47.25266,-23.41839
1486633727,-47.25318,-23.41808
1486633744,-47.2576,-23.41542
1486633747,-47.25815,-23.41515
1486633752,-47.25956,-23.41459
1486633755,-47.2608,-23.41434
1486633757,-47.2614,-23.41427
1486633759,-47.2617,-23.41425
1486633760,-47.262,-23.41423
1486633779,-47.26778,-23.41449
1486633783,-47.26895,-23.41436
1486633787,-47.27031,-23.41403
1486633790,-47.27083,-23.41385
1486633792,-47.27156,-23.41351
1486633795,-47.27206,-23.41324
1486633797,-47.27253,-23.41297
1486633798,-47.273,-23.4127
1486633802,-47.27369,-23.41227
1486633806,-47.27486,-23.41158
1486633816,-47.27734,-23.41023
1486633818,-47.27761,-23.41011
1486633819,-47.27816,-23.40987
1486633820,-47.27844,-23.40976
1486633821,-47.27873,-23.40966
1486633827,-47.28054,-23.40919
1486633829,-47.28113,-23.40906
1486633832,-47.28174,-23.40896
1486633834,-47.28233,-23.40886
1486633835,-47.28293,-23.40877
1486633837,-47.28323,-23.40873
1486633839,-47.28415,-23.40859
1486633852,-47.28815,-23.40791
1486633860,-47.2903,-23.40752
1486633862,-47.29123,-23.40736
1486633867,-47.29246,-23.40715
1486633872,-47.29393,-23.40692
1486633875,-47.29511,-23.40674
1486633878,-47.29569,-23.40666
1486633880,-47.29626,-23.40658
1486633882,-47.29713,-23.40647
1486633890,-47.29925,-23.40622
1486633896,-47.30136,-23.40592
1486633898,-47.30196,-23.40584
1486633900,-47.30226,-23.40579
1486633903,-47.30348,-23.40562
1486633906,-47.30408,-23.40553
1486633908,-47.30468,-23.40544
1486633909,-47.3053,-23.40533
1486633913,-47.30621,-23.40518
1486633916,-47.30715,-23.40505
1486633920,-47.30839,-23.40487
1486633937,-47.31338,-23.40416
1486633939,-47.31421,-23.40405
1486633941,-47.31476,-23.40398
1486633944,-47.31555,-23.40386
1486633950,-47.31682,-23.40368
1486633953,-47.3176,-23.40357
1486633954,-47.31815,-23.40349
1486633956,-47.31872,-23.40341
1486633958,-47.31929,-23.40333
1486633961,-47.31983,-23.40325
1486633976,-47.32408,-23.40263
1486633980,-47.32543,-23.40242
1486633982,-47.32569,-23.40238
1486633983,-47.32594,-23.40234
1486633987,-47.32694,-23.40218
1486633988,-47.32741,-23.4021
1486633990,-47.32784,-23.40201
1486633992,-47.32805,-23.40196
1486633994,-47.32847,-23.40186
1486633997,-47.32928,-23.40162
1486634004,-47.33033,-23.40112
1486634015,-47.33199,-23.39986
1486634036,-47.33289,-23.39625
1486634037,-47.33289,-23.3959
1486634050,-47.33228,-23.39364
1486634056,-47.33189,-23.39278
1486634062,-47.3313,-23.39151
1486634063,-47.33121,-23.39131
1486634066,-47.33102,-23.39091
1486634067,-47.33093,-23.3907
1486634069,-47.33063,-23.39005
1486634080,-47.32956,-23.38777
1486634090,-47.32871,-23.38586
1486634093,-47.3284,-23.38503
1486634098,-47.32812,-23.38418
1486634099,-47.32799,-23.38374
1486634102,-47.32788,-23.38329
1486634104,-47.32774,-23.38259
1486634109,-47.32754,-23.3814
1486634111,-47.32751,-23.38117
1486634112,-47.32745,-23.38068
1486634120,-47.32728,-23.37868
1486634128,-47.32717,-23.37699
1486634130,-47.32714,-23.3765
1486634135,-47.32708,-23.37529
1486634140,-47.32701,-23.37406
1486634141,-47.32699,-23.37382
1486634142,-47.32695,-23.37333
1486634146,-47.32687,-23.37257
1486634148,-47.32683,-23.37207
1486634149,-47.32679,-23.37157
1486634153,-47.32673,-23.37082
1486634168,-47.32646,-23.36731
1486634169,-47.32643,-23.36687
1486634171,-47.32641,-23.36642
1486634175,-47.32636,-23.36569
1486634176,-47.32632,-23.36519
1486634178,-47.32628,-23.36468
1486634181,-47.32623,-23.36416
1486634186,-47.3261,-23.36262
1486634189,-47.32606,-23.36211
1486634190,-47.32604,-23.36185
1486634203,-47.32576,-23.35826
1486634204,-47.32574,-23.358
1486634209,-47.32566,-23.35697
1486634210,-47.32564,-23.3567
1486634211,-47.3256,-23.35618
1486634215,-47.32554,-23.35541
1486634220,-47.32544,-23.35415
1486634223,-47.32535,-23.35313
1486634228,-47.32526,-23.35211
1486634229,-47.32524,-23.35186
1486634244,-47.32495,-23.34798
1486634246,-47.3249,-23.34722
1486634250,-47.32482,-23.34616
1486634252,-47.32479,-23.34564
1486634253,-47.32477,-23.34538
1486634256,-47.32473,-23.34485
1486634259,-47.32464,-23.34379
1486634261,-47.3246,-23.34327
1486634264,-47.32456,-23.34275
1486634265,-47.32452,-23.34225
1486634278,-47.32431,-23.3394
1486634285,-47.32419,-23.33765
1486634287,-47.32415,-23.33713
1486634293,-47.32411,-23.33531
1486634295,-47.32414,-23.33479
1486634298,-47.32418,-23.33427
1486634300,-47.32424,-23.33375
1486634301,-47.32428,-23.33348
1486634303,-47.32436,-23.33294
1486634304,-47.32441,-23.33267
1486634305,-47.32452,-23.33215
1486634312,-47.32493,-23.3306
1486634329,-47.32624,-23.32606
1486634335,-47.32668,-23.32452
1486634337,-47.32675,-23.32426
1486634338,-47.32689,-23.32376
1486634340,-47.32704,-23.32325
1486634341,-47.32711,-23.323
1486634343,-47.32718,-23.32274
1486634346,-47.32738,-23.32199
1486634350,-47.32763,-23.32099
1486634358,-47.32819,-23.31899
1486634361,-47.32847,-23.31794
1486634364,-47.32861,-23.31741
1486634367,-47.32889,-23.31638
1486634370,-47.32904,-23.31587
1486634372,-47.32925,-23.31511
1486634376,-47.32954,-23.31409
1486634378,-47.32969,-23.31358
1486634380,-47.32976,-23.31333
1486634392,-47.33063,-23.31013
1486634394,-47.33077,-23.30963
1486634398,-47.33099,-23.30886
1486634404,-47.3314,-23.30733
1486634405,-47.33147,-23.30707
1486634408,-47.33169,-23.30607
1486634409,-47.33174,-23.30581
1486634413,-47.33186,-23.30502
1486634414,-47.33192,-23.30449
1486634418,-47.33198,-23.30369
1486634420,-47.33201,-23.30316
1486634431,-47.3319,-23.29998
1486634437,-47.33165,-23.29848
1486634441,-47.33147,-23.29752
1486634446,-47.33128,-23.29661
1486634447,-47.33119,-23.29619
1486634448,-47.33115,-23.29598
1486634451,-47.33106,-23.29557
1486634455,-47.33089,-23.29473
1486634458,-47.33074,-23.29403
1486634459,-47.33064,-23.29356
1486634473,-47.32997,-23.29034
1486634476,-47.32976,-23.28931
1486634477,-47.32971,-23.28905
1486634482,-47.32943,-23.28776
1486634487,-47.32913,-23.2865
1486634489,-47.32907,-23.28625
1486634492,-47.3289,-23.28549
1486634494,-47.3288,-23.28499
1486634495,-47.32871,-23.2845
1486634509,-47.32799,-23.28114
1486634510,-47.32788,-23.28062
1486634521,-47.32728,-23.2778
1486634524,-47.32717,-23.27729
1486634531,-47.32673,-23.27526
1486634535,-47.32663,-23.27478
1486634536,-47.32653,-23.27428
1486634548,-47.32591,-23.27125
1486634553,-47.32566,-23.27001
1486634554,-47.32555,-23.26951
1486634558,-47.32539,-23.26873
1486634560,-47.32523,-23.26796
1486634566,-47.3249,-23.26641
1486634568,-47.32479,-23.26591
1486634570,-47.32474,-23.26565
1486634575,-47.32448,-23.26439
1486634577,-47.32429,-23.26364
1486634581,-47.32402,-23.26266
1486634587,-47.32361,-23.26146
1486634588,-47.32343,-23.26101
1486634594,-47.323,-23.25994
1486634595,-47.32283,-23.25952
1486634600,-47.32249,-23.25874
1486634601,-47.32232,-23.25835
1486634605,-47.32208,-23.25778
1486634613,-47.32149,-23.25635
1486634616,-47.32137,-23.25605
1486634626,-47.32061,-23.25432
1486634628,-47.32054,-23.25414
1486634637,-47.31978,-23.25231
1486634638,-47.3196,-23.25188
1486634640,-47.31941,-23.25142
1486634643,-47.31921,-23.25095
1486634645,-47.31891,-23.25028
1486634647,-47.31881,-23.25005
1486634668,-47.31663,-23.24485
1486634674,-47.31622,-23.24353
1486634676,-47.31612,-23.24309
1486634684,-47.3158,-23.2413
1486634686,-47.31575,-23.24085
1486634690,-47.31568,-23.23995
1486634707,-47.31604,-23.23556
1486634714,-47.31638,-23.23411
1486634720,-47.31675,-23.23245
1486634722,-47.3168,-23.23221
1486634723,-47.31685,-23.23197
1486634724,-47.31696,-23.23151
1486634726,-47.31701,-23.23128
1486634728,-47.31717,-23.2306
1486634742,-47.31794,-23.22713
1486634746,-47.31815,-23.22607
1486634747,-47.3182,-23.22581
1486634750,-47.31831,-23.22527
1486634752,-47.31848,-23.22448
1486634756,-47.3187,-23.22344
1486634757,-47.31875,-23.22317
1486634761,-47.31898,-23.22211
1486634763,-47.31911,-23.2216
1486634766,-47.31922,-23.22109
1486634772,-47.3196,-23.21931
1486634778,-47.31993,-23.21784
1486634780,-47.31999,-23.21759
1486634782,-47.32016,-23.21681
1486634786,-47.32033,-23.21604
1486634789,-47.32049,-23.21527
1486634792,-47.32066,-23.21449
1486634794,-47.32077,-23.21396
1486634798,-47.32099,-23.21293
1486634799,-47.3211,-23.21242
1486634801,-47.3212,-23.21191
1486634803,-47.32126,-23.21166
1486634814,-47.32185,-23.20892
1486634816,-47.32202,-23.2082
1486634818,-47.3221,-23.20773
1486634821,-47.32221,-23.20726
1486634822,-47.32226,-23.20702
1486634823,-47.32236,-23.20655
1486634828,-47.32258,-23.2056
1486634829,-47.32269,-23.20509
1486634833,-47.32285,-23.20432
1486634836,-47.32307,-23.20327
1486634842,-47.32342,-23.20175
1486634847,-47.32364,-23.20075
1486634848,-47.32374,-23.20027
1486634849,-47.3238,-23.20004
1486634858,-47.32403,-23.19802
1486634863,-47.324,-23.19725
1486634868,-47.32423,-23.19625
1486634870,-47.32454,-23.19578
1486634874,-47.32484,-23.19511
1486634888,-47.32542,-23.19285
1486634889,-47.32547,-23.19267
1486634895,-47.32591,-23.19128
1486634896,-47.32598,-23.19107
1486634900,-47.32628,-23.19031
1486634905,-47.32674,-23.18936
1486634908,-47.32691,-23.18899
1486634909,-47.32699,-23.1888
1486634913,-47.32731,-23.18803
1486634915,-47.32752,-23.18747
1486634932,-47.32872,-23.18436
1486634936,-47.32894,-23.18382
1486634938,-47.32908,-23.18346
1486634939,-47.32921,-23.18309
1486634942,-47.32936,-23.18273
1486634943,-47.32943,-23.18255
1486634944,-47.32957,-23.18217
1486634946,-47.32972,-23.18179
1486634950,-47.33003,-23.18104
1486634964,-47.33118,-23.17879
1486634972,-47.33214,-23.17725
1486634977,-47.33269,-23.1764
1486634979,-47.33279,-23.17623
1486634981,-47.33301,-23.1759
1486634982,-47.33311,-23.17574
1486634983,-47.33332,-23.17542
1486634985,-47.33353,-23.1751
1486634987,-47.33363,-23.17494
1486634988,-47.33385,-23.17462
1486634990,-47.33406,-23.1743
1486634992,-47.33417,-23.17413
1486635001,-47.33513,-23.17267
1486635009,-47.33608,-23.17116
1486635013,-47.33654,-23.17045
1486635016,-47.33679,-23.17008
1486635020,-47.33727,-23.16933
1486635021,-47.33739,-23.16914
1486635022,-47.33762,-23.16878
1486635026,-47.33796,-23.16824
1486635033,-47.33888,-23.16686
1486635034,-47.33899,-23.16669
1486635039,-47.33952,-23.16586
1486635041,-47.33971,-23.16556
1486635046,-47.34015,-23.16492
1486635048,-47.34047,-23.16444
1486635055,-47.34122,-23.16329
1486635058,-47.34144,-23.16295
1486635059,-47.34155,-23.16278
1486635062,-47.34188,-23.16227
1486635064,-47.34209,-23.16194
1486635065,-47.34231,-23.1616
1486635070,-47.34271,-23.161
1486635084,-47.34386,-23.15919
1486635090,-47.34422,-23.15866
1486635095,-47.34458,-23.1581
1486635104,-47.34545,-23.15675
1486635109,-47.34586,-23.15611
1486635122,-47.34716,-23.15408
1486635125,-47.34743,-23.15366
1486635128,-47.34761,-23.15338
1486635131,-47.34791,-23.15293
1486635132,-47.34811,-23.15263
1486635138,-47.34861,-23.15187
1486635144,-47.34922,-23.15095
1486635146,-47.34951,-23.15051
1486635148,-47.3497,-23.15022
1486635158,-47.35063,-23.14882
1486635163,-47.35102,-23.14817
1486635165,-47.35131,-23.14769
1486635167,-47.35152,-23.14737
1486635169,-47.35161,-23.14721
1486635171,-47.35182,-23.14689
1486635172,-47.35192,-23.14673
1486635176,-47.35233,-23.14609
1486635178,-47.35253,-23.1458
1486635179,-47.35272,-23.14551
1486635183,-47.3531,-23.14491
1486635198,-47.35397,-23.14354
1486635202,-47.35417,-23.14325
1486635208,-47.35431,-23.14308
1486635212,-47.35441,-23.14291
1486635226,-47.35512,-23.14183
1486635242,-47.35614,-23.14048
1486635244,-47.35632,-23.14025
1486635247,-47.35652,-23.13999
1486635254,-47.35695,-23.13944
1486635255,-47.3571,-23.13924
1486635274,-47.3586,-23.13735
1486635283,-47.35947,-23.13621
1486635286,-47.35963,-23.13595
1486635287,-47.35979,-23.13571
1486635291,-47.36001,-23.13539
1486635293,-47.36022,-23.13511
1486635310,-47.36152,-23.13357
1486635318,-47.36254,-23.13241
1486635320,-47.3628,-23.13211
1486635321,-47.36307,-23.13178
1486635323,-47.36333,-23.13145
1486635326,-47.3636,-23.13113
1486635328,-47.36399,-23.13064
1486635333,-47.36452,-23.13
1486635334,-47.36478,-23.12969
1486635337,-47.36517,-23.1292
1486635339,-47.36543,-23.12888
1486635347,-47.36646,-23.12762
1486635349,-47.36659,-23.12747
1486635354,-47.36724,-23.12665
1486635357,-47.36776,-23.12599
1486635358,-47.36789,-23.12582
1486635360,-47.36802,-23.12565
1486635365,-47.36867,-23.1248
1486635377,-47.37035,-23.12268
1486635382,-47.37099,-23.12189
1486635385,-47.37125,-23.12157
1486635386,-47.37151,-23.12126
1486635398,-47.37303,-23.11939
1486635439,-47.37858,-23.11248
1486635440,-47.3787,-23.11233
1486635476,-47.3831,-23.10682
1486635478,-47.38334,-23.10653
1486635480,-47.38356,-23.10625
1486635482,-47.38389,-23.10584
1486635484,-47.38411,-23.10557
1486635486,-47.38434,-23.10529
1486635489,-47.38469,-23.10486
1486635490,-47.38481,-23.10472
1486635492,-47.38504,-23.10442
1486635494,-47.38528,-23.10412
1486635496,-47.38553,-23.10381
1486635497,-47.38565,-23.10366
1486635499,-47.3859,-23.10335
1486635500,-47.38602,-23.1032
1486635502,-47.38615,-23.10304
1486635503,-47.38628,-23.10288
1486635505,-47.38652,-23.10258
1486635506,-47.38664,-23.10243
1486635508,-47.38688,-23.10213
1486635510,-47.38712,-23.10183
1486635512,-47.38737,-23.10154
1486635513,-47.38761,-23.10124
1486635514,-47.38774,-23.10109
1486635515,-47.38786,-23.10094
1486635517,-47.3881,-23.10064
1486635518,-47.38822,-23.10049
1486635520,-47.38846,-23.10018
1486635521,-47.38859,-23.10002
1486635523,-47.38884,-23.09971
1486635524,-47.38896,-23.09955
1486635525,-47.38909,-23.0994
1486635527,-47.38935,-23.09909
1486635530,-47.3896,-23.09878
1486635531,-47.38973,-23.09863
1486635532,-47.38985,-23.09847
1486635533,-47.38997,-23.09832
1486635535,-47.39022,-23.098
1486635536,-47.39034,-23.09785
1486635538,-47.39058,-23.09754
1486635540,-47.39082,-23.09723
1486635541,-47.39095,-23.09707
1486635542,-47.39107,-23.09691
1486635544,-47.39132,-23.09659
1486635545,-47.39157,-23.09628
1486635546,-47.3917,-23.09612
1486635547,-47.39183,-23.09596
1486635549,-47.39208,-23.09564
1486635550,-47.39221,-23.09549
1486635552,-47.39246,-23.09517
1486635553,-47.39259,-23.09501
1486635555,-47.39284,-23.09469
1486635556,-47.39297,-23.09453
1486635558,-47.39322,-23.09421
1486635559,-47.39335,-23.09405
1486635560,-47.39348,-23.0939
1486635563,-47.39373,-23.09358
1486635565,-47.39398,-23.09327
1486635567,-47.39423,-23.09296
1486635569,-47.39448,-23.09265
1486635571,-47.39472,-23.09235
1486635573,-47.39496,-23.09205
1486635574,-47.39508,-23.09191
1486635575,-47.3952,-23.09176
1486635576,-47.39545,-23.09146
1486635577,-47.39557,-23.0913
1486639738,-47.65766,-22.73384
