1486144499,-46.74058,-23.50014
1486144507,-46.74058,-23.50014
1486144514,-46.74058,-23.50014
1486144528,-46.74055,-23.50013
1486144539,-46.74057,-23.50013
1486144550,-46.74053,-23.50011
1486144560,-46.74056,-23.50016
1486144571,-46.74055,-23.50012
1486144581,-46.74059,-23.50009
1486144593,-46.74057,-23.50016
1486144614,-46.74062,-23.50018
1486144625,-46.7406,-23.50019
1486144636,-46.7406,-23.50017
1486144647,-46.7406,-23.50018
1486144657,-46.7406,-23.50019
1486144668,-46.7406,-23.50019
1486144679,-46.7406,-23.50019
1486144690,-46.7406,-23.50019
1486144701,-46.7406,-23.50019
1486144723,-46.7406,-23.50019
1486144733,-46.74056,-23.50012
1486144744,-46.7406,-23.50019
1486144755,-46.7406,-23.50019
1486144765,-46.7406,-23.50019
1486144776,-46.7406,-23.50019
1486144786,-46.7406,-23.50019
1486144797,-46.7406,-23.50019
1486144808,-46.7406,-23.50019
1486144818,-46.7406,-23.50019
1486144840,-46.7406,-23.50019
1486144851,-46.7406,-23.50019
1486144861,-46.7406,-23.50019
1486144872,-46.7406,-23.50019
1486144882,-46.7406,-23.50019
1486144893,-46.7406,-23.50019
1486144904,-46.7406,-23.50019
1486144914,-46.7406,-23.50019
1486144925,-46.7406,-23.50019
1486144935,-46.7406,-23.50019
1486144946,-46.7406,-23.50019
1486144957,-46.7406,-23.50019
1486144978,-46.7406,-23.50019
1486144989,-46.7406,-23.50019
1486144999,-46.7406,-23.50019
1486145010,-46.7406,-23.50019
1486145020,-46.7406,-23.50019
1486145031,-46.7406,-23.50019
1486145041,-46.7406,-23.50019
1486145052,-46.7406,-23.50019
1486145062,-46.7406,-23.50019
1486145073,-46.7406,-23.50019
1486145083,-46.7406,-23.50019
1486145094,-46.7406,-23.50019
1486145104,-46.7406,-23.50018
1486145125,-46.7406,-23.50018
1486145136,-46.7406,-23.50018
1486145147,-46.7406,-23.50018
1486145158,-46.7406,-23.50018
1486145169,-46.7406,-23.50017
1486145179,-46.7406,-23.50017
1486145190,-46.7406,-23.50017
1486145200,-46.7406,-23.50017
1486145211,-46.7406,-23.50017
1486145221,-46.7406,-23.50017
1486145242,-46.7406,-23.50017
1486145253,-46.7406,-23.50017
1486145263,-46.7406,-23.50017
1486145274,-46.7406,-23.50017
1486145284,-46.7406,-23.50017
1486145295,-46.7406,-23.50017
1486145305,-46.7406,-23.50017
1486145327,-46.7406,-23.50017
1486145337,-46.7406,-23.50017
1486145348,-46.7406,-23.50017
1486145358,-46.7406,-23.50017
1486145369,-46.7406,-23.50017
1486145379,-46.7406,-23.50017
1486145390,-46.7406,-23.50017
1486145400,-46.7406,-23.50017
1486145411,-46.7406,-23.50017
1486145421,-46.7406,-23.50017
1486145442,-46.7406,-23.50017
1486145453,-46.7406,-23.50017
1486145464,-46.7406,-23.50017
1486145485,-46.7406,-23.50017
1486145496,-46.7406,-23.50017
1486145506,-46.7406,-23.50017
1486145517,-46.7406,-23.50017
1486145527,-46.7406,-23.50017
1486145538,-46.7406,-23.50017
1486145548,-46.7406,-23.50017
1486145559,-46.7406,-23.50017
1486145569,-46.7406,-23.50017
1486145580,-46.7406,-23.50017
1486145590,-46.7406,-23.50016
1486145601,-46.7406,-23.50016
1486145611,-46.7406,-23.50016
1486145622,-46.7406,-23.50016
1486145632,-46.7406,-23.50016
1486145643,-46.7406,-23.50016
1486145654,-46.7406,-23.50016
1486145665,-46.7406,-23.50016
1486145675,-46.7406,-23.50016
1486145686,-46.7406,-23.50016
1486145707,-46.7406,-23.50016
1486145717,-46.7406,-23.50016
1486145728,-46.7406,-23.50016
1486145738,-46.7406,-23.50016
1486145749,-46.7406,-23.50016
1486145759,-46.7406,-23.50016
1486145770,-46.7406,-23.50016
1486145781,-46.7406,-23.50016
1486145792,-46.7406,-23.50016
1486145802,-46.7406,-23.50016
1486145815,-46.7406,-23.50016
1486145836,-46.7406,-23.50016
1486145857,-46.7406,-23.50016
1486145867,-46.7406,-23.50016
1486145878,-46.7406,-23.50016
1486145888,-46.7406,-23.50016
1486145899,-46.7406,-23.50016
1486145909,-46.7406,-23.50016
1486145920,-46.7406,-23.50016
1486145931,-46.7406,-23.50016
1486145941,-46.7406,-23.50016
1486145952,-46.74059,-23.50015
1486145962,-46.74059,-23.50015
1486145973,-46.74056,-23.50012
1486146004,-46.74059,-23.50015
1486146014,-46.74059,-23.50015
1486146025,-46.74059,-23.50015
1486146036,-46.74059,-23.50015
1486146046,-46.74056,-23.50012
1486146057,-46.74059,-23.50015
1486146068,-46.74059,-23.50015
1486146079,-46.74059,-23.50015
1486146089,-46.74059,-23.50015
1486146100,-46.74059,-23.50015
1486146110,-46.74059,-23.50015
1486146131,-46.74059,-23.50015
1486146142,-46.74059,-23.50015
1486146153,-46.74059,-23.50014
1486146164,-46.74059,-23.50014
1486146175,-46.74059,-23.50014
1486146186,-46.74059,-23.50014
1486146198,-46.74059,-23.50014
1486146209,-46.74059,-23.50014
1486146220,-46.74059,-23.50014
1486146231,-46.74059,-23.50014
1486146243,-46.74059,-23.50014
1486146265,-46.74059,-23.50014
1486146277,-46.74059,-23.50014
1486146289,-46.74059,-23.50014
1486146301,-46.74059,-23.50014
1486146314,-46.74059,-23.50014
1486146325,-46.74059,-23.50014
1486146339,-46.74059,-23.50014
1486146351,-46.74059,-23.50014
1486146362,-46.74059,-23.50014
1486146373,-46.74059,-23.50014
1486146385,-46.74059,-23.50014
1486146399,-46.74059,-23.50014
1486146411,-46.74059,-23.50014
1486146426,-46.74059,-23.50014
1486146439,-46.74059,-23.50014
1486146451,-46.74059,-23.50014
1486146463,-46.74059,-23.50014
1486146480,-46.74059,-23.50014
1486146492,-46.74059,-23.50014
1486146503,-46.74059,-23.50014
1486146515,-46.74059,-23.50014
1486146527,-46.74059,-23.50014
1486146539,-46.74059,-23.50014
1486146554,-46.74059,-23.50014
1486146565,-46.74059,-23.50014
1486146578,-46.74059,-23.50014
1486146589,-46.74059,-23.50014
1486146600,-46.74059,-23.50014
1486146611,-46.74059,-23.50014
1486146624,-46.74059,-23.50014
1486146648,-46.74059,-23.50014
1486146659,-46.74059,-23.50014
1486146690,-46.74059,-23.50014
1486146702,-46.74059,-23.50014
1486146714,-46.74059,-23.50014
1486146727,-46.74059,-23.50014
1486146739,-46.74059,-23.50014
1486146754,-46.74059,-23.50014
1486146766,-46.74059,-23.50014
1486146781,-46.74059,-23.50014
1486146793,-46.74059,-23.50014
1486146806,-46.74059,-23.50014
1486146819,-46.74059,-23.50015
1486146833,-46.74059,-23.50014
1486146859,-46.74059,-23.50014
1486146870,-46.74059,-23.50014
1486146881,-46.74059,-23.50014
1486146902,-46.74059,-23.50014
1486146912,-46.74059,-23.50014
1486146924,-46.74059,-23.50014
1486146936,-46.74059,-23.50014
1486146951,-46.74059,-23.50014
1486146964,-46.74059,-23.50014
1486146976,-46.74059,-23.50014
1486146987,-46.74059,-23.50014
1486146999,-46.74059,-23.50014
1486147011,-46.74059,-23.50014
1486147023,-46.74059,-23.50014
1486147036,-46.74059,-23.50014
1486147048,-46.74059,-23.50014
1486147059,-46.74059,-23.50014
1486147071,-46.74059,-23.50014
1486147082,-46.74059,-23.50014
1486147106,-46.74059,-23.50014
1486147118,-46.74059,-23.50014
1486147143,-46.74059,-23.50014
1486147155,-46.74059,-23.50014
1486147167,-46.74059,-23.50014
1486147179,-46.74059,-23.50014
1486147191,-46.74059,-23.50014
1486147202,-46.74059,-23.50014
1486147216,-46.74059,-23.50014
1486147229,-46.74059,-23.50014
1486147242,-46.74059,-23.50014
1486147254,-46.74059,-23.50014
1486147266,-46.74059,-23.50014
1486147280,-46.74059,-23.50014
1486147309,-46.74059,-23.50014
1486147321,-46.74059,-23.50014
1486147334,-46.74059,-23.50014
1486147346,-46.74059,-23.50014
1486147358,-46.74059,-23.50014
1486147373,-46.74059,-23.50014
1486147385,-46.74059,-23.50014
1486147398,-46.74059,-23.50014
1486147410,-46.74059,-23.50014
1486147422,-46.74059,-23.50014
1486147432,-46.74059,-23.50014
1486147445,-46.74059,-23.50014
1486147456,-46.74059,-23.50014
1486147468,-46.74059,-23.50014
1486147480,-46.74059,-23.50014
1486147491,-46.74059,-23.50014
1486147502,-46.74059,-23.50014
1486147513,-46.74059,-23.50014
1486147525,-46.74059,-23.50014
1486147538,-46.74059,-23.50014
1486147549,-46.74059,-23.50014
1486147580,-46.74059,-23.50014
1486147591,-46.74056,-23.50012
1486147602,-46.74059,-23.50014
1486147612,-46.74059,-23.50014
