1486275784,-43.24325,-22.92274
1486275800,-43.24301,-22.92311
1486275806,-43.24272,-22.9234
1486275810,-43.24249,-22.92359
1486275814,-43.24233,-22.92373
1486275817,-43.24223,-22.9239
1486275831,-43.2426,-22.92435
1486275838,-43.24313,-22.92469
1486275841,-43.24334,-22.92449
1486275849,-43.24377,-22.92401
1486275851,-43.24378,-22.92382
1486275855,-43.24395,-22.92366
1486275860,-43.2441,-22.92341
1486275868,-43.24441,-22.923
1486275871,-43.24454,-22.92286
1486275876,-43.24468,-22.92264
1486275878,-43.24483,-22.9225
1486275882,-43.24497,-22.9223
1486275886,-43.24511,-22.9221
1486275890,-43.24524,-22.92191
1486275894,-43.24536,-22.92167
1486275897,-43.24549,-22.92149
1486275900,-43.2456,-22.92133
1486275905,-43.24546,-22.92117
1486275910,-43.24524,-22.92106
1486275912,-43.24523,-22.92104
1486275923,-43.24519,-22.92104
1486275933,-43.24518,-22.92103
1486275936,-43.24518,-22.92103
1486276172,-43.24434,-22.92198
