1489235405,-46.48294,-23.42603
1489235412,-46.48293,-23.42602
1489235416,-46.48293,-23.42602
1489235424,-46.48293,-23.42603
1489235435,-46.48293,-23.42603
1489235455,-46.48293,-23.42603
1489235468,-46.48293,-23.42603
1489235492,-46.48293,-23.42603
1489235513,-46.48293,-23.42604
1489235526,-46.48292,-23.42604
1489235537,-46.48292,-23.42604
1489235549,-46.48292,-23.42605
1489235559,-46.48292,-23.42604
1489235571,-46.48292,-23.42605
1489235581,-46.48292,-23.42605
1489235592,-46.48292,-23.42605
1489235612,-46.4917,-23.42537
1489235613,-46.49137,-23.42502
1489235617,-46.49051,-23.42444
1489235619,-46.49,-23.42423
1489235623,-46.48892,-23.42391
1489235624,-46.48862,-23.42383
1489235626,-46.48807,-23.42368
1489235628,-46.48748,-23.42353
1489235634,-46.48597,-23.42315
1489235636,-46.48551,-23.42308
1489235637,-46.48529,-23.42305
1489235638,-46.48489,-23.423
1489235641,-46.48456,-23.42304
1489235648,-46.48427,-23.42392
1489235650,-46.4843,-23.4241
1489235658,-46.48439,-23.42481
1489235660,-46.48446,-23.42509
1489235662,-46.48452,-23.42537
1489235664,-46.4845,-23.42561
1489235666,-46.48438,-23.42577
1489235669,-46.48408,-23.42594
1489235673,-46.48386,-23.42601
1489235687,-46.4837,-23.42609
1489235706,-46.48363,-23.42609
1489235711,-46.48339,-23.42615
1489235723,-46.48263,-23.42596
1489235726,-46.48236,-23.42584
1489235730,-46.48175,-23.42564
1489235733,-46.48147,-23.42565
1489235736,-46.48107,-23.42574
1489235739,-46.48077,-23.42582
1489235744,-46.48048,-23.42588
1489235758,-46.47952,-23.42558
1489235762,-46.47921,-23.42538
1489235766,-46.47912,-23.42502
1489235768,-46.47921,-23.42479
1489235771,-46.47936,-23.42439
1489235774,-46.47951,-23.42397
1489235777,-46.47963,-23.42357
1489235787,-46.47997,-23.42258
1489235790,-46.48007,-23.42232
1489235794,-46.48013,-23.42192
1489235800,-46.48078,-23.42177
1489235801,-46.48102,-23.42178
1489235804,-46.48127,-23.42179
1489235808,-46.48181,-23.42184
1489235810,-46.48211,-23.42185
1489235813,-46.48259,-23.42195
1489235817,-46.48309,-23.42208
1489235818,-46.48345,-23.42218
1489235819,-46.48381,-23.42229
1489235825,-46.48473,-23.42254
1489235829,-46.48551,-23.42276
1489235830,-46.48572,-23.42281
1489235832,-46.48615,-23.42294
1489235836,-46.48702,-23.42316
1489235838,-46.48747,-23.42327
1489235840,-46.48793,-23.42339
1489235843,-46.48861,-23.42357
1489235847,-46.48954,-23.42381
1489235848,-46.48975,-23.42387
1489235850,-46.49018,-23.42399
1489235851,-46.49059,-23.42417
1489235856,-46.49132,-23.42465
1489235858,-46.49166,-23.42494
1489235860,-46.49196,-23.42527
1489235863,-46.49234,-23.4258
1489235867,-46.49264,-23.42662
1489235868,-46.49274,-23.42705
1489235872,-46.49282,-23.42769
1489235873,-46.49283,-23.42789
1489235875,-46.49287,-23.42832
1489235877,-46.49292,-23.42878
1489235880,-46.49299,-23.42945
1489235882,-46.49302,-23.42966
1489235889,-46.49321,-23.4315
1489235890,-46.49324,-23.43174
1489235894,-46.49334,-23.43274
1489235898,-46.49345,-23.43373
1489235900,-46.49353,-23.43424
1489235902,-46.49361,-23.43474
1489235903,-46.49367,-23.43499
1489235904,-46.49372,-23.43524
1489235908,-46.4939,-23.43618
1489235910,-46.49399,-23.43665
1489235916,-46.49426,-23.43805
1489235918,-46.49435,-23.43851
1489235923,-46.49452,-23.43943
1489235926,-46.49471,-23.44034
1489235929,-46.49483,-23.44106
1489235930,-46.49487,-23.44128
1489235932,-46.49492,-23.44175
1489235936,-46.49494,-23.4427
1489235942,-46.49456,-23.44434
1489235945,-46.49439,-23.44479
1489235947,-46.4942,-23.44525
1489235949,-46.49402,-23.44567
1489235952,-46.49375,-23.44631
1489235954,-46.49358,-23.44672
1489235955,-46.49341,-23.44713
1489235958,-46.49323,-23.44757
1489235960,-46.49305,-23.44801
1489235962,-46.49288,-23.44843
1489235964,-46.49278,-23.44865
1489235969,-46.49226,-23.44994
1489235973,-46.49188,-23.45086
1489235975,-46.4917,-23.45129
1489235978,-46.49142,-23.45196
1489235980,-46.49124,-23.45239
1489235981,-46.49114,-23.45263
1489235985,-46.49076,-23.45349
1489235987,-46.49059,-23.45394
1489235988,-46.49046,-23.4544
1489235993,-46.4904,-23.45532
1489235999,-46.49064,-23.45671
1489236003,-46.4908,-23.45755
1489236005,-46.49089,-23.45796
1489236014,-46.49124,-23.45976
1489236019,-46.49135,-23.46076
1489236021,-46.49128,-23.46115
1489236022,-46.49114,-23.46153
1489236025,-46.49099,-23.46189
1489236029,-46.49066,-23.46271
1489236030,-46.49053,-23.46311
1489236041,-46.49065,-23.46501
1489236043,-46.49075,-23.46547
1489236048,-46.49103,-23.46681
1489236050,-46.49114,-23.46724
1489236053,-46.49132,-23.46791
1489236056,-46.49151,-23.46861
1489236058,-46.49157,-23.46883
1489236064,-46.49207,-23.47041
1489236075,-46.49346,-23.4723
1489236117,-46.49923,-23.4722
1489236118,-46.49926,-23.47219
1489236128,-46.49946,-23.47219
1489236135,-46.49973,-23.47218
1489236147,-46.50014,-23.47219
1489236153,-46.50037,-23.47217
1489236160,-46.50059,-23.47217
1489236170,-46.50081,-23.47217
1489236179,-46.50102,-23.47217
1489236183,-46.50126,-23.47218
1489236195,-46.50177,-23.4722
1489236201,-46.50202,-23.47222
1489236211,-46.5022,-23.47222
1489236216,-46.50242,-23.47222
1489236235,-46.50323,-23.47229
1489236244,-46.50348,-23.47231
1489236251,-46.50374,-23.47234
1489236265,-46.50417,-23.47239
1489236272,-46.50441,-23.47242
1489236282,-46.50462,-23.47244
1489236293,-46.50466,-23.47244
1489236303,-46.50487,-23.47248
1489236315,-46.50493,-23.47249
1489236326,-46.50497,-23.4725
1489236333,-46.50525,-23.47254
1489236338,-46.50555,-23.47259
1489236350,-46.50614,-23.47269
1489236359,-46.50657,-23.47276
1489236363,-46.50679,-23.4728
1489236375,-46.50724,-23.47291
1489236381,-46.50744,-23.47296
1489236404,-46.50824,-23.47314
1489236413,-46.50845,-23.47319
1489236419,-46.50869,-23.47326
1489236425,-46.5089,-23.47332
1489236436,-46.50903,-23.47336
1489236447,-46.50906,-23.47338
1489236458,-46.50906,-23.4734
1489236478,-46.50931,-23.47346
1489236481,-46.50953,-23.47352
1489236487,-46.50973,-23.4736
1489236493,-46.50992,-23.47366
1489236503,-46.51011,-23.47372
1489236523,-46.51078,-23.47398
1489236529,-46.51101,-23.47408
1489236536,-46.51124,-23.47416
1489236544,-46.51168,-23.47434
1489236551,-46.51194,-23.47446
1489236558,-46.51228,-23.47458
1489236565,-46.51273,-23.47477
1489236569,-46.5129,-23.47487
1489236573,-46.51314,-23.47499
1489236580,-46.51362,-23.47523
1489236584,-46.51385,-23.47535
1489236599,-46.51414,-23.4755
1489236606,-46.51432,-23.4756
1489236614,-46.51451,-23.4757
1489236627,-46.51453,-23.47573
1489236640,-46.51485,-23.4759
1489236643,-46.51504,-23.47599
1489236647,-46.51528,-23.47613
1489236664,-46.51561,-23.47637
1489236671,-46.51583,-23.4765
1489236686,-46.51622,-23.47675
1489236701,-46.51666,-23.47704
1489236714,-46.51702,-23.47729
1489236721,-46.51721,-23.47742
1489236731,-46.51726,-23.47745
1489236752,-46.51726,-23.47745
1489236761,-46.51742,-23.47757
1489236793,-46.51755,-23.47766
1489236807,-46.51791,-23.47793
1489236813,-46.51808,-23.47806
1489236820,-46.51824,-23.47817
1489236826,-46.5184,-23.47829
1489236833,-46.5186,-23.47841
1489236838,-46.51879,-23.47854
1489236842,-46.51896,-23.47866
1489236854,-46.51933,-23.47893
1489236867,-46.5197,-23.47914
1489236872,-46.51988,-23.47924
1489236880,-46.52009,-23.47936
1489236887,-46.52027,-23.47946
1489236897,-46.52038,-23.47953
1489236904,-46.52058,-23.47962
1489236914,-46.52076,-23.47974
1489236918,-46.52097,-23.47983
1489236925,-46.52134,-23.48
1489236930,-46.52153,-23.48009
1489236939,-46.52196,-23.48033
1489236947,-46.52242,-23.48054
1489236951,-46.52266,-23.48066
1489236956,-46.52287,-23.4808
1489236961,-46.52307,-23.48089
1489236968,-46.52329,-23.48098
1489236973,-46.52347,-23.48105
1489236979,-46.52368,-23.48115
1489236986,-46.5239,-23.48126
1489236992,-46.5241,-23.48137
1489237000,-46.52433,-23.48149
1489237005,-46.52454,-23.4816
1489237010,-46.52474,-23.48171
1489237021,-46.52515,-23.48197
1489237024,-46.52531,-23.48208
1489237030,-46.52549,-23.4822
1489237034,-46.52566,-23.48235
1489237050,-46.52601,-23.48264
1489237056,-46.52616,-23.48277
1489237063,-46.52634,-23.48293
1489237069,-46.5265,-23.48305
1489237075,-46.52664,-23.48318
1489237094,-46.52694,-23.48344
1489237104,-46.52698,-23.48347
1489237115,-46.52699,-23.48347
1489237124,-46.52714,-23.48361
1489237136,-46.52744,-23.4839
1489237142,-46.52761,-23.48405
1489237147,-46.52778,-23.4842
1489237155,-46.52795,-23.48435
1489237165,-46.52826,-23.48465
1489237173,-46.52857,-23.48495
1489237177,-46.52879,-23.48516
1489237182,-46.52894,-23.48531
1489237186,-46.52911,-23.48544
1489237191,-46.52928,-23.4856
1489237197,-46.52946,-23.48575
1489237207,-46.52977,-23.486
1489237211,-46.52994,-23.48617
1489237217,-46.5301,-23.48631
1489237223,-46.53028,-23.48647
1489237234,-46.5306,-23.48677
1489237240,-46.53076,-23.48693
1489237247,-46.53091,-23.48709
1489237252,-46.53105,-23.48723
1489237257,-46.5312,-23.48735
1489237263,-46.53139,-23.48754
1489237269,-46.53158,-23.48771
1489237274,-46.53176,-23.48788
1489237278,-46.53194,-23.48804
1489237289,-46.5323,-23.48833
1489237296,-46.53252,-23.48848
1489237306,-46.53287,-23.48876
1489237310,-46.53304,-23.48889
1489237315,-46.53322,-23.48903
1489237326,-46.53335,-23.48911
1489237343,-46.5338,-23.48943
1489237351,-46.53399,-23.48956
1489237368,-46.53457,-23.49
1489237371,-46.53475,-23.49011
1489237375,-46.53492,-23.49024
1489237378,-46.53508,-23.49036
1489237382,-46.5353,-23.49051
1489237390,-46.5357,-23.49079
1489237404,-46.53585,-23.49082
1489237414,-46.53642,-23.4912
1489237416,-46.5366,-23.49132
1489237418,-46.53677,-23.49145
1489237427,-46.53746,-23.49195
1489237431,-46.53776,-23.49219
1489237436,-46.53832,-23.49262
1489237440,-46.53865,-23.49285
1489237441,-46.53888,-23.49302
1489237444,-46.53913,-23.4932
1489237449,-46.5398,-23.49369
1489237454,-46.54051,-23.49419
1489237456,-46.54079,-23.49438
1489237458,-46.54107,-23.49458
1489237460,-46.54134,-23.49477
1489237465,-46.542,-23.49528
1489237467,-46.54227,-23.4955
1489237471,-46.54278,-23.49599
1489237475,-46.54324,-23.49656
1489237476,-46.54336,-23.49673
1489237479,-46.54364,-23.49725
1489237481,-46.54382,-23.49763
1489237487,-46.54417,-23.49883
1489237488,-46.54422,-23.49903
1489237491,-46.54437,-23.49984
1489237494,-46.54445,-23.50025
1489237498,-46.54459,-23.50105
1489237500,-46.54467,-23.50146
1489237506,-46.54495,-23.50263
1489237513,-46.54545,-23.50384
1489237519,-46.54595,-23.50451
1489237522,-46.54639,-23.50493
1489237527,-46.54705,-23.50542
1489237528,-46.54735,-23.50558
1489237531,-46.5477,-23.50574
1489237533,-46.54804,-23.50586
1489237539,-46.54938,-23.50623
1489237542,-46.54983,-23.50629
1489237546,-46.55082,-23.50645
1489237548,-46.55132,-23.50656
1489237552,-46.55234,-23.50687
1489237558,-46.55374,-23.50754
1489237560,-46.55417,-23.50781
1489237562,-46.55456,-23.50813
1489237568,-46.5556,-23.50924
1489237570,-46.55586,-23.50965
1489237572,-46.55609,-23.51009
1489237576,-46.55639,-23.51102
1489237578,-46.55652,-23.5115
1489237579,-46.55662,-23.51199
1489237581,-46.55667,-23.51224
1489237588,-46.55691,-23.51399
1489237590,-46.55692,-23.51449
1489237593,-46.55682,-23.51545
1489237601,-46.55651,-23.51696
1489237602,-46.55647,-23.51717
1489237604,-46.55638,-23.51759
1489237611,-46.55621,-23.51905
1489237614,-46.55627,-23.5197
1489237624,-46.55705,-23.52142
1489237625,-46.55739,-23.52175
1489237658,-46.56465,-23.52319
1489237660,-46.56496,-23.52329
1489237662,-46.56526,-23.52337
1489237664,-46.56554,-23.52347
1489237667,-46.56599,-23.52365
1489237678,-46.56773,-23.52446
1489237691,-46.56923,-23.52511
1489237698,-46.57067,-23.52555
1489237700,-46.57094,-23.52558
1489237702,-46.57122,-23.52561
1489237705,-46.57181,-23.52564
1489237711,-46.57254,-23.52563
1489237716,-46.57333,-23.52555
1489237718,-46.57365,-23.52551
1489237720,-46.57395,-23.52547
1489237722,-46.57423,-23.52544
1489237725,-46.57479,-23.52538
1489237729,-46.57534,-23.52539
1489237732,-46.57562,-23.52539
1489237734,-46.57588,-23.5254
1489237736,-46.57615,-23.52543
1489237740,-46.5767,-23.5255
1489237742,-46.57697,-23.52555
1489237747,-46.57765,-23.52569
1489237750,-46.57807,-23.52576
1489237752,-46.57832,-23.52584
1489237755,-46.57871,-23.52595
1489237756,-46.57897,-23.52601
1489237759,-46.57924,-23.52609
1489237762,-46.5798,-23.52624
1489237765,-46.58009,-23.52631
1489237770,-46.58099,-23.52654
1489237777,-46.58182,-23.5267
1489237779,-46.58208,-23.52677
1489237782,-46.58247,-23.52687
1489237785,-46.58301,-23.52705
1489237788,-46.58327,-23.52714
1489237791,-46.58366,-23.52723
1489237792,-46.58394,-23.52732
1489237801,-46.58512,-23.52763
1489237809,-46.58621,-23.5278
1489237815,-46.58656,-23.52737
1489237817,-46.58649,-23.52719
1489237821,-46.58612,-23.52698
1489237824,-46.58583,-23.52707
1489237828,-46.5856,-23.52736
1489237834,-46.58544,-23.52774
1489237857,-46.58535,-23.52791
1489237864,-46.58526,-23.52809
1489237874,-46.58496,-23.52877
1489237877,-46.58485,-23.529
1489237883,-46.58458,-23.52959
1489237885,-46.58451,-23.52977
1489237888,-46.58439,-23.52998
1489237892,-46.58429,-23.53021
1489237896,-46.58418,-23.53037
1489237902,-46.5841,-23.53058
1489237912,-46.58408,-23.53061
1489237922,-46.58408,-23.53061
1489237934,-46.58408,-23.53062
1489237945,-46.58409,-23.53062
1489237952,-46.584,-23.5309
1489237955,-46.58392,-23.53124
1489237962,-46.58382,-23.53173
1489237966,-46.58375,-23.5321
1489237971,-46.58362,-23.53263
1489237975,-46.58356,-23.53291
1489237979,-46.58351,-23.53318
1489237983,-46.58348,-23.5334
1489237994,-46.58344,-23.53359
1489238001,-46.58338,-23.53381
1489238007,-46.58327,-23.53416
1489238012,-46.58323,-23.53435
1489238016,-46.58314,-23.53468
1489238027,-46.58316,-23.53469
1489238037,-46.58316,-23.53469
1489238048,-46.58316,-23.53469
1489238058,-46.58316,-23.53469
1489238067,-46.58311,-23.53491
1489238071,-46.58306,-23.5352
1489238074,-46.58301,-23.5354
1489238086,-46.58268,-23.53678
1489238095,-46.58239,-23.53788
1489238099,-46.58224,-23.53827
1489238101,-46.5821,-23.53848
1489238106,-46.58175,-23.53896
1489238107,-46.5816,-23.53918
1489238110,-46.58151,-23.53936
1489238115,-46.58132,-23.53977
1489238119,-46.58127,-23.54009
1489238122,-46.5812,-23.54034
1489238125,-46.58117,-23.54064
1489238134,-46.58179,-23.54165
1489238136,-46.58207,-23.5417
1489238140,-46.58247,-23.54195
1489238144,-46.58267,-23.54214
1489238167,-46.58287,-23.5423
1489238172,-46.58312,-23.54238
1489238176,-46.58335,-23.54243
1489238179,-46.5837,-23.54249
1489238182,-46.58396,-23.54254
1489238186,-46.58433,-23.54262
1489238193,-46.58496,-23.54275
1489238202,-46.58568,-23.54286
1489238212,-46.58588,-23.54288
1489238218,-46.58635,-23.54296
1489238229,-46.58704,-23.5431
1489238240,-46.58799,-23.54324
1489238243,-46.58822,-23.54324
1489238244,-46.58846,-23.54325
1489238249,-46.58898,-23.54334
1489238258,-46.59033,-23.54345
1489238264,-46.59126,-23.54364
1489238265,-46.59156,-23.5437
1489238268,-46.59187,-23.54375
1489238270,-46.59219,-23.54381
1489238272,-46.59248,-23.54385
1489238274,-46.59273,-23.54395
1489238284,-46.59273,-23.54395
1489238288,-46.59429,-23.5445
1489238291,-46.59459,-23.54455
1489238294,-46.59506,-23.54465
1489238297,-46.5955,-23.54473
1489238303,-46.59644,-23.54488
1489238308,-46.59714,-23.54509
1489238311,-46.59751,-23.54522
1489238313,-46.59787,-23.54534
1489238317,-46.59812,-23.54543
1489238318,-46.59838,-23.54552
1489238320,-46.59863,-23.54563
1489238322,-46.59884,-23.54573
1489238332,-46.59972,-23.5462
1489238358,-46.60017,-23.54647
1489238363,-46.60055,-23.54668
1489238366,-46.60086,-23.54686
1489238367,-46.60111,-23.54693
1489238370,-46.60137,-23.54701
1489238372,-46.60166,-23.54714
1489238375,-46.60212,-23.54736
1489238377,-46.60242,-23.5475
1489238382,-46.60309,-23.54749
1489238391,-46.60402,-23.54655
1489238394,-46.60419,-23.54629
1489238397,-46.60437,-23.54602
1489238400,-46.60476,-23.54545
1489238401,-46.60495,-23.54517
1489238404,-46.60515,-23.54488
1489238410,-46.60569,-23.54411
1489238413,-46.60594,-23.54375
1489238418,-46.60612,-23.5435
1489238422,-46.60629,-23.54325
1489238428,-46.60643,-23.54306
1489238435,-46.60661,-23.54287
1489238438,-46.60675,-23.54272
1489238446,-46.60693,-23.54279
1489238452,-46.60651,-23.54317
1489238459,-46.60592,-23.54388
1489238462,-46.60575,-23.54411
1489238464,-46.60558,-23.54435
1489238465,-46.60541,-23.5446
1489238468,-46.60525,-23.54484
1489238493,-46.60347,-23.54734
1489238495,-46.6033,-23.54757
1489238497,-46.60312,-23.54781
1489238499,-46.60293,-23.54803
1489238501,-46.60275,-23.54826
1489238502,-46.6026,-23.54846
1489238509,-46.60215,-23.54896
1489238513,-46.60188,-23.54933
1489238515,-46.6017,-23.54956
1489238517,-46.60152,-23.5498
1489238519,-46.60134,-23.55004
1489238525,-46.60081,-23.55075
1489238527,-46.60065,-23.55097
1489238529,-46.60051,-23.55116
1489238531,-46.60035,-23.55141
1489238535,-46.6002,-23.55166
1489238539,-46.60005,-23.55195
1489238549,-46.59998,-23.55284
1489238560,-46.59996,-23.55296
1489238570,-46.59995,-23.55298
1489238580,-46.59995,-23.55297
1489238591,-46.59995,-23.55297
1489238598,-46.59997,-23.55326
1489238602,-46.60001,-23.55354
1489238608,-46.60009,-23.55383
1489238613,-46.60012,-23.55406
1489238624,-46.60012,-23.5541
1489238635,-46.60013,-23.5541
1489238656,-46.60017,-23.55431
1489238667,-46.60018,-23.55441
1489238674,-46.60039,-23.55445
1489238676,-46.60059,-23.55441
1489238678,-46.60079,-23.55441
1489238683,-46.60149,-23.55436
1489238686,-46.60171,-23.55433
1489238689,-46.60198,-23.5543
1489238694,-46.60218,-23.55438
1489238701,-46.60224,-23.55477
1489238721,-46.60228,-23.55489
1489238731,-46.60227,-23.55501
1489238742,-46.60227,-23.55513
1489238750,-46.60241,-23.55531
1489238752,-46.60265,-23.55528
1489238756,-46.60288,-23.55526
1489238779,-46.60306,-23.55525
1489238789,-46.60322,-23.55522
1489238792,-46.60359,-23.55519
1489238798,-46.60412,-23.55516
1489238804,-46.60427,-23.5554
1489238816,-46.60448,-23.55639
1489238821,-46.60454,-23.55676
1489238825,-46.60453,-23.55698
1489238834,-46.60465,-23.55731
1489238838,-46.6046,-23.55732
