1486062821,-43.35972,-22.86847
1486062834,-43.35828,-22.86543
1486062845,-43.35828,-22.86543
1486062856,-43.35828,-22.86543
1486062868,-43.36209,-22.86387
1486062878,-43.36218,-22.86388
1486062890,-43.36218,-22.86388
1486062902,-43.36218,-22.86388
1486062917,-43.36218,-22.86388
1486062929,-43.36218,-22.86388
1486062934,-43.36448,-22.86237
1486062951,-43.36534,-22.86197
1486062962,-43.36534,-22.86197
1486062979,-43.36534,-22.86197
1486062990,-43.36534,-22.86197
1486063007,-43.36597,-22.8628
1486063019,-43.36597,-22.8628
1486063030,-43.36597,-22.8628
1486063042,-43.36597,-22.8628
1486063081,-43.3687,-22.86156
1486063093,-43.3687,-22.86156
1486063139,-43.3687,-22.86156
1486063142,-43.36903,-22.86136
1486063153,-43.36903,-22.86136
1486063165,-43.36903,-22.86136
1486063178,-43.36903,-22.86136
1486063206,-43.37008,-22.8609
1486063218,-43.37008,-22.8609
1486063248,-43.37008,-22.8609
1486063250,-43.37008,-22.8609
1486063261,-43.37008,-22.8609
1486063272,-43.37008,-22.8609
1486063274,-43.37031,-22.8608
1486063276,-43.36968,-22.86112
1486063287,-43.36968,-22.86112
1486063298,-43.36968,-22.86112
1486063320,-43.36968,-22.86112
1486063331,-43.36968,-22.86112
1486063343,-43.36917,-22.86126
1486063355,-43.36917,-22.86127
1486063367,-43.36917,-22.86127
1486063383,-43.36917,-22.86127
1486063401,-43.36917,-22.86127
1486063416,-43.36774,-22.86204
1486063427,-43.36774,-22.86204
1486063443,-43.36774,-22.86204
1486063454,-43.36774,-22.86204
1486137570,-43.31189,-22.89627
