1489228572,-51.05558,0.07314
1489228573,-51.05557,0.07293
1489228575,-51.05554,0.07272
1489228579,-51.05549,0.07238
1489228580,-51.05548,0.07217
1489228582,-51.05549,0.07197
1489228585,-51.05553,0.07176
1489228587,-51.05561,0.07149
1489228594,-51.05585,0.0708
1489228596,-51.05591,0.07061
1489228604,-51.05613,0.07003
1489228609,-51.0562,0.06984
1489228615,-51.05629,0.06956
1489228618,-51.05636,0.06938
1489228624,-51.05653,0.06892
1489228628,-51.0566,0.06864
1489228630,-51.05667,0.06839
1489228633,-51.05676,0.06814
1489228640,-51.05696,0.06756
1489228642,-51.05702,0.06738
1489228645,-51.05709,0.06719
1489228647,-51.05719,0.06687
1489228649,-51.05724,0.06665
1489228654,-51.05728,0.06611
1489228656,-51.05728,0.06592
1489228660,-51.05728,0.06565
1489228662,-51.05727,0.06536
1489228672,-51.05724,0.06432
1489228675,-51.05725,0.06414
1489228677,-51.05739,0.06392
1489228683,-51.05774,0.06364
1489228686,-51.05799,0.06339
1489228689,-51.05806,0.06315
1489228693,-51.05801,0.06286
1489228696,-51.05795,0.06244
1489228699,-51.0579,0.06222
1489228700,-51.05785,0.06201
1489228702,-51.05781,0.06179
1489228706,-51.05773,0.06146
1489228708,-51.05765,0.06112
1489228710,-51.05759,0.06091
1489228714,-51.05754,0.06059
1489228721,-51.05735,0.05985
1489228724,-51.05724,0.05944
1489228729,-51.05713,0.05891
1489228736,-51.05694,0.05816
1489228738,-51.05689,0.05793
1489228744,-51.05674,0.05727
1489228747,-51.05667,0.05707
1489228748,-51.05661,0.05687
1489228750,-51.05654,0.0567
1489228755,-51.0565,0.05643
1489228765,-51.05646,0.05638
1489228775,-51.05644,0.05639
1489228786,-51.05643,0.05628
1489228791,-51.05631,0.05578
1489228795,-51.05624,0.0555
1489228799,-51.05612,0.05499
1489228821,-51.0559,0.05412
1489228824,-51.05582,0.05387
1489228828,-51.05572,0.05352
1489228830,-51.05568,0.05333
1489228833,-51.05563,0.05313
1489228834,-51.05556,0.05293
1489228836,-51.05551,0.05271
1489228841,-51.05536,0.0522
1489228845,-51.05531,0.05202
1489228856,-51.05533,0.05204
1489228866,-51.05527,0.05202
1489228876,-51.05529,0.05193
1489228880,-51.0553,0.05175
1489228882,-51.05532,0.0515
1489228888,-51.05538,0.051
1489228892,-51.05542,0.05045
1489228894,-51.05525,0.05192
1489228897,-51.05545,0.0499
1489228901,-51.05547,0.04958
1489228903,-51.05549,0.04937
1489228915,-51.05556,0.04803
1489228916,-51.05559,0.04778
1489228918,-51.05562,0.04754
1489228921,-51.05564,0.0472
1489228924,-51.05565,0.04701
1489228927,-51.05568,0.04679
1489228943,-51.05566,0.04608
1489228949,-51.05572,0.0456
1489228952,-51.0559,0.04542
1489228955,-51.05618,0.04543
1489228961,-51.05696,0.04548
1489228967,-51.05744,0.04552
1489228976,-51.05817,0.0456
1489228978,-51.05855,0.04564
1489228980,-51.05879,0.04566
1489228986,-51.05936,0.0457
1489228990,-51.05959,0.04571
1489228994,-51.05986,0.04572
1489228996,-51.06019,0.04575
1489228998,-51.06042,0.04576
1489229001,-51.06066,0.04577
1489229002,-51.06093,0.04579
1489229006,-51.06137,0.04582
1489229017,-51.06158,0.04585
1489229019,-51.06179,0.04586
1489229021,-51.06198,0.04586
1489229025,-51.06231,0.04587
1489229026,-51.06254,0.04589
1489229031,-51.06305,0.04594
1489229032,-51.06328,0.04596
1489229036,-51.06354,0.04598
1489229042,-51.06388,0.04601
1489229043,-51.06411,0.04602
1489229045,-51.06434,0.04602
1489229049,-51.06464,0.04605
1489229052,-51.06484,0.04607
1489229058,-51.06482,0.04597
1489229062,-51.06482,0.04597
1489229077,-51.06459,0.04596
1489229079,-51.06439,0.04596
1489229083,-51.06405,0.04595
1489229085,-51.06375,0.04594
1489229092,-51.06356,0.0459
1489229096,-51.06335,0.04587
1489229099,-51.06307,0.04588
1489229101,-51.06278,0.04585
1489229103,-51.06257,0.04584
1489229116,-51.06156,0.04563
1489229119,-51.06156,0.04543
1489229123,-51.06159,0.04513
1489229126,-51.06162,0.04467
1489229128,-51.06163,0.04445
1489229131,-51.06165,0.04423
1489229136,-51.0617,0.04351
1489229140,-51.06176,0.043
1489229142,-51.06172,0.04274
1489229146,-51.06175,0.04226
1489229149,-51.06177,0.04192
1489229153,-51.06178,0.04158
1489229155,-51.06181,0.04134
1489229165,-51.0618,0.04117
1489229176,-51.0618,0.04116
1489229179,-51.06169,0.0408
1489229180,-51.06181,0.04115
1489229197,-51.06186,0.04066
1489229202,-51.0619,0.04032
1489229207,-51.06196,0.03969
1489229212,-51.06199,0.03907
1489229216,-51.06203,0.03855
1489229223,-51.06207,0.03781
1489229234,-51.06204,0.03763
1489229240,-51.06208,0.03726
1489229243,-51.06209,0.03705
1489229250,-51.06216,0.03625
1489229254,-51.0622,0.03568
1489229258,-51.06225,0.03537
1489229260,-51.06226,0.03507
1489229267,-51.06232,0.0343
1489229268,-51.06232,0.03407
1489229270,-51.06233,0.03382
1489229274,-51.06235,0.03343
1489229282,-51.06243,0.03234
1489229289,-51.0625,0.0315
1489229291,-51.06253,0.03124
1489229294,-51.06256,0.03097
1489229295,-51.06259,0.03079
1489229298,-51.06259,0.03041
1489229300,-51.06264,0.03004
1489229302,-51.06266,0.02981
1489229312,-51.0627,0.02874
1489229313,-51.06272,0.02852
1489229315,-51.06274,0.02834
1489229320,-51.06277,0.02796
1489229321,-51.06277,0.02775
1489229323,-51.06279,0.02754
1489229326,-51.06282,0.02729
1489229331,-51.06281,0.027
1489229332,-51.06282,0.02677
1489229338,-51.06287,0.0263
1489229342,-51.06292,0.0258
1489229347,-51.06295,0.0253
1489229349,-51.06296,0.0251
1489229353,-51.063,0.0248
1489229354,-51.063,0.02459
1489229357,-51.06303,0.02427
1489229360,-51.06303,0.02408
1489229366,-51.06307,0.02341
1489229369,-51.0631,0.02316
1489229373,-51.06311,0.02289
1489229375,-51.06315,0.02262
1489229379,-51.0632,0.02232
1489229382,-51.06321,0.02213
1489229386,-51.06322,0.02191
1489229395,-51.06339,0.0216
1489229397,-51.06367,0.02162
1489229399,-51.0639,0.02162
1489229403,-51.06425,0.02163
1489229404,-51.06445,0.02166
1489229406,-51.06467,0.02167
1489229409,-51.06497,0.02168
1489229414,-51.06531,0.02172
1489229416,-51.06554,0.02173
1489229423,-51.06616,0.02178
1489229426,-51.06643,0.02182
1489229430,-51.0667,0.02184
1489229433,-51.06702,0.02185
1489229436,-51.06727,0.02187
1489229440,-51.0675,0.02189
1489229443,-51.06783,0.02191
1489229446,-51.06812,0.02193
1489229450,-51.06842,0.02196
1489229451,-51.06862,0.02197
1489229453,-51.06881,0.02197
1489229457,-51.06899,0.02199
1489229463,-51.06921,0.02198
1489229469,-51.06942,0.02198
1489229474,-51.06967,0.02201
1489229476,-51.0699,0.02203
1489229478,-51.07009,0.02203
1489229490,-51.0709,0.0221
1489229494,-51.07117,0.02211
1489229505,-51.07125,0.02213
1489229515,-51.07126,0.02213
1489229525,-51.07123,0.02213
1489229536,-51.07131,0.02213
1489229539,-51.07151,0.02213
1489229542,-51.07174,0.02214
1489229547,-51.07215,0.0222
1489229549,-51.07237,0.02221
1489229552,-51.07258,0.02222
1489229553,-51.07281,0.02223
1489229556,-51.07302,0.02223
1489229569,-51.07336,0.02226
1489229579,-51.07335,0.02228
1489229589,-51.07358,0.0223
1489229595,-51.07411,0.02233
1489229597,-51.07431,0.02234
1489229602,-51.07458,0.02235
1489229612,-51.07466,0.02239
1489229622,-51.07466,0.02239
1489229633,-51.07472,0.02239
1489229634,-51.07496,0.02238
1489229636,-51.07516,0.02237
1489229646,-51.07586,0.02243
1489229656,-51.07656,0.02252
1489229660,-51.07675,0.02252
1489229663,-51.07704,0.02253
1489229667,-51.07733,0.02256
1489229673,-51.07754,0.02258
1489229680,-51.0776,0.02279
1489229684,-51.07755,0.02299
1489229690,-51.07745,0.02322
1489229698,-51.07704,0.02321
1489229708,-51.07688,0.02317
1489229717,-51.07704,0.02326
1489229720,-51.07723,0.02327
1489229724,-51.07743,0.02332
1489229734,-51.0774,0.02349
1489229741,-51.07727,0.02395
1489229743,-51.07715,0.02412
1489229745,-51.07711,0.02431
1489229749,-51.077,0.02452
1489229751,-51.07692,0.02472
1489229755,-51.07682,0.02501
1489229762,-51.07666,0.02554
1489229767,-51.07661,0.02578
1489229779,-51.07642,0.02618
1489229784,-51.07634,0.02638
1489229787,-51.07629,0.02657
1489229791,-51.07622,0.02679
1489229804,-51.0759,0.02783
1489229811,-51.07597,0.02832
1489229813,-51.07602,0.02855
1489229819,-51.07623,0.02892
1489229823,-51.0764,0.02907
1489229828,-51.07677,0.02928
1489229833,-51.07695,0.0294
1489229837,-51.0771,0.02963
1489229840,-51.0771,0.02982
1489229846,-51.07707,0.03025
1489229849,-51.07705,0.0305
1489229859,-51.07699,0.03138
1489229863,-51.07697,0.03161
1489229865,-51.07698,0.03182
1489229868,-51.07696,0.03207
1489229872,-51.07696,0.03233
1489229874,-51.07695,0.03256
1489229877,-51.07692,0.03276
1489229882,-51.0769,0.03294
1489229893,-51.07689,0.03291
1489229903,-51.07688,0.03295
1489229926,-51.0763,0.03317
1489229929,-51.07609,0.03315
1489229937,-51.07526,0.0331
1489229948,-51.07396,0.033
1489229952,-51.07361,0.03299
1489229954,-51.0734,0.03296
1489229961,-51.07297,0.0329
1489229982,-51.07295,0.03289
1489229992,-51.07294,0.0329
1489230003,-51.07279,0.0328
1489230006,-51.0728,0.03252
1489230008,-51.07281,0.03231
1489230011,-51.07281,0.03212
1489230015,-51.07285,0.03154
1489230018,-51.07286,0.03129
1489230019,-51.07289,0.03106
1489230021,-51.0729,0.03081
1489230024,-51.07292,0.03058
1489230026,-51.07294,0.03038
1489230029,-51.07297,0.0301
1489230044,-51.07298,0.02978
1489230046,-51.07299,0.02957
1489230049,-51.07301,0.02933
1489230053,-51.07301,0.02912
1489230056,-51.07304,0.02887
1489230059,-51.07305,0.02868
1489230063,-51.07306,0.02845
1489230065,-51.07309,0.02817
1489230069,-51.07312,0.02781
1489230073,-51.07312,0.02752
1489230075,-51.07314,0.02719
1489230080,-51.07317,0.02678
1489230092,-51.07317,0.02646
1489230103,-51.07318,0.02646
1489230107,-51.07318,0.02627
1489230110,-51.07319,0.02605
1489230120,-51.07325,0.02516
1489230126,-51.07333,0.02455
1489230128,-51.07335,0.02434
1489230132,-51.07335,0.02401
1489230134,-51.07336,0.02369
1489230141,-51.0734,0.02295
1489230147,-51.07345,0.02246
1489230153,-51.07302,0.02223
1489230156,-51.07281,0.02222
1489230157,-51.07262,0.02218
1489230160,-51.07231,0.02215
1489230163,-51.07209,0.02212
1489230164,-51.0719,0.02211
1489230167,-51.07168,0.02207
1489230178,-51.07155,0.02205
1489230188,-51.07156,0.02206
1489230197,-51.07122,0.02203
1489230205,-51.07035,0.022
1489230208,-51.07008,0.02199
1489230209,-51.06983,0.02197
1489230217,-51.06917,0.02191
1489230219,-51.0689,0.02186
1489230221,-51.06868,0.02189
1489230224,-51.06843,0.02186
1489230226,-51.0681,0.02187
1489230232,-51.06741,0.02181
1489230234,-51.06705,0.02179
1489230237,-51.06671,0.02177
1489230240,-51.06647,0.02175
1489230242,-51.06613,0.02173
1489230244,-51.0659,0.02172
1489230249,-51.06559,0.02169
1489230254,-51.06506,0.02167
1489230260,-51.06446,0.02164
1489230265,-51.06408,0.02162
1489230267,-51.06384,0.02161
1489230270,-51.0636,0.0216
1489230275,-51.06339,0.02159
1489230295,-51.06245,0.02153
1489230300,-51.06202,0.0215
1489230301,-51.0618,0.02148
1489230303,-51.06161,0.02146
1489230306,-51.06143,0.02145
1489230310,-51.06119,0.02144
1489230320,-51.06123,0.02137
1489230331,-51.06116,0.02137
1489230340,-51.06098,0.02141
1489230347,-51.06041,0.02136
1489230356,-51.05941,0.02126
1489230358,-51.05911,0.02125
1489230361,-51.05878,0.02124
1489230364,-51.05855,0.02123
1489230366,-51.05823,0.0212
1489230371,-51.05764,0.02114
1489230378,-51.05706,0.02114
1489230381,-51.05676,0.02112
1489230386,-51.05654,0.02101
1489230392,-51.05635,0.02088
1489230397,-51.05615,0.02113
1489230399,-51.05604,0.02133
1489230406,-51.05574,0.02176
1489230409,-51.05551,0.02206
1489230414,-51.05527,0.02234
1489230417,-51.05517,0.02269
1489230422,-51.05514,0.02309
1489230425,-51.05518,0.02352
1489230429,-51.05519,0.02381
1489230434,-51.05516,0.02437
1489230437,-51.05511,0.02457
1489230441,-51.05485,0.02499
1489230444,-51.05472,0.02513
1489230447,-51.05445,0.02544
1489230449,-51.05432,0.02558
1489230453,-51.05414,0.02575
1489230455,-51.05396,0.02595
1489230459,-51.05367,0.02625
1489230468,-51.05294,0.02702
1489230472,-51.05255,0.02733
1489230475,-51.05228,0.02758
1489230478,-51.05198,0.02784
1489230481,-51.05181,0.028
1489230482,-51.05161,0.02816
1489230484,-51.05142,0.02832
1489230490,-51.05111,0.02892
1489230495,-51.05106,0.02941
1489230497,-51.05103,0.02979
1489230499,-51.05102,0.03005
1489230502,-51.05101,0.0303
1489230503,-51.05097,0.03055
1489230511,-51.05091,0.03155
1489230513,-51.0509,0.03179
1489230516,-51.05088,0.03197
1489230520,-51.05082,0.03219
1489230522,-51.05056,0.03217
1489230528,-51.05042,0.03232
1489230536,-51.05036,0.03251
1489230556,-51.05028,0.03251
1489230567,-51.05028,0.03249
1489230577,-51.05027,0.0325
1489230598,-51.05027,0.0325
1489230618,-51.05027,0.0325
1489230629,-51.05027,0.0325
1489230659,-51.05027,0.0325
1489230670,-51.05028,0.03249
1489230680,-51.05026,0.03252
1489230690,-51.05008,0.03259
1489230694,-51.05005,0.03278
1489230696,-51.05004,0.03299
1489230706,-51.04997,0.03376
1489230709,-51.04995,0.03401
1489230717,-51.04995,0.03444
1489230722,-51.04988,0.03492
1489230725,-51.04987,0.03513
1489230726,-51.04986,0.03538
1489230731,-51.04981,0.0359
1489230733,-51.04979,0.0363
1489230735,-51.04976,0.03655
1489230738,-51.04974,0.03679
1489230740,-51.04973,0.03711
1489230747,-51.04973,0.03774
1489230748,-51.04972,0.03793
1489230750,-51.04971,0.03812
1489230754,-51.04971,0.03834
1489230757,-51.04993,0.03855
1489230763,-51.05036,0.03854
1489230777,-51.05088,0.03855
1489230781,-51.05122,0.03857
1489230785,-51.05146,0.03858
1489230788,-51.05166,0.03865
1489230793,-51.05169,0.03898
1489230796,-51.05168,0.03918
1489230802,-51.05162,0.03976
1489230809,-51.05161,0.03996
1489230820,-51.05165,0.03999
1489230840,-51.05161,0.04018
1489230847,-51.052,0.04027
1489230849,-51.05219,0.04029
1489230855,-51.05269,0.0403
1489230860,-51.05286,0.04014
1489230871,-51.05286,0.04
1489230875,-51.05288,0.03978
1489230878,-51.05291,0.03957
1489230884,-51.05295,0.03902
1489230888,-51.05298,0.03858
1489230892,-51.05302,0.03817
1489230903,-51.05309,0.03714
1489230905,-51.0531,0.03695
1489230909,-51.0531,0.03665
1489230910,-51.0531,0.03645
1489230912,-51.05314,0.03622
1489230916,-51.05317,0.03592
1489230925,-51.05325,0.03489
1489230929,-51.0533,0.0344
1489230932,-51.05331,0.03421
1489230933,-51.05332,0.03399
1489230935,-51.05333,0.0338
1489230938,-51.05335,0.0336
1489230940,-51.05337,0.03327
1489230942,-51.05341,0.03308
1489230951,-51.05345,0.03215
1489230954,-51.05347,0.03184
1489230959,-51.05353,0.03132
1489230965,-51.05356,0.03075
1489230970,-51.0536,0.03026
1489230972,-51.05362,0.03007
1489230978,-51.05367,0.02955
1489230980,-51.05366,0.02928
1489230982,-51.05368,0.02909
1489230986,-51.05378,0.02885
1489230987,-51.05387,0.02869
1489230990,-51.05415,0.02868
1489230994,-51.05441,0.02868
1489230997,-51.0549,0.02871
1489231001,-51.05535,0.02875
1489231007,-51.05594,0.0288
1489231008,-51.05619,0.02882
1489231011,-51.05658,0.02884
1489231014,-51.05681,0.02885
1489231016,-51.05718,0.02888
1489231019,-51.05756,0.02892
1489231023,-51.05791,0.02893
1489231030,-51.05858,0.02902
1489231038,-51.05904,0.02902
1489231043,-51.05944,0.02905
1489231045,-51.05973,0.02907
1489231047,-51.05996,0.02908
1489231052,-51.06056,0.02912
1489231055,-51.06094,0.02917
1489231058,-51.06119,0.02917
1489231059,-51.0614,0.02917
1489231064,-51.06188,0.02922
1489231065,-51.0621,0.02925
1489231072,-51.06255,0.02928
1489231082,-51.06254,0.02926
1489231102,-51.06252,0.02921
1489231113,-51.06266,0.02885
1489231116,-51.06272,0.02859
1489231119,-51.06272,0.0284
1489231122,-51.06274,0.02799
1489231126,-51.0628,0.0276
1489231137,-51.06283,0.02718
1489231144,-51.06283,0.02691
1489231150,-51.06284,0.02639
1489231159,-51.0626,0.02604
1489231169,-51.06265,0.02605
1489231190,-51.06262,0.02599
1489231200,-51.06263,0.026
1489231211,-51.06264,0.02601
1489231221,-51.06264,0.02601
1489231231,-51.06264,0.02601
1489231242,-51.06264,0.02601
1489231252,-51.06263,0.02603
1489231263,-51.06205,0.02607
1489231267,-51.06172,0.02606
1489231269,-51.06136,0.02605
1489231272,-51.06104,0.02601
1489231277,-51.06086,0.02602
1489231282,-51.0608,0.02628
1489231284,-51.06078,0.02649
1489231287,-51.06076,0.02672
1489231288,-51.06075,0.02697
1489231294,-51.0607,0.02763
1489231295,-51.06068,0.02785
1489231298,-51.06067,0.02806
1489231303,-51.06062,0.0283
1489231306,-51.06065,0.02856
1489231311,-51.06065,0.02886
1489231322,-51.06056,0.02981
1489231328,-51.06052,0.03037
1489231331,-51.06052,0.03058
1489231333,-51.06051,0.03085
1489231338,-51.06048,0.03128
1489231341,-51.06045,0.03163
1489231344,-51.06044,0.03186
1489231353,-51.06042,0.03211
1489231355,-51.06042,0.03236
1489231357,-51.0604,0.0326
1489231363,-51.0603,0.03336
1489231367,-51.06026,0.03377
1489231369,-51.06028,0.03409
1489231373,-51.06028,0.03444
1489231389,-51.06024,0.03476
1489231398,-51.06022,0.03498
1489231402,-51.06018,0.03529
1489231406,-51.06015,0.03555
1489231407,-51.06014,0.03575
1489231410,-51.06012,0.03602
1489231414,-51.06011,0.03639
1489231417,-51.0601,0.03664
1489231422,-51.06009,0.03698
1489231427,-51.06005,0.03746
1489231443,-51.06038,0.03826
1489231448,-51.061,0.03832
1489231450,-51.06123,0.03834
1489231452,-51.06142,0.03838
1489231457,-51.06153,0.03876
1489231458,-51.0619,0.03841
1489231468,-51.06197,0.03841
1489231484,-51.06207,0.03794
1489231488,-51.0621,0.03776
1489231494,-51.06213,0.03723
1489231498,-51.06215,0.03698
1489231499,-51.06216,0.03674
1489231502,-51.06219,0.03649
1489231507,-51.06223,0.03612
1489231509,-51.06227,0.03578
1489231512,-51.06229,0.03551
1489231519,-51.06229,0.03529
1489231529,-51.0623,0.0353
1489231535,-51.06231,0.03506
1489231537,-51.06243,0.03484
1489231543,-51.06234,0.03451
1489231546,-51.06237,0.03417
1489231548,-51.06238,0.03397
1489231558,-51.06245,0.03299
1489231560,-51.06245,0.03267
1489231563,-51.06247,0.03236
1489231568,-51.06251,0.03185
1489231571,-51.06253,0.03149
1489231575,-51.06261,0.03106
1489231578,-51.06275,0.03087
1489231582,-51.06259,0.03023
1489231586,-51.06261,0.02996
1489231590,-51.06262,0.02967
1489231594,-51.06265,0.02946
1489231614,-51.06265,0.02939
1489231623,-51.06268,0.02869
1489231626,-51.0627,0.02846
1489231628,-51.06272,0.02811
1489231636,-51.06279,0.02708
1489231640,-51.06282,0.02657
1489231650,-51.06289,0.02562
1489231654,-51.06292,0.02539
1489231655,-51.06292,0.02518
1489231660,-51.06297,0.02474
1489231662,-51.06302,0.02439
1489231664,-51.06302,0.02416
1489231669,-51.06308,0.02351
1489231671,-51.06309,0.02323
1489231675,-51.06312,0.0227
1489231677,-51.06312,0.02248
1489231681,-51.06316,0.0222
1489231683,-51.06318,0.02199
1489231693,-51.06318,0.02186
1489231704,-51.06321,0.02176
1489231705,-51.06321,0.02154
1489231708,-51.06326,0.02132
1489231711,-51.06326,0.02113
1489231714,-51.0633,0.02077
1489231716,-51.06329,0.02057
1489231721,-51.06329,0.02008
1489231725,-51.06331,0.01968
1489231727,-51.06334,0.0195
1489231732,-51.06341,0.01907
1489231738,-51.06343,0.0186
1489231744,-51.06341,0.01842
1489231749,-51.06347,0.01791
1489231755,-51.06352,0.01733
1489231757,-51.06354,0.01712
1489231761,-51.06349,0.01743
1489231763,-51.06359,0.01654
1489231767,-51.06363,0.01596
1489231771,-51.06364,0.01556
1489231776,-51.06367,0.01518
1489231784,-51.06373,0.01477
1489231790,-51.06369,0.01457
1489231794,-51.06369,0.01412
1489231800,-51.06373,0.0135
1489231804,-51.06377,0.01313
1489231808,-51.06382,0.01255
1489231811,-51.06383,0.01231
1489231817,-51.0639,0.01157
1489231819,-51.06392,0.01117
1489231820,-51.06349,0.01119
1489231823,-51.06394,0.01078
1489231824,-51.06397,0.01052
1489231829,-51.06401,0.00989
1489231836,-51.06409,0.00925
1489231841,-51.06446,0.00882
1489231846,-51.06485,0.00855
1489231849,-51.06525,0.00825
1489231853,-51.06556,0.00802
1489231857,-51.06612,0.00763
1489231860,-51.06633,0.00748
1489231862,-51.06666,0.00725
1489231865,-51.06699,0.00702
1489231869,-51.06734,0.00676
1489231870,-51.06756,0.00659
1489231877,-51.06837,0.006
1489231880,-51.06872,0.00577
1489231889,-51.06986,0.0053
1489231892,-51.07024,0.00523
1489231896,-51.07076,0.00518
1489231898,-51.07104,0.00517
1489231901,-51.07131,0.00516
1489231902,-51.07156,0.00515
1489231907,-51.07212,0.00514
1489231910,-51.07237,0.00513
1489231915,-51.07257,0.00517
1489231926,-51.07301,0.00509
1489231929,-51.07314,0.00496
1489231930,-51.07327,0.00482
1489231932,-51.07343,0.00468
1489231936,-51.07369,0.00447
1489231937,-51.07386,0.00432
1489231944,-51.07438,0.00385
1489231948,-51.07485,0.00345
1489231953,-51.07525,0.00309
1489231959,-51.07587,0.00255
1489231961,-51.07618,0.00228
1489231963,-51.07638,0.00209
1489231966,-51.07658,0.00192
1489231969,-51.07697,0.00157
1489231972,-51.07716,0.0014
1489231973,-51.07733,0.00124
1489231975,-51.0775,0.00112
1489231978,-51.07772,0.00111
1489231979,-51.07793,0.00113
1489231985,-51.07836,0.00088
1489231986,-51.07839,0.00068
1489232000,-51.07939,-0.00065
1489232002,-51.07957,-0.00084
1489232005,-51.07977,-0.00102
1489232007,-51.08006,-0.0013
1489232012,-51.08057,-0.00182
1489232016,-51.08089,-0.00213
1489232017,-51.08108,-0.00235
1489232019,-51.08127,-0.0026
1489232024,-51.08166,-0.00327
1489232026,-51.08177,-0.00355
1489232029,-51.08187,-0.00383
1489232030,-51.08193,-0.00412
1489232033,-51.08203,-0.00457
1489232037,-51.08212,-0.00503
1489232039,-51.0822,-0.00551
1489232041,-51.08226,-0.00582
1489232044,-51.08232,-0.00616
1489232046,-51.08242,-0.00665
1489232049,-51.0825,-0.00713
1489232055,-51.0827,-0.00806
1489232058,-51.08277,-0.00837
1489232060,-51.08283,-0.00866
1489232062,-51.08293,-0.00911
1489232064,-51.08298,-0.0094
1489232067,-51.08302,-0.00971
1489232070,-51.08306,-0.01014
1489232071,-51.08305,-0.0104
1489232073,-51.08303,-0.01069
1489232076,-51.08303,-0.01093
1489232081,-51.08305,-0.01114
1489232087,-51.08296,-0.01143
1489232091,-51.08287,-0.01169
1489232094,-51.08275,-0.01217
1489232098,-51.08269,-0.01257
1489232102,-51.08255,-0.01327
1489232105,-51.08248,-0.01357
1489232107,-51.0824,-0.01401
1489232109,-51.08234,-0.01431
1489232111,-51.08228,-0.01462
1489232116,-51.08211,-0.01541
1489232122,-51.08194,-0.01622
1489232129,-51.08172,-0.01735
1489232130,-51.08166,-0.01766
1489232132,-51.08162,-0.01796
1489232135,-51.08156,-0.01826
1489232137,-51.08145,-0.01877
1489232139,-51.0814,-0.01908
1489232141,-51.08134,-0.01941
1489232144,-51.08125,-0.01977
1489232145,-51.08119,-0.02011
1489232148,-51.0811,-0.0206
1489232152,-51.08101,-0.02107
1489232154,-51.08091,-0.02157
1489232157,-51.0808,-0.02202
1489232162,-51.08063,-0.02284
1489232167,-51.08047,-0.0235
1489232168,-51.08034,-0.02381
1489232170,-51.0802,-0.02409
1489232175,-51.07986,-0.02459
1489232180,-51.07946,-0.0252
1489232182,-51.07918,-0.02552
1489232187,-51.07884,-0.02602
1489232190,-51.07856,-0.02656
1489232192,-51.07847,-0.02681
1489232195,-51.07839,-0.02712
1489232196,-51.07832,-0.02744
1489232199,-51.07826,-0.02795
1489232203,-51.07828,-0.02846
1489232204,-51.0783,-0.02865
1489232209,-51.07858,-0.02962
1489232210,-51.07864,-0.0298
1489232211,-51.07872,-0.02997
1489232215,-51.07909,-0.03052
1489232222,-51.07978,-0.03125
1489232230,-51.08097,-0.03192
1489232231,-51.08124,-0.03202
1489232232,-51.08142,-0.03208
1489232235,-51.08171,-0.03218
1489232236,-51.08204,-0.03229
1489232246,-51.0836,-0.03287
1489232250,-51.08415,-0.03304
1489232252,-51.08447,-0.03316
1489232258,-51.08517,-0.03354
1489232259,-51.08546,-0.03372
1489232266,-51.08617,-0.03429
1489232268,-51.08649,-0.03467
1489232270,-51.08669,-0.03492
1489232274,-51.08696,-0.03531
1489232277,-51.08729,-0.03581
1489232281,-51.08756,-0.03621
1489232283,-51.08782,-0.03659
1489232291,-51.08852,-0.03763
1489232293,-51.08869,-0.03786
1489232295,-51.08885,-0.03811
1489232302,-51.08945,-0.03889
1489232308,-51.08998,-0.03935
1489232312,-51.09047,-0.03962
1489232315,-51.091,-0.03982
1489232318,-51.09128,-0.03988
1489232319,-51.09157,-0.03995
1489232323,-51.09214,-0.04009
1489232326,-51.08739,-0.03593
1489232327,-51.0927,-0.0402
1489232329,-51.09299,-0.04026
1489232333,-51.09339,-0.04036
1489232337,-51.09415,-0.04054
1489232340,-51.09443,-0.04059
1489232342,-51.0947,-0.04065
1489232343,-51.09498,-0.0407
1489232347,-51.09552,-0.04083
1489232349,-51.09578,-0.04089
1489232351,-51.09604,-0.04093
1489232353,-51.09631,-0.04099
1489232356,-51.09671,-0.0411
1489232358,-51.09696,-0.04117
1489232362,-51.09737,-0.04125
1489232363,-51.09764,-0.0413
1489232374,-51.09897,-0.0416
1489232377,-51.09937,-0.04168
1489232378,-51.09964,-0.04174
1489232380,-51.09991,-0.0418
1489232383,-51.10018,-0.04188
1489232386,-51.10069,-0.04198
1489232390,-51.10118,-0.0421
1489232393,-51.10144,-0.04216
1489232394,-51.10169,-0.04221
1489232397,-51.10194,-0.04227
1489232400,-51.10244,-0.04238
1489232405,-51.10295,-0.04251
1489232406,-51.10322,-0.04256
1489232409,-51.10351,-0.04262
1489232412,-51.10406,-0.04276
1489232415,-51.10435,-0.04284
1489232420,-51.10507,-0.043
1489232421,-51.10537,-0.04307
1489232424,-51.10577,-0.04316
1489232429,-51.10597,-0.04322
1489232448,-51.10537,-0.04313
1489232451,-51.10517,-0.04309
1489232452,-51.10496,-0.04303
1489232454,-51.10472,-0.04298
1489232456,-51.10448,-0.04292
1489232460,-51.10409,-0.04285
1489232463,-51.10361,-0.04273
1489232465,-51.10337,-0.04267
1489232467,-51.10314,-0.04262
1489232470,-51.10281,-0.04255
1489232475,-51.10235,-0.04245
1489232480,-51.10174,-0.04231
1489232481,-51.10147,-0.04226
1489232484,-51.10119,-0.0422
1489232485,-51.1009,-0.04214
1489232488,-51.1006,-0.04207
1489232490,-51.10012,-0.04198
1489232498,-51.09897,-0.0417
1489232500,-51.09852,-0.0416
1489232508,-51.0974,-0.04134
1489232513,-51.09657,-0.04115
1489232515,-51.09607,-0.04105
1489232519,-51.09539,-0.0409
1489232521,-51.09506,-0.04083
1489232524,-51.09454,-0.04072
1489232528,-51.09404,-0.0406
1489232529,-51.09373,-0.04052
1489232532,-51.09339,-0.04045
1489232534,-51.09289,-0.04032
1489232539,-51.09203,-0.04013
1489232542,-51.09169,-0.04006
1489232548,-51.09053,-0.03973
1489232551,-51.09024,-0.03959
1489232552,-51.08993,-0.03942
1489232555,-51.08967,-0.03921
1489232556,-51.08941,-0.03898
1489232559,-51.08918,-0.03871
1489232560,-51.08897,-0.03842
1489232564,-51.08868,-0.038
1489232566,-51.08841,-0.03759
1489232569,-51.08813,-0.03717
1489232571,-51.08793,-0.03691
1489232573,-51.08778,-0.03668
1489232576,-51.0875,-0.03628
1489232579,-51.08724,-0.03588
1489232582,-51.08699,-0.03551
1489232585,-51.0868,-0.03525
1489232596,-51.08554,-0.03388
1489232599,-51.08518,-0.03368
1489232604,-51.08459,-0.03336
1489232605,-51.08427,-0.03323
1489232611,-51.08755,-0.03662
1489232613,-51.08311,-0.03277
1489232624,-51.08155,-0.03217
1489232626,-51.08125,-0.03207
1489232629,-51.08082,-0.0319
1489232637,-51.07987,-0.03138
1489232639,-51.07946,-0.03105
1489232643,-51.07902,-0.03053
1489232645,-51.07881,-0.03019
1489232649,-51.07846,-0.02957
1489232655,-51.07822,-0.02866
1489232656,-51.0782,-0.02848
1489232658,-51.07817,-0.0281
1489232665,-51.07838,-0.02683
1489232666,-51.0785,-0.02649
1489232671,-51.07885,-0.02573
1489232675,-51.07917,-0.02532
1489232679,-51.0796,-0.02485
1489232681,-51.07979,-0.02461
1489232682,-51.08,-0.02437
1489232686,-51.08032,-0.02382
1489232688,-51.08045,-0.02353
1489232692,-51.08062,-0.02291
1489232699,-51.08082,-0.02182
1489232701,-51.08088,-0.0215
1489232703,-51.08093,-0.02118
1489232705,-51.08099,-0.02086
1489232708,-51.08108,-0.02035
1489232712,-51.08122,-0.0197
1489232718,-51.08141,-0.01868
1489232723,-51.08158,-0.01786
1489232727,-51.08167,-0.01737
1489232728,-51.08173,-0.01706
1489232734,-51.08186,-0.0164
1489232735,-51.08198,-0.01591
1489232739,-51.08205,-0.01543
1489232747,-51.0823,-0.01404
1489232750,-51.0807,-0.02481
1489232755,-51.08253,-0.01288
1489232758,-51.0826,-0.01247
1489232761,-51.08266,-0.01221
1489232763,-51.08273,-0.01185
1489232766,-51.08274,-0.01162
1489232768,-51.08275,-0.01137
1489232773,-51.08279,-0.01105
1489232780,-51.08293,-0.01023
1489232784,-51.08292,-0.00986
1489232785,-51.0829,-0.00962
1489232790,-51.08281,-0.00909
1489232792,-51.08274,-0.00871
1489232796,-51.08266,-0.00832
1489232801,-51.08252,-0.00754
1489232804,-51.08246,-0.00729
1489232808,-51.08237,-0.00681
1489232810,-51.08231,-0.00649
1489232813,-51.08228,-0.00627
1489232818,-51.08216,-0.0057
1489232820,-51.08209,-0.0053
1489232823,-51.08203,-0.00492
1489232827,-51.08191,-0.00435
1489232830,-51.08347,-0.01103
1489232834,-51.08171,-0.0035
1489232840,-51.08126,-0.00266
1489232843,-51.0811,-0.00242
1489232844,-51.08092,-0.0022
1489232847,-51.08062,-0.00189
1489232851,-51.0802,-0.0015
1489232853,-51.08,-0.0013
1489232856,-51.0797,-0.00103
1489232862,-51.07913,-0.00047
1489232864,-51.07894,-0.0003
1489232867,-51.07863,-7e-05
1489232872,-51.0782,0.00015
1489232873,-51.07797,0.00022
1489232876,-51.07777,0.00026
1489232883,-51.07743,0.00096
1489232885,-51.07738,0.00116
1489232887,-51.0772,0.0013
1489232890,-51.07703,0.00145
1489232892,-51.07674,0.0017
1489232895,-51.07655,0.00186
1489232896,-51.07636,0.00204
1489232898,-51.07617,0.0022
1489232900,-51.07598,0.00236
1489232902,-51.0758,0.00253
1489232906,-51.07554,0.00277
1489232917,-51.07477,0.00346
1489232934,-51.07491,0.00337
1489232936,-51.07474,0.00348
1489232954,-51.07459,0.00359
1489232959,-51.07397,0.00416
1489232963,-51.07353,0.00453
1489232965,-51.07339,0.0047
1489232982,-51.07277,0.00577
1489232986,-51.07261,0.00634
1489232989,-51.07253,0.00656
1489232990,-51.07248,0.00681
1489232993,-51.07242,0.00704
1489232998,-51.07233,0.00763
1489233004,-51.07227,0.00846
1489233008,-51.07224,0.00894
1489233012,-51.07222,0.00932
1489233013,-51.07221,0.00957
1489233016,-51.07221,0.00982
1489233018,-51.07218,0.01019
1489233022,-51.07212,0.01069
1489233025,-51.0721,0.01091
1489233235,-51.06715,0.02177
