1487192344,-43.11156,-22.90636
1487192354,-43.11149,-22.90637
1487192365,-43.11131,-22.9063
1487192372,-43.11117,-22.90644
1487192382,-43.11109,-22.90646
1487192388,-43.11108,-22.90647
1487192392,-43.11106,-22.90646
1487192403,-43.11105,-22.90646
1487192413,-43.11105,-22.90646
1487192434,-43.11095,-22.90658
1487192444,-43.11095,-22.90658
1487192454,-43.11095,-22.90658
1487192462,-43.11095,-22.90658
1487192465,-43.11095,-22.90658
1487192475,-43.11095,-22.90658
1487192485,-43.11095,-22.90658
1487192496,-43.11096,-22.90659
1487192506,-43.11096,-22.90659
1487192516,-43.11096,-22.90659
1487192527,-43.11096,-22.90659
1487192541,-43.11095,-22.90659
1487192552,-43.11095,-22.90659
1487192562,-43.11091,-22.90662
1487192573,-43.11091,-22.90661
1487192583,-43.11082,-22.90672
1487192594,-43.11075,-22.90688
1487192599,-43.1106,-22.90705
1487192606,-43.11056,-22.90726
1487192616,-43.11055,-22.90723
1487192627,-43.11056,-22.90723
1487192637,-43.11055,-22.90722
1487192648,-43.11055,-22.90722
1487192659,-43.11055,-22.90722
1487192670,-43.11055,-22.90722
1487192692,-43.11055,-22.90722
1487192702,-43.11055,-22.90722
1487192704,-43.11068,-22.9074
1487192711,-43.11086,-22.9076
1487192722,-43.11095,-22.90771
1487192728,-43.11084,-22.9074
1487192733,-43.11103,-22.90771
1487192744,-43.11103,-22.90771
1487192754,-43.11103,-22.90771
1487192764,-43.11103,-22.90771
1487192775,-43.11103,-22.90771
1487192785,-43.11103,-22.90771
1487192795,-43.11103,-22.90771
1487192805,-43.11103,-22.90771
1487192816,-43.11103,-22.90771
1487192826,-43.11105,-22.90772
1487192831,-43.11124,-22.90787
1487192835,-43.11144,-22.90801
1487192847,-43.11202,-22.90752
1487192860,-43.11233,-22.90717
1487192867,-43.11277,-22.90677
1487192871,-43.113,-22.90651
1487192873,-43.11327,-22.90623
1487192876,-43.11357,-22.90595
1487192878,-43.11376,-22.90576
1487192883,-43.11424,-22.90529
1487192886,-43.11456,-22.90501
1487192889,-43.11483,-22.90474
1487192892,-43.11499,-22.90455
1487192898,-43.11474,-22.90427
1487192920,-43.11407,-22.90369
1487192926,-43.11386,-22.90347
1487192931,-43.11367,-22.90325
1487192935,-43.11348,-22.90305
1487192942,-43.11308,-22.90269
1487192948,-43.11284,-22.90247
1487192958,-43.11282,-22.90244
1487192969,-43.11283,-22.90241
1487192979,-43.11283,-22.90241
1487192987,-43.11264,-22.90223
1487192998,-43.11227,-22.90197
1487193008,-43.11218,-22.90194
1487193018,-43.11218,-22.90195
1487193028,-43.11218,-22.90195
1487193040,-43.11219,-22.90195
1487193051,-43.11219,-22.90195
1487193061,-43.11219,-22.90195
1487193071,-43.11219,-22.90195
1487193082,-43.11214,-22.90195
1487193089,-43.11198,-22.90177
1487193095,-43.11186,-22.90159
1487193105,-43.11186,-22.90159
1487193106,-43.11157,-22.90135
1487193117,-43.11147,-22.9013
1487193137,-43.11139,-22.90123
1487193147,-43.11139,-22.90123
1487193159,-43.1114,-22.90123
1487193169,-43.11139,-22.90123
1487193179,-43.1114,-22.90123
1487193189,-43.1114,-22.90123
1487193200,-43.11126,-22.90113
1487193208,-43.11111,-22.90099
1487193220,-43.11113,-22.90098
1487193230,-43.11113,-22.90098
1487193241,-43.11113,-22.90098
1487193251,-43.11107,-22.90093
1487193257,-43.11092,-22.90079
1487193281,-43.11084,-22.90071
1487193292,-43.1108,-22.90066
1487193302,-43.1108,-22.90065
1487193313,-43.1108,-22.90065
1487193323,-43.1108,-22.90065
1487193333,-43.1108,-22.90065
1487193343,-43.1108,-22.90065
1487193354,-43.11066,-22.90054
1487193364,-43.11048,-22.90044
1487193374,-43.11042,-22.90037
1487193385,-43.11043,-22.90037
1487193396,-43.11043,-22.90037
1487193406,-43.11043,-22.90037
1487193417,-43.11043,-22.90037
1487193427,-43.11043,-22.90037
1487193438,-43.11043,-22.90037
1487193448,-43.11043,-22.90037
1487193460,-43.11027,-22.9002
1487193469,-43.11031,-22.89992
1487193475,-43.11049,-22.89976
1487193486,-43.11057,-22.89971
1487193496,-43.11064,-22.89959
1487193498,-43.11078,-22.89946
1487193502,-43.11099,-22.89927
1487193511,-43.11137,-22.89891
1487193515,-43.11159,-22.89863
1487193525,-43.11184,-22.89782
1487193527,-43.11195,-22.89753
1487193533,-43.11209,-22.89712
1487193535,-43.11215,-22.8969
1487193540,-43.11227,-22.89659
1487193543,-43.11234,-22.89637
1487193548,-43.11246,-22.89606
1487193550,-43.11257,-22.8958
1487193553,-43.11269,-22.89554
1487193557,-43.11274,-22.89535
1487193563,-43.11282,-22.89512
1487193567,-43.11291,-22.89494
1487193583,-43.11315,-22.89438
1487193594,-43.11318,-22.89422
1487193604,-43.11316,-22.8942
1487193614,-43.11317,-22.8942
1487193619,-43.11327,-22.89404
1487193625,-43.11343,-22.89362
1487193630,-43.11354,-22.89324
1487193635,-43.11366,-22.89257
1487193638,-43.11373,-22.89223
1487193641,-43.11382,-22.89188
1487193645,-43.1139,-22.89152
1487193647,-43.11399,-22.89115
1487193653,-43.11418,-22.8904
1487193657,-43.11429,-22.88996
1487193660,-43.11437,-22.88965
1487193669,-43.1146,-22.88876
1487193674,-43.11472,-22.88818
1487193678,-43.11482,-22.88764
1487193680,-43.11489,-22.88735
1487193686,-43.11507,-22.88652
1487193689,-43.11508,-22.8862
1487193692,-43.11489,-22.88597
1487193698,-43.11421,-22.88547
1487193700,-43.11394,-22.88527
1487193702,-43.11367,-22.88505
1487193704,-43.11342,-22.88477
1487193706,-43.1132,-22.88446
1487193720,-43.1129,-22.88194
1487193722,-43.11306,-22.88135
1487193728,-43.11347,-22.88014
1487193734,-43.11408,-22.879
1487193737,-43.11454,-22.87858
1487193741,-43.11497,-22.87813
1487193743,-43.11544,-22.87772
1487193748,-43.11641,-22.87722
1487193750,-43.11683,-22.87702
1487193757,-43.11798,-22.87629
1487193760,-43.11869,-22.87581
1487193763,-43.11922,-22.87548
1487193766,-43.11959,-22.87528
1487193767,-43.11996,-22.8751
1487193770,-43.12052,-22.87484
1487193773,-43.1209,-22.87468
1487193774,-43.12131,-22.87454
1487193777,-43.12192,-22.87434
1487193782,-43.12274,-22.87414
1487193783,-43.12314,-22.87406
1487193785,-43.12353,-22.874
1487193791,-43.12472,-22.87388
1487193793,-43.12512,-22.87384
1487193795,-43.12553,-22.8738
1487193800,-43.12633,-22.87374
1487193801,-43.12672,-22.8737
1487193802,-43.12692,-22.87368
1487193806,-43.12753,-22.87363
1487193807,-43.12794,-22.87359
1487193809,-43.12834,-22.87356
1487193812,-43.12875,-22.87353
1487193814,-43.12936,-22.87347
1487193824,-43.13118,-22.87331
1487193826,-43.13178,-22.87328
1487193829,-43.13238,-22.87322
1487193830,-43.13259,-22.87319
1487193833,-43.13321,-22.87313
1487193836,-43.13385,-22.87308
1487193841,-43.13488,-22.87299
1487193843,-43.1353,-22.87295
1487193848,-43.13616,-22.87287
1487193852,-43.13727,-22.87275
1487193853,-43.13751,-22.87273
1487193858,-43.13872,-22.87263
1487193864,-43.14018,-22.87251
1487193869,-43.14129,-22.8724
1487193871,-43.14173,-22.87236
1487193874,-43.14239,-22.8723
1487193877,-43.14305,-22.87224
1487193879,-43.14326,-22.87222
1487194030,-43.17603,-22.86926
1487194041,-43.17853,-22.86904
1487194154,-43.20165,-22.86926
1487194162,-43.20323,-22.87037
1487194166,-43.20382,-22.87089
1487194167,-43.20396,-22.87103
1487194171,-43.2045,-22.87159
1487194174,-43.20477,-22.87188
1487194176,-43.20517,-22.87233
1487194179,-43.20557,-22.87275
1487194183,-43.20595,-22.87316
1487194184,-43.2062,-22.87342
1487194194,-43.20748,-22.87479
1487194195,-43.20778,-22.8751
1487194197,-43.20806,-22.87541
1487194202,-43.2086,-22.876
1487194204,-43.20901,-22.87643
1487194207,-43.20927,-22.87673
1487194208,-43.2094,-22.87687
1487194212,-43.21006,-22.87758
1487194214,-43.2102,-22.87773
1487194216,-43.21061,-22.87817
1487194222,-43.21143,-22.87904
1487194225,-43.21181,-22.87943
1487194229,-43.21229,-22.87989
1487194232,-43.21262,-22.88023
1487194236,-43.21288,-22.88051
1487194238,-43.21306,-22.88071
1487194242,-43.21328,-22.88095
1487194250,-43.21361,-22.8813
1487194251,-43.21374,-22.88145
1487194256,-43.21401,-22.88174
1487194260,-43.21419,-22.88193
1487194262,-43.21434,-22.8821
1487194267,-43.21463,-22.88239
1487194270,-43.21477,-22.88253
1487194272,-43.21497,-22.88276
1487194275,-43.21521,-22.883
1487194279,-43.21543,-22.88323
1487194284,-43.21576,-22.88356
1487194289,-43.216,-22.88379
1487194291,-43.21623,-22.88402
1487194294,-43.21652,-22.88434
1487194301,-43.21725,-22.88525
1487194304,-43.21754,-22.88572
1487194307,-43.21778,-22.88622
1487194312,-43.21803,-22.88711
1487194318,-43.21806,-22.88805
1487194319,-43.21801,-22.88842
1487194321,-43.21791,-22.88878
1487194324,-43.2177,-22.88928
1487194326,-43.21762,-22.88945
1487194328,-43.21737,-22.88997
1487194334,-43.21688,-22.89101
1487194338,-43.21655,-22.89171
1487194339,-43.21647,-22.89189
1487194341,-43.2163,-22.89223
1487194344,-43.21604,-22.89278
1487194350,-43.2155,-22.89392
1487194352,-43.21541,-22.89411
1487194353,-43.21523,-22.8945
1487194357,-43.21489,-22.89524
1487194360,-43.21465,-22.89571
1487194363,-43.21429,-22.89612
1487194367,-43.21373,-22.8965
1487194387,-43.21095,-22.89864
1487194390,-43.21066,-22.89873
1487194401,-43.21066,-22.89867
1487194411,-43.21065,-22.89867
1487194421,-43.21064,-22.89867
1487194443,-43.21018,-22.89867
1487194446,-43.2099,-22.89861
1487194449,-43.20964,-22.89849
1487194451,-43.20944,-22.89838
1487194459,-43.20848,-22.89797
1487194465,-43.2077,-22.89764
1487194469,-43.20725,-22.89746
1487194473,-43.20649,-22.89714
1487194475,-43.20619,-22.89703
1487194479,-43.20572,-22.89684
1487194484,-43.20477,-22.89645
1487194488,-43.20428,-22.89626
1487194489,-43.20393,-22.89611
1487194494,-43.20308,-22.89576
1487194497,-43.20256,-22.89555
1487194500,-43.20203,-22.89533
1487194506,-43.20093,-22.89487
1487194511,-43.20005,-22.89451
1487194517,-43.19928,-22.89419
1487194519,-43.19886,-22.89402
1487194523,-43.19832,-22.89377
1487194526,-43.19789,-22.89359
1487194529,-43.19741,-22.8934
1487194533,-43.1969,-22.89321
1487194534,-43.19654,-22.89307
1487194536,-43.1962,-22.89292
1487194539,-43.19563,-22.89277
1487194543,-43.19502,-22.89277
1487194553,-43.19502,-22.89277
1487194559,-43.19942,-22.89584
1487194654,-43.17123,-22.90625
1487194666,-43.17215,-22.90428
1487194671,-43.17232,-22.90317
1487194672,-43.17107,-22.90472
1487194678,-43.17013,-22.90502
1487194681,-43.16958,-22.90521
1487194683,-43.16909,-22.90538
1487194686,-43.16871,-22.90564
1487194689,-43.16855,-22.90607
1487194692,-43.16852,-22.90657
1487194698,-43.16846,-22.90763
1487194702,-43.16839,-22.90837
1487194705,-43.16836,-22.90889
1487194708,-43.16833,-22.9094
1487194709,-43.16831,-22.90958
1487194716,-43.16854,-22.91078
1487194718,-43.16874,-22.9111
1487194722,-43.16917,-22.91145
1487194723,-43.16952,-22.91158
1487194725,-43.16989,-22.91166
1487194729,-43.17074,-22.91177
1487194732,-43.17114,-22.91184
1487194733,-43.17134,-22.91189
1487194734,-43.17174,-22.91201
1487194735,-43.17193,-22.91211
1487194739,-43.17246,-22.91243
1487194748,-43.17389,-22.91385
1487194754,-43.17448,-22.91485
1487194758,-43.17472,-22.91541
1487194760,-43.17487,-22.916
1487194761,-43.17489,-22.9162
1487194763,-43.17495,-22.91661
1487194768,-43.17493,-22.91741
1487194772,-43.17474,-22.91839
1487194774,-43.17461,-22.91879
1487194777,-43.17431,-22.91935
1487194780,-43.17405,-22.9197
1487194781,-43.17377,-22.92005
1487194784,-43.17323,-22.92047
1487194786,-43.17286,-22.92075
1487194789,-43.1725,-22.92101
1487194791,-43.17205,-22.92147
1487194792,-43.17191,-22.92163
1487194803,-43.17116,-22.92377
1487194807,-43.17122,-22.92437
1487194810,-43.17144,-22.92518
1487194816,-43.17179,-22.92634
1487194820,-43.17201,-22.92707
1487194823,-43.17219,-22.92765
1487194826,-43.17238,-22.92824
1487194827,-43.17244,-22.92845
1487194833,-43.17281,-22.92967
1487194836,-43.17299,-22.93029
1487194840,-43.17321,-22.93108
1487194846,-43.17351,-22.93205
1487194847,-43.17363,-22.93242
1487194850,-43.17375,-22.93297
1487194851,-43.17378,-22.93316
1487194856,-43.17378,-22.93408
1487194863,-43.17358,-22.93535
1487194864,-43.17353,-22.93553
1487194869,-43.17325,-22.93622
1487194870,-43.17304,-22.93652
1487194873,-43.17262,-22.9369
1487194876,-43.17218,-22.9372
1487194880,-43.17173,-22.93747
1487194885,-43.1709,-22.93815
1487194887,-43.1707,-22.93845
1487194892,-43.17044,-22.93927
1487194895,-43.17045,-22.93978
1487194902,-43.17083,-22.94089
1487194905,-43.17115,-22.94132
1487194908,-43.17153,-22.94169
1487194912,-43.17208,-22.94219
1487194918,-43.17289,-22.94283
1487194921,-43.1733,-22.94314
1487194924,-43.1737,-22.94342
1487194927,-43.17415,-22.94365
1487194931,-43.17469,-22.94378
1487194934,-43.17544,-22.94375
1487194937,-43.17592,-22.94357
1487194940,-43.17634,-22.94329
1487194943,-43.17674,-22.943
1487194952,-43.17795,-22.94239
1487194962,-43.17966,-22.94267
1487194966,-43.18017,-22.94304
1487194970,-43.18052,-22.94336
1487194973,-43.18094,-22.94383
1487194976,-43.1812,-22.94423
1487194983,-43.18165,-22.94521
1487194985,-43.18174,-22.9455
1487194988,-43.1818,-22.94596
1487195002,-43.1814,-22.94813
1487195005,-43.18122,-22.94839
1487195009,-43.18082,-22.94902
1487195012,-43.18064,-22.94937
1487195016,-43.18045,-22.94972
1487195018,-43.18026,-22.95012
1487195025,-43.17981,-22.95114
1487195037,-43.17975,-22.9513
1487195041,-43.17875,-22.95376
1487195043,-43.17868,-22.95393
1487195044,-43.17855,-22.95428
1487195046,-43.17841,-22.95464
1487195048,-43.17826,-22.95498
1487195053,-43.17788,-22.95571
1487195058,-43.17765,-22.95652
1487195062,-43.17756,-22.95703
1487195063,-43.17747,-22.95737
1487195065,-43.17739,-22.95772
1487195067,-43.17733,-22.95806
1487195070,-43.17723,-22.95839
1487195072,-43.177,-22.95882
1487195082,-43.177,-22.95882
1487195089,-43.17589,-22.96103
1487195093,-43.17573,-22.9612
1487195096,-43.1756,-22.96144
1487195102,-43.17552,-22.96161
1487195106,-43.1754,-22.96183
1487195110,-43.17528,-22.96207
1487195112,-43.17514,-22.96234
1487195115,-43.175,-22.96263
1487195117,-43.1749,-22.96282
1487195119,-43.1748,-22.96304
1487195123,-43.17462,-22.96335
1487195125,-43.17444,-22.96367
1487195127,-43.17431,-22.96389
1487195132,-43.17397,-22.96448
1487195137,-43.17375,-22.9649
1487195139,-43.17377,-22.96511
1487195142,-43.17394,-22.9652
1487195150,-43.17444,-22.96543
1487195152,-43.17469,-22.96554
1487195155,-43.17496,-22.96566
1487195163,-43.1757,-22.96602
1487195169,-43.17625,-22.96627
1487195173,-43.17647,-22.96638
1487195180,-43.17674,-22.96652
1487195189,-43.17724,-22.96679
1487195191,-43.17754,-22.96695
1487195194,-43.17771,-22.96704
1487195205,-43.17784,-22.96712
1487195216,-43.17785,-22.96711
1487195231,-43.17822,-22.96733
1487195240,-43.17888,-22.9677
1487195243,-43.17931,-22.96793
1487195249,-43.1798,-22.9682
1487195259,-43.1803,-22.96854
1487195264,-43.18047,-22.96865
1487195270,-43.18093,-22.96896
1487195273,-43.18123,-22.96914
1487195274,-43.18142,-22.96924
1487195276,-43.18161,-22.96935
1487195282,-43.18217,-22.96974
1487195287,-43.18258,-22.97001
1487195292,-43.1832,-22.97045
1487195299,-43.18384,-22.97096
1487195302,-43.18407,-22.97116
1487195305,-43.18429,-22.97134
1487195309,-43.18457,-22.9716
1487195312,-43.18479,-22.97181
1487195316,-43.18498,-22.972
1487195318,-43.18515,-22.97218
1487195328,-43.18526,-22.97228
1487195338,-43.18526,-22.97229
1487195349,-43.18527,-22.97229
1487195359,-43.18527,-22.97229
1487195370,-43.18527,-22.97229
1487195380,-43.18527,-22.97229
1487195390,-43.18527,-22.97229
1487195401,-43.18527,-22.97229
1487195411,-43.18531,-22.9723
1487195421,-43.18532,-22.9723
1487195433,-43.18532,-22.9723
1487195454,-43.18532,-22.9723
1487195475,-43.18532,-22.97229
1487195485,-43.1853,-22.97226
1487195497,-43.18531,-22.97225
1487195509,-43.18531,-22.97225
1487195520,-43.18531,-22.97225
1487195530,-43.18531,-22.97225
1487195542,-43.18531,-22.97225
1487195553,-43.18531,-22.97223
1487195563,-43.18532,-22.97224
1487195575,-43.18532,-22.97224
1487195597,-43.18532,-22.97224
1487195607,-43.18531,-22.97226
1487195618,-43.18532,-22.97232
1487195621,-43.18556,-22.97258
1487195624,-43.18567,-22.97274
1487195629,-43.18582,-22.97298
1487195639,-43.1858,-22.973
1487195649,-43.1858,-22.973
1487195659,-43.1858,-22.973
1487195676,-43.1854,-22.97272
1487195685,-43.18503,-22.97244
1487195691,-43.18477,-22.97219
1487195695,-43.18464,-22.97205
1487195705,-43.18453,-22.97192
1487195715,-43.18453,-22.97193
1487195722,-43.18437,-22.97178
1487195733,-43.18432,-22.97173
1487195743,-43.18432,-22.97173
1487195753,-43.18412,-22.97157
1487195758,-43.18388,-22.97135
1487195763,-43.18369,-22.97117
1487195769,-43.18344,-22.97098
1487195773,-43.18308,-22.97072
1487195776,-43.18284,-22.97054
1487195779,-43.18258,-22.97035
1487195782,-43.18233,-22.97017
1487195786,-43.18205,-22.96998
1487195790,-43.18157,-22.96968
1487195792,-43.18138,-22.96955
1487195795,-43.18109,-22.96936
1487195798,-43.18078,-22.96917
1487195800,-43.18059,-22.96905
1487195805,-43.18008,-22.96872
1487195810,-43.17965,-22.96846
1487195812,-43.17932,-22.96827
1487195815,-43.17899,-22.96807
1487195825,-43.17899,-22.96807
1487195827,-43.17827,-22.96751
1487195837,-43.17829,-22.96753
1487195843,-43.17914,-22.96778
1487195845,-43.17831,-22.96764
1487195855,-43.17832,-22.96764
1487195863,-43.17813,-22.96755
1487195865,-43.17789,-22.96742
1487195867,-43.1777,-22.96732
1487195869,-43.17751,-22.96721
1487195873,-43.17722,-22.96706
1487195875,-43.17693,-22.96691
1487195879,-43.17663,-22.96676
1487195887,-43.17577,-22.96633
1487195890,-43.1755,-22.9662
1487195894,-43.17512,-22.96602
1487195897,-43.17486,-22.96591
1487195900,-43.17463,-22.96579
1487195903,-43.17444,-22.96568
1487195913,-43.17353,-22.96526
1487195917,-43.17334,-22.96509
1487195919,-43.17338,-22.96487
1487195922,-43.1735,-22.96466
1487195925,-43.17362,-22.96445
1487195929,-43.1737,-22.96427
1487195939,-43.17379,-22.96413
1487195949,-43.17378,-22.96414
1487195959,-43.17378,-22.96414
1487195970,-43.17378,-22.96414
1487195980,-43.17378,-22.96414
1487195990,-43.17378,-22.96414
1487196001,-43.17378,-22.96414
1487196011,-43.1738,-22.96406
1487196018,-43.17409,-22.96364
1487196023,-43.17435,-22.96313
1487196028,-43.17459,-22.96272
1487196030,-43.17478,-22.96247
1487196032,-43.17488,-22.96228
1487196034,-43.175,-22.96206
1487196037,-43.17511,-22.96184
1487196038,-43.17523,-22.96162
1487196044,-43.17557,-22.96098
1487196048,-43.17577,-22.96062
1487196058,-43.17577,-22.96062
1487196061,-43.17475,-22.96247
1487196080,-43.17559,-22.96093
1487196084,-43.17668,-22.95992
1487196090,-43.17805,-22.95677
1487196092,-43.1768,-22.95862
1487196097,-43.17693,-22.95842
1487196101,-43.17704,-22.95826
1487196104,-43.17715,-22.95808
1487196107,-43.17729,-22.95782
1487196111,-43.17737,-22.9575
1487196115,-43.17661,-22.95838
1487196116,-43.17748,-22.95697
1487196123,-43.17753,-22.95671
1487196134,-43.17752,-22.95668
1487196144,-43.17753,-22.95666
1487196155,-43.17816,-22.95685
1487196157,-43.17754,-22.95666
1487196167,-43.17756,-22.95661
1487196172,-43.17759,-22.95631
1487196175,-43.17816,-22.95678
1487196180,-43.17761,-22.95583
1487196183,-43.17761,-22.95551
1487196190,-43.17759,-22.95502
1487196195,-43.17755,-22.95481
1487196200,-43.17739,-22.95454
1487196209,-43.17726,-22.95439
