1488065333,-43.00495,-22.82115
1488065337,-43.00495,-22.82115
1488065347,-43.00495,-22.82115
1488065353,-43.00495,-22.82115
1488065357,-43.00495,-22.82115
1488065359,-43.00537,-22.82112
1488065362,-43.00537,-22.82112
1488065370,-43.00537,-22.82112
1488065385,-43.0048,-22.82112
1488065399,-43.0048,-22.82112
1488065420,-43.0048,-22.82112
1488065430,-43.0048,-22.82112
1488065440,-43.0048,-22.82112
1488065453,-43.0048,-22.82112
1488065463,-43.0048,-22.82112
1488065466,-43.00518,-22.82115
1488065481,-43.0045,-22.8201
1488065486,-43.00541,-22.82115
1488065491,-43.0048,-22.82112
1488067181,-43.00541,-22.82115
1488072417,-43.00855,-22.83777
1488072421,-43.00934,-22.83792
1488072422,-43.01004,-22.83784
