1489076095,-46.67675,-23.49651
1489076100,-46.67629,-23.49686
1489076103,-46.67621,-23.4971
1489076104,-46.67621,-23.4971
1489076106,-46.67624,-23.49738
1489076107,-46.67624,-23.49738
1489076109,-46.67622,-23.49757
1489076119,-46.67637,-23.49766
1489076127,-46.67684,-23.49763
1489076131,-46.67706,-23.49763
1489076134,-46.6773,-23.49763
1489076145,-46.67735,-23.49763
1489076180,-46.67785,-23.49961
1489076183,-46.67793,-23.49981
1489076186,-46.67802,-23.50008
1489076197,-46.67834,-23.50109
1489076228,-46.67974,-23.50214
1489076229,-46.67974,-23.50213
1489076230,-46.67974,-23.50213
1489076231,-46.67974,-23.50213
1489076232,-46.67974,-23.50213
1489076233,-46.67974,-23.50213
1489076234,-46.67974,-23.50213
1489076235,-46.67983,-23.50213
1489076236,-46.67983,-23.50213
1489076237,-46.67987,-23.50213
1489076238,-46.67987,-23.50213
1489076239,-46.67992,-23.50214
1489076240,-46.67992,-23.50214
1489076241,-46.68001,-23.50216
1489076242,-46.68007,-23.50217
1489076243,-46.68013,-23.50218
1489076244,-46.68013,-23.50218
1489076245,-46.68027,-23.5022
1489076246,-46.68039,-23.50222
1489076247,-46.68046,-23.50223
1489076248,-46.68052,-23.50224
1489076249,-46.68052,-23.50224
1489076250,-46.68066,-23.50227
1489076251,-46.68073,-23.50228
1489076252,-46.68079,-23.50228
1489076253,-46.68079,-23.50228
1489076254,-46.68079,-23.50228
1489076255,-46.68087,-23.50229
1489076256,-46.68087,-23.50229
1489076257,-46.68092,-23.50229
1489076258,-46.68093,-23.5023
1489076259,-46.68093,-23.5023
1489076260,-46.68098,-23.5023
1489076261,-46.681,-23.5023
1489076262,-46.681,-23.5023
1489076263,-46.68104,-23.50231
1489076264,-46.68106,-23.50231
1489076265,-46.68109,-23.50232
1489076266,-46.68113,-23.50233
1489076267,-46.68118,-23.50234
1489076268,-46.68118,-23.50234
1489076269,-46.68118,-23.50234
1489076270,-46.68136,-23.50237
1489076271,-46.68141,-23.50238
1489076272,-46.68146,-23.50239
1489076273,-46.68146,-23.50239
1489076274,-46.68146,-23.50239
1489076275,-46.68159,-23.5024
1489076276,-46.68165,-23.50241
1489076277,-46.68165,-23.50241
1489076278,-46.68179,-23.50243
1489076286,-46.68205,-23.50246
1489076296,-46.68207,-23.50247
1489076306,-46.68207,-23.50247
1489076316,-46.68214,-23.50256
1489076317,-46.68214,-23.50256
1489076328,-46.68211,-23.50269
1489076338,-46.68208,-23.50269
1489076348,-46.68208,-23.50269
1489076352,-46.68208,-23.50269
1489076359,-46.68208,-23.50269
1489076370,-46.68208,-23.50269
1489076381,-46.68208,-23.50269
1489076392,-46.68208,-23.50269
1489076403,-46.68208,-23.50269
1489076414,-46.68208,-23.50269
1489076439,-46.68208,-23.50269
1489076442,-46.68208,-23.50269
1489076450,-46.68208,-23.50269
1489076461,-46.68208,-23.50269
1489076471,-46.68208,-23.50269
1489076481,-46.68208,-23.50269
1489076492,-46.68208,-23.50269
1489076503,-46.68208,-23.50269
1489076514,-46.68208,-23.50269
1489076524,-46.68208,-23.50269
1489076555,-46.68208,-23.50269
1489076566,-46.68208,-23.50269
1489076576,-46.68208,-23.50269
1489076586,-46.68208,-23.50269
1489076609,-46.68208,-23.50269
1489076619,-46.68208,-23.50269
1489076630,-46.68208,-23.50269
1489076642,-46.68208,-23.50269
1489076664,-46.68208,-23.50269
1489076686,-46.68208,-23.50269
1489076711,-46.68208,-23.50269
1489076722,-46.68208,-23.50269
1489076736,-46.68208,-23.50269
1489076747,-46.68208,-23.50269
1489076758,-46.68208,-23.50269
1489076769,-46.68208,-23.50269
1489076780,-46.68208,-23.50269
1489076791,-46.68209,-23.50269
1489076803,-46.68209,-23.50269
1489076814,-46.6821,-23.50269
1489076825,-46.68214,-23.50268
1489076836,-46.68214,-23.50255
1489076846,-46.68214,-23.50255
1489076857,-46.68214,-23.50255
1489076868,-46.68214,-23.50255
1489076889,-46.68211,-23.50251
1489076897,-46.68155,-23.50244
1489076901,-46.6813,-23.50239
1489076904,-46.6811,-23.50238
1489076913,-46.68112,-23.50268
1489076917,-46.68121,-23.50302
1489076920,-46.68119,-23.50327
1489076922,-46.68117,-23.50347
1489076923,-46.68115,-23.50366
1489076927,-46.68115,-23.50389
1489076938,-46.6815,-23.50397
1489076958,-46.68166,-23.50415
1489076968,-46.68166,-23.50415
1489076995,-46.68164,-23.50498
1489076997,-46.68163,-23.50523
1489076998,-46.6816,-23.50546
1489077000,-46.68157,-23.50572
1489077011,-46.6815,-23.50694
1489077015,-46.68149,-23.50717
1489077019,-46.68144,-23.50747
1489077020,-46.68143,-23.50766
1489077022,-46.68142,-23.50786
1489077027,-46.68139,-23.50829
1489077033,-46.68121,-23.50869
1489077037,-46.681,-23.5088
1489077040,-46.68074,-23.50892
1489077042,-46.68049,-23.50903
1489077047,-46.68042,-23.50926
1489077056,-46.68077,-23.50998
1489077060,-46.68095,-23.51021
1489077064,-46.68113,-23.5104
1489077071,-46.68138,-23.51032
1489077073,-46.6816,-23.51017
1489077076,-46.68178,-23.51006
1489077083,-46.68239,-23.50972
1489077088,-46.68287,-23.5095
1489077090,-46.68317,-23.50938
1489077097,-46.68379,-23.50916
1489077099,-46.68401,-23.50909
1489077100,-46.68422,-23.50904
1489077104,-46.6845,-23.509
1489077106,-46.6847,-23.50897
1489077109,-46.68501,-23.50892
1489077121,-46.68625,-23.50876
1489077126,-46.68679,-23.50867
1489077129,-46.68714,-23.5086
1489077131,-46.68738,-23.50856
1489077132,-46.68762,-23.50851
1489077135,-46.68785,-23.50847
1489077137,-46.68809,-23.50843
1489077139,-46.68832,-23.50839
1489077140,-46.68854,-23.50836
1489077144,-46.68887,-23.5083
1489077154,-46.68993,-23.50812
1489077160,-46.69056,-23.508
1489077162,-46.69076,-23.50795
1489077164,-46.69097,-23.5079
1489077170,-46.69153,-23.50777
1489077172,-46.69175,-23.50771
1489077174,-46.69196,-23.50766
1489077176,-46.69227,-23.50758
1489077179,-46.6925,-23.50753
1489077181,-46.69277,-23.50747
1489077184,-46.69331,-23.50733
1489077187,-46.69372,-23.50723
1489077192,-46.69421,-23.50713
1489077193,-46.69446,-23.5071
1489077195,-46.69473,-23.50707
1489077198,-46.69502,-23.50703
1489077201,-46.69546,-23.50699
1489077203,-46.69588,-23.50696
1489077209,-46.69659,-23.50695
1489077212,-46.69703,-23.50697
1489077218,-46.69793,-23.50705
1489077223,-46.69864,-23.50713
1489077224,-46.69892,-23.50717
1489077225,-46.69892,-23.50717
1489077231,-46.6999,-23.50728
1489077235,-46.70049,-23.50734
1489077236,-46.70049,-23.50734
1489077238,-46.70094,-23.50738
1489077239,-46.70094,-23.50738
1489077241,-46.70139,-23.50743
1489077244,-46.70167,-23.50746
1489077245,-46.70195,-23.50749
1489077252,-46.70296,-23.5076
1489077254,-46.70327,-23.50763
1489077258,-46.70373,-23.50768
1489077260,-46.70416,-23.50772
1489077261,-46.70416,-23.50772
1489077264,-46.70461,-23.50777
1489077266,-46.70491,-23.5078
1489077268,-46.7052,-23.50783
1489077270,-46.70564,-23.50788
1489077274,-46.70608,-23.50793
1489077278,-46.70683,-23.50798
1489077279,-46.70683,-23.50798
1489077290,-46.70866,-23.50792
1489077291,-46.70866,-23.50792
1489077292,-46.70895,-23.50788
1489077297,-46.70956,-23.50781
1489077298,-46.70986,-23.50778
1489077301,-46.71033,-23.50772
1489077302,-46.71033,-23.50772
1489077304,-46.71065,-23.50769
1489077306,-46.71112,-23.50764
1489077307,-46.71112,-23.50764
1489077309,-46.71157,-23.50759
1489077310,-46.71157,-23.50759
1489077312,-46.712,-23.50755
1489077328,-46.71421,-23.50739
1489077333,-46.71508,-23.50732
1489077336,-46.71539,-23.50728
1489077339,-46.71582,-23.50723
1489077340,-46.71611,-23.50719
1489077342,-46.71637,-23.50717
1489077345,-46.71665,-23.50717
1489077347,-46.71693,-23.50718
1489077357,-46.71845,-23.50739
1489077362,-46.719,-23.50753
1489077364,-46.71943,-23.50768
1489077365,-46.71943,-23.50768
1489077366,-46.71973,-23.5078
1489077372,-46.72041,-23.50817
1489077374,-46.72078,-23.50842
1489077376,-46.72101,-23.5086
1489077378,-46.72122,-23.5088
1489077392,-46.72234,-23.51027
1489077396,-46.72267,-23.51082
1489077399,-46.72281,-23.51101
1489077404,-46.72318,-23.51149
1489077405,-46.72334,-23.51168
1489077408,-46.72352,-23.51187
1489077410,-46.72373,-23.51206
1489077412,-46.72393,-23.51223
1489077414,-46.72423,-23.51249
1489077425,-46.72551,-23.51333
1489077428,-46.72575,-23.51348
1489077430,-46.726,-23.51363
1489077434,-46.72669,-23.51403
1489077437,-46.7271,-23.51424
1489077444,-46.72788,-23.51467
1489077445,-46.72814,-23.51481
1489077447,-46.72841,-23.51496
1489077450,-46.72867,-23.5151
1489077459,-46.72988,-23.51575
1489077463,-46.73053,-23.51611
1489077471,-46.7316,-23.51665
1489077474,-46.73186,-23.51675
1489077476,-46.73212,-23.51683
1489077478,-46.73238,-23.5169
1489077480,-46.73281,-23.51697
1489077483,-46.7331,-23.517
1489077492,-46.73427,-23.51702
1489077503,-46.73574,-23.51696
1489077505,-46.73615,-23.51696
1489077507,-46.7364,-23.51696
1489077511,-46.73678,-23.51696
1489077513,-46.73706,-23.51696
1489077514,-46.73732,-23.51697
1489077529,-46.73959,-23.51696
1489077531,-46.73989,-23.51694
1489077538,-46.74093,-23.5169
1489077542,-46.74138,-23.51689
1489077544,-46.74168,-23.51687
1489077546,-46.74198,-23.51686
1489077547,-46.74229,-23.51685
1489077551,-46.74274,-23.51685
1489077553,-46.74303,-23.51687
1489077559,-46.74388,-23.51704
1489077565,-46.7448,-23.51745
1489077566,-46.7448,-23.51745
1489077569,-46.74518,-23.51771
1489077571,-46.74555,-23.51799
1489077572,-46.74555,-23.51799
1489077574,-46.74593,-23.51827
1489077579,-46.7464,-23.51864
1489077582,-46.74683,-23.51906
1489077586,-46.74711,-23.5194
1489077587,-46.74721,-23.51953
1489077588,-46.74741,-23.5198
1489077591,-46.74764,-23.52022
1489077601,-46.74822,-23.52162
1489077603,-46.7484,-23.5221
1489077607,-46.74862,-23.52257
1489077616,-46.74936,-23.52404
1489077617,-46.74944,-23.52419
1489077620,-46.74959,-23.52449
1489077623,-46.74986,-23.52508
1489077631,-46.75024,-23.52618
1489077632,-46.75031,-23.5265
1489077637,-46.75043,-23.52713
1489077639,-46.75048,-23.52747
1489077643,-46.75053,-23.5283
1489077645,-46.75053,-23.52863
1489077648,-46.75052,-23.52896
1489077649,-46.75051,-23.52929
1489077650,-46.75051,-23.52929
1489077655,-46.75045,-23.53014
1489077670,-46.74994,-23.53275
1489077674,-46.74969,-23.53319
1489077676,-46.74949,-23.53347
1489077677,-46.74925,-23.53374
1489077680,-46.74899,-23.534
1489077682,-46.74872,-23.53424
1489077684,-46.74845,-23.53448
1489077686,-46.74803,-23.53483
1489077706,-46.74572,-23.53685
1489077712,-46.74503,-23.53747
1489077714,-46.74469,-23.53777
1489077715,-46.74469,-23.53777
1489077717,-46.74446,-23.53798
1489077719,-46.74423,-23.53818
1489077721,-46.7439,-23.53847
1489077722,-46.7439,-23.53847
1489077737,-46.74247,-23.53975
1489077738,-46.74227,-23.53993
1489077739,-46.74227,-23.53993
1489077742,-46.74187,-23.54028
1489077745,-46.74166,-23.54048
1489077747,-46.74139,-23.54073
1489077752,-46.74088,-23.54118
1489077753,-46.74088,-23.54118
1489077754,-46.74066,-23.54137
1489077755,-46.74066,-23.54137
1489077758,-46.74032,-23.54166
1489077763,-46.73972,-23.54219
1489077766,-46.73935,-23.54251
1489077768,-46.73897,-23.54285
1489077775,-46.7381,-23.54365
1489077776,-46.7381,-23.54365
1489077780,-46.73744,-23.54423
1489077781,-46.73744,-23.54423
1489077783,-46.73717,-23.54446
1489077785,-46.73689,-23.54468
1489077790,-46.73617,-23.54523
1489077792,-46.73603,-23.54534
1489077804,-46.73408,-23.54702
1489077806,-46.73383,-23.5473
1489077809,-46.73359,-23.54756
1489077811,-46.73321,-23.54796
1489077812,-46.73321,-23.54796
1489077813,-46.73295,-23.54821
1489077816,-46.73269,-23.54845
1489077818,-46.73226,-23.54881
1489077819,-46.73226,-23.54881
1489077822,-46.73168,-23.54925
1489077834,-46.72995,-23.55031
1489077837,-46.72943,-23.55057
1489077839,-46.72907,-23.55074
1489077841,-46.72855,-23.55099
1489077846,-46.72785,-23.55133
1489077849,-46.72732,-23.55158
1489077850,-46.72715,-23.55167
1489077851,-46.72681,-23.55183
1489077852,-46.72681,-23.55183
1489077854,-46.7263,-23.55207
1489077862,-46.72508,-23.55266
1489077867,-46.72422,-23.55308
1489077869,-46.72389,-23.55325
1489077870,-46.72372,-23.55333
1489077873,-46.723,-23.55369
1489077874,-46.723,-23.55369
1489077875,-46.72265,-23.55386
1489077876,-46.72265,-23.55386
1489077879,-46.72216,-23.55411
1489077882,-46.72148,-23.55444
1489077885,-46.72098,-23.55468
1489077888,-46.72065,-23.55484
1489077890,-46.72032,-23.55501
1489077891,-46.71999,-23.55517
1489077899,-46.71887,-23.55571
1489077902,-46.71834,-23.55597
1489077905,-46.71807,-23.55609
1489077907,-46.71781,-23.55622
1489077915,-46.71673,-23.55676
1489077917,-46.71644,-23.5569
1489077918,-46.71616,-23.55704
1489077920,-46.71588,-23.55717
1489077923,-46.71559,-23.55731
1489077925,-46.71531,-23.55745
1489077927,-46.71502,-23.5576
1489077929,-46.71459,-23.55781
1489077940,-46.71327,-23.55847
1489077943,-46.71291,-23.55865
1489077947,-46.71245,-23.55887
1489077949,-46.71223,-23.55898
1489077950,-46.71203,-23.55908
1489077953,-46.71179,-23.55921
1489077957,-46.71153,-23.55932
1489077960,-46.71129,-23.55943
1489077962,-46.71105,-23.55955
1489077975,-46.70994,-23.56009
1489077977,-46.70959,-23.56026
1489077982,-46.7091,-23.5605
1489077984,-46.70874,-23.56069
1489077986,-46.70849,-23.56084
1489077990,-46.70814,-23.56106
1489077992,-46.70791,-23.56122
1489078016,-46.7059,-23.56332
1489078018,-46.70576,-23.56357
1489078019,-46.70576,-23.56357
1489078022,-46.70566,-23.56375
1489078025,-46.70557,-23.56395
1489078026,-46.70557,-23.56395
1489078030,-46.70549,-23.56413
1489078043,-46.70519,-23.56487
1489078045,-46.70513,-23.56504
1489078048,-46.70502,-23.56533
1489078051,-46.70492,-23.56562
1489078053,-46.70485,-23.56581
1489078055,-46.70477,-23.56602
1489078056,-46.7047,-23.56622
1489078060,-46.70461,-23.56649
1489078062,-46.70451,-23.56677
1489078063,-46.70451,-23.56677
1489078076,-46.70397,-23.56828
1489078078,-46.70385,-23.56863
1489078079,-46.70385,-23.56863
1489078084,-46.70355,-23.56943
1489078088,-46.70329,-23.56996
1489078090,-46.70315,-23.57023
1489078091,-46.70315,-23.57023
1489078093,-46.70294,-23.57055
1489078094,-46.70294,-23.57055
1489078096,-46.70271,-23.57089
1489078097,-46.70271,-23.57089
1489078099,-46.70254,-23.57113
1489078100,-46.70239,-23.57136
1489078117,-46.70188,-23.5721
1489078118,-46.70188,-23.5721
1489078119,-46.70121,-23.57288
1489078120,-46.70102,-23.57307
1489078121,-46.70102,-23.57307
1489078123,-46.70083,-23.57326
1489078125,-46.70056,-23.57353
1489078145,-46.69938,-23.57466
1489078150,-46.69916,-23.57485
1489078154,-46.699,-23.57502
1489078156,-46.69886,-23.57514
1489078157,-46.69886,-23.57514
1489078160,-46.69871,-23.57528
1489078163,-46.69857,-23.57544
1489078165,-46.69844,-23.57559
1489078173,-46.69809,-23.57599
1489078177,-46.69785,-23.57626
1489078180,-46.69768,-23.57646
1489078186,-46.69739,-23.57685
1489078189,-46.69727,-23.57704
1489078191,-46.69714,-23.57723
1489078192,-46.69714,-23.57723
1489078195,-46.69701,-23.57746
1489078201,-46.69676,-23.57788
1489078203,-46.69665,-23.57807
1489078206,-46.69655,-23.57823
1489078211,-46.69643,-23.57843
1489078216,-46.69628,-23.57866
1489078217,-46.69628,-23.57866
1489078224,-46.6961,-23.57903
1489078229,-46.696,-23.57923
1489078237,-46.69571,-23.57974
1489078247,-46.69538,-23.58032
1489078248,-46.69538,-23.58032
1489078251,-46.69528,-23.58051
1489078252,-46.69528,-23.58051
1489078255,-46.69519,-23.58069
1489078261,-46.69491,-23.58115
1489078262,-46.69491,-23.58115
1489078276,-46.69475,-23.58138
1489078277,-46.69475,-23.58138
1489078287,-46.69475,-23.58138
1489078290,-46.69464,-23.58161
1489078291,-46.69464,-23.58161
1489078293,-46.69454,-23.5818
1489078302,-46.69423,-23.58228
1489078307,-46.69399,-23.58268
1489078312,-46.69384,-23.58293
1489078315,-46.69372,-23.58314
1489078316,-46.69372,-23.58314
1489078321,-46.69362,-23.58331
1489078331,-46.69349,-23.58355
1489078339,-46.69327,-23.584
1489078344,-46.69316,-23.58421
1489078345,-46.69316,-23.58421
1489078353,-46.69305,-23.58436
1489078358,-46.69293,-23.58456
1489078379,-46.69268,-23.58514
1489078385,-46.69259,-23.58534
1489078393,-46.69255,-23.58553
1489078398,-46.69246,-23.58573
1489078409,-46.69239,-23.58587
1489078413,-46.69236,-23.58605
1489078418,-46.69235,-23.58624
1489078423,-46.69235,-23.58644
1489078441,-46.69281,-23.58785
1489078450,-46.69301,-23.58752
1489078458,-46.69292,-23.58703
1489078465,-46.69235,-23.5869
1489078466,-46.69235,-23.5869
1489078468,-46.69213,-23.58688
1489078471,-46.69186,-23.58687
1489078473,-46.69164,-23.58687
1489078474,-46.69164,-23.58687
1489078478,-46.69142,-23.58688
1489078488,-46.69124,-23.58688
1489078494,-46.69102,-23.58686
1489078496,-46.69094,-23.58685
1489078504,-46.69086,-23.58684
1489078516,-46.69075,-23.58683
1489078526,-46.69075,-23.58683
1489078527,-46.69075,-23.58683
1489078536,-46.6907,-23.58682
1489078546,-46.69049,-23.58681
1489078547,-46.69049,-23.58681
1489078557,-46.69034,-23.5868
1489078558,-46.69034,-23.5868
1489078563,-46.69012,-23.58678
1489078573,-46.68999,-23.58675
1489078578,-46.68982,-23.58667
1489078579,-46.6898,-23.58666
1489078585,-46.68964,-23.58653
1489078586,-46.68964,-23.58653
1489078589,-46.68947,-23.58637
1489078592,-46.68928,-23.58618
1489078593,-46.68928,-23.58618
1489078606,-46.68895,-23.58584
1489078613,-46.68843,-23.58574
1489078616,-46.68808,-23.58575
1489078619,-46.68786,-23.58575
1489078624,-46.68724,-23.58587
1489078626,-46.68693,-23.58613
1489078637,-46.68691,-23.58626
1489078651,-46.68687,-23.58643
1489078658,-46.68669,-23.58693
1489078662,-46.68664,-23.58734
1489078663,-46.68669,-23.58752
1489078677,-46.68697,-23.58806
1489078679,-46.68709,-23.58821
1489078680,-46.68726,-23.58837
1489078683,-46.68745,-23.58846
1489078686,-46.68773,-23.58863
1489078687,-46.68791,-23.58873
1489078688,-46.68791,-23.58873
1489078692,-46.68806,-23.58887
1489078703,-46.68806,-23.58888
1489078708,-46.68815,-23.58908
1489078715,-46.68823,-23.58925
1489078716,-46.68823,-23.58925
1489078726,-46.68826,-23.58932
1489078746,-46.68826,-23.58932
1489078756,-46.68826,-23.58932
1489078757,-46.68826,-23.58932
1489078767,-46.68826,-23.58932
1489078777,-46.68832,-23.58947
1489078778,-46.68832,-23.58947
1489078787,-46.68832,-23.58947
1489078788,-46.68832,-23.58947
1489078798,-46.68832,-23.58947
1489078808,-46.68832,-23.58947
1489078818,-46.68832,-23.58947
1489078819,-46.68832,-23.58947
1489078828,-46.68832,-23.58947
1489078838,-46.68834,-23.58956
1489078849,-46.68837,-23.58969
1489078859,-46.68837,-23.58969
1489078860,-46.68837,-23.58969
1489078879,-46.68837,-23.58969
1489078880,-46.68837,-23.58969
1489078890,-46.68837,-23.58969
1489078901,-46.68843,-23.58981
1489078906,-46.68846,-23.59004
1489078911,-46.68859,-23.59044
1489078915,-46.68866,-23.59062
1489078923,-46.68876,-23.59084
1489078928,-46.68882,-23.59099
1489078930,-46.68885,-23.59106
1489078938,-46.68887,-23.59111
1489078948,-46.68893,-23.59128
1489078949,-46.68893,-23.59128
1489078959,-46.68893,-23.59133
1489078979,-46.68893,-23.59133
1489078989,-46.68893,-23.59133
1489078990,-46.68893,-23.59133
1489079010,-46.68893,-23.59133
1489079020,-46.68893,-23.59133
1489079031,-46.68893,-23.59133
1489079041,-46.68893,-23.59133
1489079048,-46.68892,-23.59155
1489079052,-46.6888,-23.59132
1489079057,-46.68878,-23.59114
1489079067,-46.68877,-23.5911
1489079077,-46.68877,-23.5911
1489079088,-46.68877,-23.5911
1489079095,-46.68869,-23.5909
1489079103,-46.68832,-23.59076
1489079107,-46.68808,-23.59084
1489079108,-46.68789,-23.59092
1489079109,-46.68789,-23.59092
1489079111,-46.68756,-23.59101
1489079117,-46.68734,-23.59099
1489079122,-46.68731,-23.5908
1489079126,-46.6873,-23.59061
1489079128,-46.68731,-23.59038
1489079137,-46.6871,-23.59005
1489079140,-46.68686,-23.58999
1489079144,-46.6866,-23.58993
1489079148,-46.68624,-23.58983
1489079154,-46.68591,-23.58974
1489079171,-46.68497,-23.58948
1489079179,-46.68481,-23.58966
1489079182,-46.68474,-23.58985
1489079186,-46.68471,-23.59003
1489079196,-46.68456,-23.59018
1489079205,-46.68376,-23.59002
1489079212,-46.68328,-23.58988
1489079223,-46.68295,-23.59011
1489079227,-46.68271,-23.59011
1489079233,-46.68251,-23.59005
1489079242,-46.68232,-23.59054
1489079248,-46.68247,-23.59069
1489079250,-46.6825,-23.5907
1489079252,-46.68271,-23.59076
1489079253,-46.68271,-23.59076
1489079259,-46.68337,-23.59092
1489079269,-46.68439,-23.59124
1489079279,-46.68441,-23.59124
1489079280,-46.68441,-23.59124
1489079290,-46.68441,-23.59124
1489079300,-46.68441,-23.59124
1489079310,-46.68432,-23.59117
1489079321,-46.68432,-23.59117
1489079328,-46.68427,-23.59135
1489079338,-46.68427,-23.59135
1489079348,-46.68436,-23.59149
1489079349,-46.68436,-23.59149
1489079355,-46.68461,-23.59104
1489079356,-46.68461,-23.59104
1489079369,-46.68436,-23.59149
1489079379,-46.68436,-23.59149
1489079388,-46.6844,-23.5913
1489079389,-46.6844,-23.5913
1489079403,-46.68486,-23.59085
1489079404,-46.68486,-23.59085
1489079414,-46.6849,-23.59083
1489079415,-46.68453,-23.59102
1489079416,-46.68453,-23.59102
1489079424,-46.68471,-23.59117
1489079447,-46.68453,-23.59102
1489079448,-46.68478,-23.59111
1489079468,-46.68478,-23.59111
1489079477,-46.68448,-23.59145
1489079478,-46.68448,-23.59145
1489079488,-46.68448,-23.59145
1489079499,-46.68459,-23.59144
1489079507,-46.68449,-23.59104
1489079508,-46.68459,-23.59144
1489079509,-46.68459,-23.59144
1489079515,-46.68459,-23.59144
