1489439675,-46.65784,-23.56797
1489439681,-46.65784,-23.56797
1489439692,-46.6579,-23.56795
1489439702,-46.65784,-23.56797
1489439726,-46.65783,-23.56798
1489439736,-46.65783,-23.56799
1489439748,-46.65782,-23.56799
1489439759,-46.65782,-23.568
1489439770,-46.65782,-23.568
1489439781,-46.65782,-23.568
1489439786,-46.65782,-23.568
1489439791,-46.65782,-23.568
1489439793,-46.65752,-23.56864
1489439799,-46.65752,-23.56864
1489439804,-46.65722,-23.56876
1489439810,-46.65752,-23.56864
1489439821,-46.65752,-23.56864
1489439826,-46.65684,-23.5693
1489439844,-46.65781,-23.56801
1489439863,-46.65677,-23.56935
1489439866,-46.65586,-23.56836
1489439899,-46.65616,-23.56824
1489439909,-46.65624,-23.56805
1489439919,-46.65624,-23.56805
1489439930,-46.65624,-23.56805
1489439949,-46.6565,-23.56788
1489439955,-46.65677,-23.56763
1489439966,-46.65677,-23.56756
1489439976,-46.65684,-23.56751
1489439986,-46.65677,-23.56735
1489439996,-46.65699,-23.56764
1489440006,-46.65699,-23.56764
1489440016,-46.65699,-23.56764
1489440027,-46.65699,-23.56756
1489440043,-46.65842,-23.56749
1489440047,-46.65802,-23.56802
1489440051,-46.65796,-23.56824
1489440062,-46.65828,-23.56858
1489440073,-46.65898,-23.56949
1489440078,-46.65937,-23.56942
1489440088,-46.6594,-23.56955
1489440093,-46.65902,-23.57007
1489440102,-46.6585,-23.56846
1489440113,-46.6585,-23.56846
1489440114,-46.65933,-23.56926
1489440134,-46.65933,-23.56934
1489440138,-46.65933,-23.56964
1489440143,-46.65963,-23.56952
1489440152,-46.66026,-23.5697
1489440163,-46.66038,-23.56965
1489440165,-46.66039,-23.56928
1489440170,-46.66021,-23.56918
1489440177,-46.66032,-23.56913
1489440186,-46.66034,-23.56893
1489440192,-46.6605,-23.56881
1489440203,-46.66056,-23.56879
1489440213,-46.66024,-23.56906
1489440214,-46.66048,-23.56886
1489440218,-46.66039,-23.56866
1489440228,-46.66043,-23.56866
1489440233,-46.66031,-23.56901
1489440256,-46.66031,-23.56901
1489440267,-46.66031,-23.56893
1489440271,-46.66047,-23.5683
1489440280,-46.66041,-23.56798
1489440290,-46.66045,-23.56807
1489440292,-46.66047,-23.56841
1489440295,-46.66045,-23.56886
1489440297,-46.66048,-23.56923
1489440307,-46.66042,-23.56921
1489440333,-46.66043,-23.56864
1489440343,-46.66061,-23.56867
1489440348,-46.66061,-23.56889
1489440359,-46.66061,-23.56889
1489440369,-46.6625,-23.57066
1489440371,-46.6625,-23.57123
1489440378,-46.6628,-23.57105
1489440388,-46.66319,-23.57142
1489440393,-46.66354,-23.57163
1489440395,-46.6638,-23.57173
1489440399,-46.66409,-23.57188
1489440407,-46.66472,-23.57225
1489440421,-46.66575,-23.57283
1489440427,-46.66627,-23.5732
1489440428,-46.66291,-23.57091
1489440431,-46.66661,-23.57339
1489440437,-46.66708,-23.5738
1489440442,-46.66735,-23.57398
1489440443,-46.66748,-23.57416
1489440449,-46.66729,-23.57407
1489440452,-46.66796,-23.57415
1489440453,-46.66826,-23.57419
1489440457,-46.66839,-23.5744
1489440461,-46.66865,-23.57463
1489440464,-46.66881,-23.57477
1489440465,-46.66895,-23.57494
1489440475,-46.66903,-23.57506
1489440480,-46.67003,-23.57595
1489440481,-46.67019,-23.57615
1489440485,-46.67053,-23.57641
1489440487,-46.67074,-23.57652
1489440492,-46.67091,-23.5767
1489440497,-46.67082,-23.57696
1489440513,-46.67081,-23.57672
1489440523,-46.67083,-23.57678
1489440534,-46.67081,-23.57667
1489440554,-46.67067,-23.57656
1489440557,-46.67087,-23.57683
1489440560,-46.67074,-23.57667
1489440570,-46.67081,-23.57652
1489440590,-46.67076,-23.57651
1489440601,-46.67076,-23.57652
1489440609,-46.671,-23.57657
1489440618,-46.67057,-23.57665
1489440629,-46.67057,-23.57665
1489440631,-46.67258,-23.57689
1489440638,-46.67057,-23.57665
1489440654,-46.67216,-23.57727
1489440659,-46.67291,-23.57731
1489440669,-46.67291,-23.57731
1489440678,-46.67329,-23.57744
1489440684,-46.67495,-23.57861
1489440688,-46.67616,-23.57933
1489440699,-46.67616,-23.57933
1489440718,-46.67646,-23.57943
1489440732,-46.67653,-23.57946
1489440739,-46.67864,-23.58056
1489440749,-46.6788,-23.58046
1489440760,-46.67887,-23.58049
1489440768,-46.67864,-23.58041
1489440779,-46.6788,-23.58054
1489440790,-46.6788,-23.58046
1489440800,-46.6788,-23.58046
1489440810,-46.67925,-23.58047
1489440815,-46.67955,-23.5805
1489440833,-46.67966,-23.58058
1489440844,-46.67985,-23.58053
1489440855,-46.67985,-23.58053
1489440866,-46.67985,-23.58053
1489440867,-46.68295,-23.58034
1489440877,-46.6831,-23.58039
1489440898,-46.68318,-23.58015
1489440908,-46.68312,-23.58013
1489440919,-46.68307,-23.58019
1489440929,-46.68337,-23.58009
1489440934,-46.68361,-23.58009
1489440937,-46.68377,-23.58027
1489440940,-46.684,-23.58056
1489440945,-46.68408,-23.58076
1489440964,-46.68355,-23.58062
1489440972,-46.68378,-23.58018
1489440982,-46.68378,-23.58018
1489440992,-46.68378,-23.58018
1489441004,-46.68378,-23.58018
1489441006,-46.68396,-23.58035
1489441016,-46.68396,-23.58035
1489441020,-46.68276,-23.58113
1489441045,-46.68457,-23.58056
1489441049,-46.68396,-23.58065
1489441055,-46.68396,-23.58035
1489441070,-46.68487,-23.58096
1489441083,-46.68487,-23.58096
1489441090,-46.68698,-23.58378
1489441100,-46.68698,-23.58378
1489441102,-46.68821,-23.58478
1489441121,-46.68838,-23.58527
1489441138,-46.68886,-23.58555
1489441142,-46.68861,-23.5852
1489441147,-46.68919,-23.58591
1489441150,-46.68941,-23.58594
1489441167,-46.68965,-23.58629
1489441178,-46.68988,-23.58632
1489441197,-46.6904,-23.58658
1489441200,-46.69062,-23.58658
1489441211,-46.6909,-23.58662
1489441214,-46.69124,-23.58668
1489441220,-46.69148,-23.58668
1489441231,-46.69171,-23.5867
1489441234,-46.69188,-23.58661
1489441239,-46.69211,-23.58665
1489441248,-46.69277,-23.58659
1489441253,-46.693,-23.58661
1489441256,-46.69318,-23.58651
1489441260,-46.69324,-23.58633
1489441264,-46.69322,-23.58613
1489441275,-46.69318,-23.58593
1489441283,-46.69322,-23.5857
1489441288,-46.69281,-23.58539
1489441295,-46.69233,-23.58543
1489441299,-46.69216,-23.58617
1489441303,-46.69336,-23.58572
1489441310,-46.69222,-23.5867
1489441318,-46.69217,-23.5874
1489441320,-46.69219,-23.58759
1489441342,-46.69349,-23.59014
1489441344,-46.69359,-23.59046
1489441355,-46.69464,-23.59147
1489441356,-46.69461,-23.59177
1489441371,-46.69409,-23.59369
1489441376,-46.69347,-23.59474
1489441388,-46.69201,-23.5961
1489441390,-46.69186,-23.59626
1489441392,-46.69175,-23.59648
1489441396,-46.6914,-23.59678
1489441406,-46.69078,-23.59825
1489441410,-46.69067,-23.59887
1489441428,-46.69133,-23.60109
1489441433,-46.69159,-23.60175
1489441434,-46.69167,-23.60193
1489441436,-46.69175,-23.60214
1489441445,-46.69204,-23.6017
1489441449,-46.69204,-23.6017
1489441455,-46.69204,-23.6017
1489441465,-46.692,-23.60179
1489441474,-46.69178,-23.60268
1489441489,-46.69241,-23.60406
1489441501,-46.69211,-23.60441
1489441504,-46.693,-23.60552
1489441507,-46.69306,-23.60589
1489441511,-46.69323,-23.60618
1489441532,-46.69386,-23.60759
1489441541,-46.69433,-23.60856
1489441550,-46.69463,-23.60909
1489441560,-46.69468,-23.60925
1489441563,-46.69458,-23.60948
1489441565,-46.69336,-23.60726
1489441575,-46.69336,-23.60726
1489441584,-46.69464,-23.61008
1489441605,-46.69464,-23.61008
1489441617,-46.69449,-23.61018
1489441625,-46.69497,-23.61045
1489441627,-46.69464,-23.61038
1489441639,-46.69511,-23.6112
1489441647,-46.69476,-23.61038
1489441662,-46.69545,-23.61181
1489441666,-46.69476,-23.61038
1489441680,-46.69557,-23.61184
1489441690,-46.69552,-23.61177
1489441695,-46.69557,-23.61196
1489441706,-46.69552,-23.61198
1489441716,-46.69557,-23.61216
1489441726,-46.69568,-23.61225
1489441739,-46.69585,-23.61263
1489441743,-46.69563,-23.61221
1489441763,-46.69563,-23.61229
1489441766,-46.69575,-23.61276
1489441786,-46.69574,-23.61278
1489441796,-46.69574,-23.61278
1489441817,-46.69576,-23.61271
1489441837,-46.69576,-23.61272
1489441841,-46.6957,-23.61313
1489441844,-46.69577,-23.61288
1489441854,-46.69578,-23.61302
1489441879,-46.69457,-23.61185
1489441888,-46.69555,-23.61308
1489441893,-46.69547,-23.6135
1489441899,-46.6958,-23.613
1489441905,-46.69635,-23.61453
1489441916,-46.69647,-23.61536
1489441919,-46.69677,-23.61579
1489441925,-46.69699,-23.61643
1489441936,-46.69727,-23.61729
1489441941,-46.69759,-23.61774
1489441953,-46.69791,-23.61836
1489441956,-46.69751,-23.61748
1489441960,-46.69801,-23.61904
1489441965,-46.69819,-23.61961
1489441969,-46.69837,-23.62
1489441980,-46.69842,-23.62038
1489441983,-46.69841,-23.62066
1489441989,-46.69842,-23.6209
1489442007,-46.69819,-23.6201
1489442019,-46.69843,-23.62086
1489442030,-46.69865,-23.6213
1489442032,-46.69844,-23.62089
1489442066,-46.69884,-23.62147
1489442069,-46.6991,-23.62183
1489442079,-46.6991,-23.62196
1489442084,-46.6994,-23.62258
1489442101,-46.69978,-23.6233
1489442111,-46.69906,-23.62253
1489442132,-46.70023,-23.62394
1489442142,-46.70128,-23.62517
1489442145,-46.70147,-23.62536
1489442149,-46.70166,-23.62543
1489442164,-46.70194,-23.62541
