1490038698,-46.62536,-23.51616
1490038703,-46.62536,-23.51616
1490038704,-46.62536,-23.51616
1490038714,-46.62536,-23.51616
1490038725,-46.6255,-23.51694
1490038731,-46.62562,-23.51771
1490038732,-46.62573,-23.51793
1490038740,-46.62657,-23.51837
1490038742,-46.62685,-23.51839
1490038748,-46.6275,-23.51838
1490038752,-46.62802,-23.51837
1490038758,-46.62882,-23.5184
1490038760,-46.62911,-23.51838
1490038764,-46.62972,-23.51828
1490038766,-46.63001,-23.51827
1490038774,-46.63101,-23.51833
1490038776,-46.63122,-23.51838
1490038778,-46.63151,-23.51843
1490038779,-46.63174,-23.51844
1490038782,-46.632,-23.5184
1490038784,-46.63226,-23.51834
1490038786,-46.63258,-23.51833
1490038788,-46.63287,-23.5183
1490038794,-46.63381,-23.51826
1490038796,-46.63414,-23.51829
1490038800,-46.63467,-23.51818
1490038802,-46.63494,-23.51819
1490038804,-46.6353,-23.5181
1490038806,-46.63554,-23.51806
1490038810,-46.63619,-23.51806
1490038812,-46.63655,-23.51804
1490038814,-46.63694,-23.51793
1490038816,-46.63728,-23.51793
1490038820,-46.63793,-23.51783
1490038828,-46.63925,-23.51767
1490038834,-46.64008,-23.51783
1490038838,-46.64065,-23.5177
1490038840,-46.64093,-23.51768
1490038842,-46.64116,-23.51763
1490038844,-46.64145,-23.51761
1490038846,-46.64182,-23.51764
1490038850,-46.64241,-23.51754
1490038852,-46.64271,-23.51745
1490038853,-46.64308,-23.51746
1490038860,-46.64417,-23.51728
1490038862,-46.64448,-23.51721
1490038864,-46.64487,-23.51716
1490038866,-46.64525,-23.51711
1490038870,-46.64592,-23.51704
1490038874,-46.64665,-23.51704
1490038876,-46.64702,-23.51704
1490038880,-46.64771,-23.51698
1490038886,-46.64863,-23.51686
1490038887,-46.64895,-23.51683
1490038890,-46.64923,-23.51677
1490038894,-46.64983,-23.51669
1490038898,-46.65042,-23.51658
1490038900,-46.65065,-23.51651
1490038902,-46.65105,-23.5165
1490038904,-46.65137,-23.51644
1490038908,-46.65185,-23.51636
1490038910,-46.65215,-23.51632
1490038914,-46.6524,-23.51639
1490038916,-46.65306,-23.51626
1490038920,-46.65365,-23.51621
1490038928,-46.655,-23.51611
1490038930,-46.65524,-23.51609
1490038931,-46.65553,-23.51605
1490038940,-46.65639,-23.51591
1490038942,-46.6567,-23.51586
1490038944,-46.65698,-23.51577
1490038946,-46.65727,-23.51572
1490038948,-46.65753,-23.51569
1490038950,-46.65789,-23.51566
1490038952,-46.65821,-23.51559
1490038954,-46.65852,-23.51555
1490038956,-46.65884,-23.51552
1490038958,-46.65917,-23.51549
1490038966,-46.66023,-23.51532
1490038969,-46.66057,-23.51537
1490038971,-46.66084,-23.51532
1490038974,-46.66128,-23.51517
1490038976,-46.66156,-23.51515
1490038980,-46.66176,-23.51516
1490038982,-46.65639,-23.5147
1490038984,-46.66218,-23.51515
1490038991,-46.65639,-23.5147
1490038994,-46.66232,-23.51502
1490039005,-46.66242,-23.51497
1490039015,-46.66245,-23.51503
1490039035,-46.66261,-23.51503
1490039046,-46.66336,-23.51503
1490039050,-46.66362,-23.515
1490039054,-46.66384,-23.51501
1490039068,-46.66449,-23.5149
1490039072,-46.66482,-23.51487
1490039077,-46.66544,-23.51483
1490039080,-46.66566,-23.51482
1490039082,-46.6659,-23.51478
1490039084,-46.66614,-23.51475
1490039088,-46.6666,-23.51468
1490039090,-46.66681,-23.51466
1490039092,-46.66703,-23.51467
1490039098,-46.66765,-23.51455
1490039100,-46.66787,-23.51451
1490039102,-46.66808,-23.51452
1490039103,-46.66834,-23.51455
1490039106,-46.66853,-23.51448
1490039108,-46.66873,-23.5144
1490039110,-46.66897,-23.51436
1490039114,-46.66931,-23.51426
1490039122,-46.66996,-23.51418
1490039126,-46.67026,-23.51412
1490039130,-46.67051,-23.51407
1490039134,-46.67084,-23.51404
1490039140,-46.67145,-23.51398
1490039142,-46.67168,-23.51397
1490039148,-46.67237,-23.51386
1490039152,-46.67272,-23.5138
1490039156,-46.67296,-23.51377
1490039159,-46.67324,-23.51372
1490039164,-46.67364,-23.51367
1490039168,-46.67395,-23.51364
1490039174,-46.67418,-23.51362
1490039180,-46.6744,-23.51357
1490039186,-46.67461,-23.51348
1490039194,-46.67486,-23.51344
1490039200,-46.67512,-23.51341
1490039204,-46.67537,-23.51341
1490039208,-46.6756,-23.51338
1490039216,-46.67616,-23.51321
1490039220,-46.67653,-23.51319
1490039231,-46.6776,-23.51304
1490039240,-46.6785,-23.51279
1490039244,-46.67879,-23.51269
1490039251,-46.67937,-23.51238
1490039256,-46.67951,-23.51215
1490039264,-46.67973,-23.512
1490039272,-46.67989,-23.51187
1490039277,-46.68003,-23.51173
1490039282,-46.68019,-23.51162
1490039286,-46.68035,-23.51146
1490039296,-46.68087,-23.51107
1490039298,-46.68102,-23.51096
1490039300,-46.6812,-23.51082
1490039302,-46.6814,-23.51067
1490039309,-46.68203,-23.51026
1490039314,-46.68265,-23.50992
1490039316,-46.68285,-23.50984
1490039318,-46.68304,-23.50975
1490039322,-46.68337,-23.50963
1490039336,-46.68402,-23.5096
1490039342,-46.68423,-23.50942
1490039353,-46.68475,-23.5093
1490039360,-46.68525,-23.50921
1490039363,-46.6856,-23.50909
1490039368,-46.6859,-23.50907
1490039382,-46.68639,-23.509
1490039393,-46.68645,-23.50899
1490039403,-46.68651,-23.50897
1490039410,-46.68712,-23.50886
1490039416,-46.68774,-23.50876
1490039418,-46.68794,-23.50871
1490039420,-46.68818,-23.50871
1490039422,-46.68841,-23.5087
1490039424,-46.68865,-23.50869
1490039428,-46.68911,-23.5086
1490039430,-46.68932,-23.50854
1490039432,-46.68957,-23.50852
1490039436,-46.68995,-23.50844
1490039440,-46.69022,-23.50839
1490039446,-46.69048,-23.50829
1490039450,-46.69071,-23.50822
1490039454,-46.69097,-23.50812
1490039466,-46.69207,-23.50785
1490039470,-46.69251,-23.50776
1490039474,-46.69304,-23.50763
1490039476,-46.69331,-23.50757
1490039478,-46.69357,-23.5075
1490039480,-46.69384,-23.50747
1490039482,-46.69411,-23.50741
1490039484,-46.69437,-23.50738
1490039486,-46.69459,-23.50734
1490039489,-46.69479,-23.50733
1490039490,-46.69503,-23.50731
1490039508,-46.69693,-23.50724
1490039512,-46.69747,-23.50739
1490039514,-46.6977,-23.50744
1490039518,-46.69792,-23.50738
1490039523,-46.69815,-23.50738
1490039530,-46.69846,-23.50741
1490039534,-46.69874,-23.50742
1490039538,-46.69907,-23.50746
1490039542,-46.69941,-23.50746
1490039546,-46.6998,-23.50748
1490039550,-46.70025,-23.50754
1490039552,-46.70047,-23.50756
1490039554,-46.70071,-23.50758
1490039556,-46.70093,-23.50757
1490039558,-46.70117,-23.50763
1490039560,-46.70144,-23.50767
1490039561,-46.70144,-23.50767
1490039562,-46.70171,-23.50771
1490039564,-46.70196,-23.50775
1490039566,-46.70225,-23.50779
1490039568,-46.70252,-23.50781
1490039570,-46.7028,-23.50783
1490039581,-46.70435,-23.50799
1490039584,-46.70501,-23.50805
1490039589,-46.70595,-23.50813
1490039592,-46.70625,-23.50813
1490039594,-46.70662,-23.50818
1490039597,-46.70732,-23.50816
1490039602,-46.70797,-23.50816
1490039606,-46.70864,-23.50806
1490039608,-46.70895,-23.50801
1490039610,-46.70926,-23.50795
1490039612,-46.70955,-23.50792
1490039615,-46.70983,-23.5079
1490039618,-46.71041,-23.50787
1490039622,-46.711,-23.50782
1490039624,-46.71128,-23.5078
1490039626,-46.71156,-23.50777
1490039634,-46.7127,-23.50766
1490039636,-46.71296,-23.50765
1490039638,-46.71322,-23.50764
1490039642,-46.71355,-23.50764
1490039646,-46.71378,-23.50764
1490039658,-46.71453,-23.50759
1490039662,-46.71491,-23.50754
1490039664,-46.71513,-23.50752
1490039668,-46.71565,-23.50748
1490039674,-46.71659,-23.50747
1490039678,-46.71736,-23.50755
1490039680,-46.7178,-23.50763
1490039686,-46.71901,-23.50792
1490039688,-46.71942,-23.50804
1490039689,-46.71977,-23.50822
1490039692,-46.72008,-23.50841
1490039698,-46.72097,-23.50906
1490039700,-46.72119,-23.50933
1490039702,-46.7214,-23.50958
1490039704,-46.72158,-23.5098
1490039706,-46.72171,-23.51001
1490039708,-46.72181,-23.51018
1490039712,-46.72199,-23.51046
1490039716,-46.72214,-23.51068
1490039724,-46.72225,-23.51084
1490039732,-46.72235,-23.511
1490039740,-46.72247,-23.51119
1490039748,-46.72265,-23.51143
1490039752,-46.72288,-23.51171
1490039757,-46.72311,-23.51198
1490039768,-46.72389,-23.51266
1490039777,-46.72487,-23.51324
1490039778,-46.72516,-23.51344
1490039782,-46.72584,-23.51386
1490039784,-46.7262,-23.51405
1490039786,-46.72656,-23.51424
1490039788,-46.72693,-23.51443
1490039790,-46.72731,-23.51464
1490039792,-46.72764,-23.51495
1490039800,-46.72921,-23.51573
1490039802,-46.72959,-23.51592
1490039804,-46.72994,-23.51607
1490039806,-46.73032,-23.51625
1490039810,-46.73103,-23.51661
1490039818,-46.73246,-23.5172
1490039820,-46.73286,-23.51735
1490039824,-46.73361,-23.51742
1490039826,-46.73398,-23.51742
1490039828,-46.73436,-23.51739
1490039832,-46.73517,-23.51737
1490039834,-46.73559,-23.51736
1490039836,-46.73606,-23.51736
1490039838,-46.73648,-23.51734
1490039842,-46.73736,-23.51731
1490039844,-46.73778,-23.51728
1490039846,-46.73819,-23.51727
1490039852,-46.73943,-23.51721
1490039854,-46.73987,-23.51719
1490039856,-46.74028,-23.51718
1490039858,-46.74067,-23.51717
1490039864,-46.74193,-23.51713
1490039868,-46.74274,-23.5172
1490039870,-46.74314,-23.51727
1490039875,-46.74423,-23.51756
1490039878,-46.74454,-23.51769
1490039884,-46.74552,-23.51812
1490039888,-46.7461,-23.51856
1490039890,-46.74638,-23.51879
1490039894,-46.74686,-23.51931
1490039896,-46.74704,-23.51957
1490039898,-46.74724,-23.51983
1490039900,-46.74742,-23.52012
1490039902,-46.74759,-23.5204
1490039904,-46.74774,-23.52071
1490039912,-46.74829,-23.52208
1490039914,-46.74849,-23.52255
1490039916,-46.74866,-23.52288
1490039918,-46.74889,-23.52326
1490039922,-46.74924,-23.52395
1490039924,-46.74941,-23.52432
1490039926,-46.74962,-23.5247
1490039928,-46.74983,-23.52515
1490039930,-46.74999,-23.52556
1490039936,-46.75027,-23.52666
1490039940,-46.75039,-23.52742
1490039942,-46.75043,-23.5278
1490039944,-46.75046,-23.52817
1490039948,-46.75045,-23.52892
1490039950,-46.75044,-23.5293
1490039952,-46.75042,-23.52971
1490039954,-46.75039,-23.53015
1490039956,-46.75035,-23.53056
1490039964,-46.75013,-23.53217
1490039966,-46.74998,-23.53257
1490039972,-46.74935,-23.53362
1490039974,-46.74907,-23.53393
1490039978,-46.74843,-23.53453
1490039980,-46.74819,-23.53474
1490039986,-46.74748,-23.5353
1490039988,-46.74725,-23.53551
1490039990,-46.74699,-23.53571
1490039994,-46.74648,-23.53617
1490039998,-46.74599,-23.53656
1490040000,-46.74575,-23.53681
1490040002,-46.74549,-23.53703
1490040005,-46.74502,-23.53742
1490040010,-46.74447,-23.5379
1490040012,-46.74428,-23.53812
1490040014,-46.74408,-23.53829
1490040016,-46.74381,-23.53855
1490040018,-46.74357,-23.53878
1490040020,-46.7433,-23.539
1490040024,-46.74274,-23.53951
1490040036,-46.74122,-23.54083
1490040038,-46.74099,-23.54104
1490040042,-46.74045,-23.54155
1490040046,-46.73995,-23.54197
1490040048,-46.73968,-23.5422
1490040051,-46.73919,-23.54265
1490040056,-46.73868,-23.54308
1490040058,-46.73842,-23.54331
1490040059,-46.73817,-23.54353
1490040062,-46.73791,-23.54376
1490040064,-46.73763,-23.544
1490040072,-46.73655,-23.54495
1490040074,-46.73621,-23.54522
1490040076,-46.73591,-23.54545
1490040078,-46.73557,-23.54572
1490040080,-46.73521,-23.54597
1490040082,-46.73496,-23.54624
1490040083,-46.73464,-23.54652
1490040090,-46.73384,-23.54734
1490040092,-46.73358,-23.54761
1490040096,-46.7331,-23.54815
1490040099,-46.73265,-23.54858
1490040102,-46.73241,-23.54879
1490040104,-46.73216,-23.54899
1490040106,-46.73191,-23.54919
1490040110,-46.73135,-23.54957
1490040112,-46.73109,-23.54973
1490040114,-46.7308,-23.54991
1490040118,-46.73026,-23.55019
1490040122,-46.72953,-23.55056
1490040124,-46.72913,-23.55074
1490040126,-46.72875,-23.55093
1490040131,-46.72809,-23.55124
1490040134,-46.72744,-23.55157
1490040136,-46.72714,-23.55171
1490040142,-46.72615,-23.55219
1490040147,-46.7254,-23.55256
1490040148,-46.72504,-23.55273
1490040152,-46.72436,-23.55305
1490040154,-46.72403,-23.55321
1490040160,-46.72308,-23.55368
1490040162,-46.72271,-23.55386
1490040164,-46.72238,-23.55402
1490040166,-46.72202,-23.55422
1490040170,-46.72126,-23.55461
1490040172,-46.72085,-23.55481
1490040176,-46.72009,-23.55519
1490040180,-46.71932,-23.55556
1490040182,-46.71893,-23.55574
1490040183,-46.71851,-23.55594
1490040186,-46.71813,-23.55613
1490040190,-46.71735,-23.55653
1490040191,-46.71695,-23.55673
1490040194,-46.71655,-23.55691
1490040199,-46.71543,-23.55746
1490040202,-46.71499,-23.55764
1490040204,-46.7146,-23.55789
1490040206,-46.71426,-23.55803
1490040207,-46.71385,-23.55824
1490040212,-46.71315,-23.55859
1490040215,-46.71266,-23.55883
1490040218,-46.71247,-23.55892
1490040220,-46.7122,-23.55899
1490040222,-46.71198,-23.55916
1490040223,-46.7118,-23.55924
1490040228,-46.7116,-23.55933
1490040238,-46.71147,-23.55936
1490040248,-46.71145,-23.55938
1490040257,-46.71125,-23.55946
1490040264,-46.71102,-23.55959
1490040275,-46.71059,-23.55977
1490040277,-46.71037,-23.55987
1490040282,-46.71014,-23.55996
1490040286,-46.70985,-23.56013
1490040298,-46.70882,-23.5607
1490040300,-46.70865,-23.56082
1490040304,-46.70822,-23.56105
1490040306,-46.70806,-23.5612
1490040308,-46.70789,-23.5613
1490040310,-46.70772,-23.56143
1490040314,-46.70747,-23.56162
1490040318,-46.70731,-23.56175
1490040328,-46.70699,-23.56205
1490040337,-46.70664,-23.5624
1490040342,-46.70644,-23.5626
1490040346,-46.70624,-23.56292
1490040354,-46.70576,-23.56363
1490040358,-46.70562,-23.56392
1490040362,-46.70551,-23.56413
1490040366,-46.70538,-23.56439
1490040370,-46.70527,-23.56466
1490040374,-46.70518,-23.5649
1490040377,-46.70508,-23.56518
1490040382,-46.70501,-23.5654
1490040386,-46.70494,-23.56561
1490040396,-46.70491,-23.56567
1490040407,-46.70492,-23.56568
1490040414,-46.70484,-23.56598
1490040418,-46.70473,-23.56626
1490040426,-46.70456,-23.56678
1490040430,-46.70447,-23.56705
1490040434,-46.70439,-23.56725
1490040442,-46.70428,-23.56745
1490040446,-46.70423,-23.56764
1490040450,-46.70414,-23.56782
1490040454,-46.70405,-23.56808
1490040458,-46.70398,-23.56836
1490040465,-46.70389,-23.56855
1490040470,-46.70383,-23.56873
1490040474,-46.70369,-23.56899
1490040482,-46.70347,-23.56958
1490040492,-46.70327,-23.57
1490040496,-46.70318,-23.5702
1490040500,-46.70306,-23.57038
1490040504,-46.70288,-23.57059
1490040508,-46.70275,-23.57076
1490040512,-46.70259,-23.57103
1490040516,-46.70245,-23.57124
1490040524,-46.70219,-23.5716
1490040540,-46.70192,-23.57192
1490040544,-46.70181,-23.57206
1490040552,-46.70145,-23.57246
1490040561,-46.70107,-23.57307
1490040566,-46.70088,-23.57325
1490040576,-46.70076,-23.57339
1490040580,-46.70063,-23.57355
1490040586,-46.70047,-23.57374
1490040590,-46.70027,-23.57387
1490040594,-46.70011,-23.57408
1490040598,-46.69992,-23.57429
1490040606,-46.69958,-23.57461
1490040610,-46.69942,-23.57477
1490040614,-46.69925,-23.57493
1490040617,-46.69912,-23.57507
1490040622,-46.69892,-23.57525
1490040626,-46.69872,-23.57552
1490040628,-46.69929,-23.57469
1490040640,-46.69817,-23.57597
1490040647,-46.69786,-23.57634
1490040651,-46.69757,-23.57669
1490040656,-46.69717,-23.57729
1490040663,-46.69666,-23.57803
1490040666,-46.6964,-23.57856
1490040668,-46.69623,-23.57885
1490040670,-46.69603,-23.57915
1490040672,-46.69588,-23.57944
1490040674,-46.69571,-23.57971
1490040676,-46.69556,-23.58001
1490040678,-46.69542,-23.5803
1490040680,-46.69526,-23.58058
1490040692,-46.69433,-23.58218
1490040694,-46.69416,-23.58246
1490040698,-46.69384,-23.58298
1490040700,-46.69367,-23.58325
1490040702,-46.69351,-23.58353
1490040704,-46.69336,-23.58378
1490040706,-46.69326,-23.58396
1490040708,-46.69304,-23.58432
1490040712,-46.69284,-23.5847
1490040718,-46.69253,-23.58542
1490040720,-46.69244,-23.58564
1490040722,-46.69236,-23.58588
1490040724,-46.69228,-23.58612
1490040729,-46.69227,-23.58654
1490040738,-46.69227,-23.5875
1490040741,-46.69241,-23.58769
1490040744,-46.69257,-23.58797
1490040755,-46.69302,-23.58751
1490040772,-46.69199,-23.58691
1490040776,-46.69167,-23.58688
1490040779,-46.69147,-23.58685
1490040781,-46.69125,-23.58686
1490040788,-46.69029,-23.58685
1490040792,-46.68983,-23.5867
1490040796,-46.68945,-23.58638
1490040798,-46.68927,-23.58623
1490040800,-46.68912,-23.58611
1490040802,-46.689,-23.58595
1490040810,-46.68847,-23.58584
1490040814,-46.68822,-23.58581
1490040818,-46.68793,-23.58586
1490040821,-46.68767,-23.5859
1490040826,-46.68743,-23.586
1490040830,-46.68712,-23.58612
1490040838,-46.68679,-23.58666
1490040842,-46.68665,-23.58692
1490040852,-46.68674,-23.58775
1490040856,-46.68698,-23.58806
1490040857,-46.68716,-23.58834
1490040860,-46.68743,-23.58852
1490040870,-46.6881,-23.589
1490040874,-46.68821,-23.58921
1490040878,-46.68832,-23.58948
1490040880,-46.68834,-23.58968
1490040884,-46.68831,-23.58986
1490040894,-46.68834,-23.58973
1490040904,-46.68834,-23.58972
1490040916,-46.68836,-23.58969
1490040927,-46.68836,-23.5897
1490040934,-46.68845,-23.59
1490040988,-46.6895,-23.59317
1490040990,-46.6895,-23.59335
1490040995,-46.6895,-23.59372
1490040997,-46.68913,-23.59253
1490041005,-46.68994,-23.59346
1490041012,-46.68993,-23.5937
1490041017,-46.68963,-23.59391
1490041028,-46.68885,-23.59426
1490041038,-46.68878,-23.59481
1490041040,-46.68913,-23.59253
1490041043,-46.68893,-23.59495
1490041053,-46.689,-23.59508
1490041070,-46.68899,-23.59505
1490041076,-46.68916,-23.59543
1490041078,-46.68925,-23.59563
1490041086,-46.68949,-23.59619
1490041092,-46.68932,-23.59638
1490041099,-46.68878,-23.59672
1490041101,-46.68854,-23.59675
1490041106,-46.68835,-23.59684
1490041110,-46.68818,-23.59697
1490041115,-46.68794,-23.59705
1490041122,-46.68921,-23.59569
1490041124,-46.68749,-23.59722
1490041128,-46.68727,-23.59725
1490041134,-46.6871,-23.59735
1490041142,-46.68689,-23.59748
1490041148,-46.68642,-23.59777
1490041152,-46.68622,-23.59771
1490041167,-46.68622,-23.5977
1490041199,-46.68441,-23.5986
1490041203,-46.68392,-23.59896
1490041214,-46.68284,-23.59925
1490041243,-46.68276,-23.60029
1490041258,-46.68277,-23.6006
1490041262,-46.6829,-23.60085
1490041283,-46.68304,-23.60092
1490041295,-46.68304,-23.60092
1490041322,-46.68304,-23.60092
1490041333,-46.68304,-23.60092
1490041346,-46.68304,-23.60092
1490041357,-46.68304,-23.60092
1490041368,-46.68304,-23.60092
1490041381,-46.68304,-23.60092
1490041395,-46.68304,-23.60092
1490041402,-46.68326,-23.60088
1490041411,-46.68396,-23.60039
1490041413,-46.68421,-23.60022
1490041415,-46.68448,-23.60003
1490041416,-46.68474,-23.59986
1490041418,-46.68499,-23.59974
1490041423,-46.68529,-23.59952
1490041430,-46.68549,-23.59943
1490041436,-46.68574,-23.59931
1490041440,-46.6859,-23.59919
1490041452,-46.68596,-23.59914
1490041462,-46.68595,-23.59913
1490041473,-46.68595,-23.59913
1490041483,-46.68595,-23.59913
1490041494,-46.68609,-23.59906
1490041496,-46.68626,-23.59895
1490041498,-46.68643,-23.59884
1490041500,-46.68661,-23.59875
1490041504,-46.68685,-23.59857
1490041507,-46.68702,-23.59847
1490041510,-46.68735,-23.59831
1490041514,-46.68771,-23.59817
1490041516,-46.6879,-23.59809
1490041522,-46.68847,-23.59779
1490041524,-46.68867,-23.59769
1490041526,-46.68889,-23.59758
1490041527,-46.68916,-23.59743
1490041530,-46.6894,-23.59731
1490041532,-46.68961,-23.59721
1490041536,-46.68987,-23.59706
1490041540,-46.68585,-23.59851
1490041544,-46.68994,-23.59702
1490041556,-46.68994,-23.59699
1490041566,-46.69002,-23.59699
1490041570,-46.69022,-23.59692
1490041577,-46.69068,-23.59661
1490041581,-46.69098,-23.59639
1490041593,-46.69161,-23.59597
1490041600,-46.69187,-23.5958
1490041610,-46.69199,-23.59565
1490041621,-46.69203,-23.59557
1490041628,-46.69212,-23.5954
1490041638,-46.6921,-23.59517
1490041686,-46.6919,-23.59257
1490041692,-46.69174,-23.59219
1490041696,-46.69163,-23.59191
1490041700,-46.6916,-23.59161
1490041706,-46.69156,-23.59107
1490041712,-46.69126,-23.5905
1490041714,-46.69121,-23.59027
1490041717,-46.6911,-23.58984
1490041720,-46.69104,-23.58966
1490041726,-46.69085,-23.58915
1490041731,-46.69069,-23.5887
1490041732,-46.69065,-23.58847
1490041742,-46.69054,-23.58733
1490041744,-46.69054,-23.5871
1490041751,-46.69055,-23.58644
1490041754,-46.69059,-23.5861
1490041763,-46.69067,-23.58542
1490041765,-46.69071,-23.58523
1490041768,-46.69077,-23.58498
1490041771,-46.69082,-23.5848
1490041776,-46.69094,-23.5845
1490041778,-46.69103,-23.58432
1490041780,-46.69111,-23.58414
1490041784,-46.69123,-23.58382
1490041788,-46.69139,-23.58355
1490041795,-46.69171,-23.58302
1490041802,-46.69207,-23.58247
1490041812,-46.6923,-23.58208
1490041816,-46.6925,-23.58191
1490041820,-46.6926,-23.58175
1490041824,-46.6927,-23.58156
1490041830,-46.69289,-23.58137
1490041841,-46.69297,-23.58106
1490041852,-46.69324,-23.58067
1490041856,-46.69338,-23.5805
1490041860,-46.69353,-23.58026
1490041864,-46.69367,-23.58002
1490041868,-46.69389,-23.57979
1490041872,-46.69406,-23.57954
1490041876,-46.69429,-23.57925
1490041885,-46.6947,-23.57837
1490041890,-46.69489,-23.57792
1490041894,-46.69515,-23.5775
1490041898,-46.69539,-23.57718
1490041921,-46.6969,-23.57489
1490041922,-46.69705,-23.57472
1490041924,-46.69723,-23.57457
1490041935,-46.69785,-23.57411
1490041942,-46.69798,-23.57389
1490041960,-46.69879,-23.57316
1490041964,-46.69907,-23.573
1490041984,-46.70058,-23.57196
1490041985,-46.70061,-23.57173
1490041987,-46.70075,-23.57154
1490041989,-46.70085,-23.57136
1490042008,-46.7015,-23.56985
1490042009,-46.7018,-23.56905
1490042020,-46.70229,-23.56796
1490042024,-46.70248,-23.56753
1490042027,-46.70267,-23.56703
1490042038,-46.70312,-23.56567
1490042047,-46.70348,-23.5649
1490042048,-46.70354,-23.56468
1490042056,-46.70388,-23.56383
1490042058,-46.70397,-23.56364
1490042063,-46.70414,-23.56324
1490042068,-46.7044,-23.56273
1490042070,-46.7045,-23.56255
1490042072,-46.7046,-23.56236
1490042086,-46.7047,-23.56219
1490042096,-46.7048,-23.56203
1490042100,-46.70502,-23.56176
1490042102,-46.70514,-23.56158
1490042106,-46.7054,-23.56125
1490042108,-46.70554,-23.56107
1490042110,-46.70571,-23.56089
1490042114,-46.70609,-23.56054
1490042121,-46.70663,-23.56008
1490042123,-46.70692,-23.55991
1490042124,-46.70721,-23.55973
1490042126,-46.70745,-23.55959
1490042130,-46.70796,-23.55931
1490042132,-46.70814,-23.55917
1490042135,-46.70848,-23.55902
1490042140,-46.70866,-23.55891
1490042150,-46.70888,-23.55879
1490042161,-46.70907,-23.55873
1490042164,-46.70927,-23.55868
1490042174,-46.70938,-23.55862
1490042184,-46.70965,-23.55851
1490042192,-46.7104,-23.5582
1490042194,-46.71064,-23.5581
1490042199,-46.71113,-23.55785
1490042200,-46.7114,-23.55772
1490042202,-46.71165,-23.55755
1490042206,-46.71212,-23.55728
1490042208,-46.71232,-23.55716
1490042210,-46.71251,-23.55707
1490042212,-46.71274,-23.55697
1490042215,-46.71325,-23.55679
1490042218,-46.71347,-23.55669
1490042220,-46.71369,-23.5566
1490042222,-46.71388,-23.55651
1490042230,-46.71447,-23.55618
1490042234,-46.71476,-23.55603
1490042238,-46.71509,-23.55583
1490042243,-46.71558,-23.55564
1490042248,-46.71581,-23.55555
1490042256,-46.71626,-23.5553
1490042268,-46.71713,-23.55489
1490042272,-46.71762,-23.55465
1490042274,-46.71787,-23.55455
1490042276,-46.71814,-23.55441
1490042278,-46.71847,-23.55427
1490042280,-46.71877,-23.55413
1490042282,-46.71906,-23.554
1490042284,-46.71935,-23.55388
1490042285,-46.71962,-23.55375
1490042288,-46.71987,-23.55362
1490042290,-46.7201,-23.55352
1490042292,-46.72032,-23.55342
1490042294,-46.72053,-23.55329
1490042302,-46.72144,-23.55276
1490042308,-46.72222,-23.5524
1490042310,-46.72247,-23.55224
1490042314,-46.72309,-23.55188
1490042318,-46.72378,-23.55152
1490042320,-46.72412,-23.55135
1490042322,-46.72446,-23.55118
1490042324,-46.72478,-23.55102
1490042326,-46.72507,-23.55087
1490042332,-46.72592,-23.55044
1490042334,-46.72617,-23.55033
1490042335,-46.72645,-23.5502
1490042340,-46.72697,-23.54991
1490042344,-46.72742,-23.54964
1490042346,-46.72765,-23.54952
1490042348,-46.72787,-23.54937
1490042350,-46.72806,-23.54922
1490042352,-46.72825,-23.5491
1490042354,-46.72844,-23.54896
1490042358,-46.72886,-23.54872
1490042360,-46.72908,-23.54861
1490042364,-46.72949,-23.54838
1490042366,-46.72967,-23.54829
1490042370,-46.73003,-23.54817
1490042372,-46.73021,-23.54808
1490042375,-46.73057,-23.54784
1490042380,-46.73095,-23.54764
1490042382,-46.73116,-23.54755
1490042384,-46.73135,-23.54744
1490042393,-46.73249,-23.5466
1490042396,-46.73269,-23.5464
1490042400,-46.73308,-23.54606
1490042402,-46.73324,-23.54591
1490042406,-46.73359,-23.54564
1490042408,-46.73375,-23.54546
1490042412,-46.73409,-23.54514
1490042416,-46.7344,-23.54476
1490042418,-46.73459,-23.54462
1490042420,-46.73481,-23.54449
1490042422,-46.73502,-23.54435
1490042426,-46.73541,-23.54403
1490042427,-46.73559,-23.54388
1490042430,-46.73578,-23.54368
1490042438,-46.73664,-23.54296
1490042442,-46.73706,-23.5426
1490042444,-46.73726,-23.54242
1490042446,-46.73746,-23.54225
1490042448,-46.73767,-23.54208
1490042453,-46.73825,-23.54156
1490042456,-46.73847,-23.54139
1490042460,-46.73883,-23.54104
1490042462,-46.73903,-23.54088
1490042464,-46.73919,-23.5407
1490042466,-46.73939,-23.54051
1490042468,-46.7396,-23.54033
1490042470,-46.73979,-23.54014
1490042471,-46.73998,-23.53993
1490042474,-46.74018,-23.53972
1490042478,-46.74064,-23.53932
1490042480,-46.74083,-23.5391
1490042482,-46.74104,-23.53893
1490042484,-46.74126,-23.53873
1490042488,-46.74173,-23.53837
1490042490,-46.74192,-23.53818
1490042492,-46.74212,-23.538
1490042494,-46.74234,-23.53781
1490042500,-46.74298,-23.53719
1490042502,-46.74321,-23.537
1490042504,-46.74341,-23.5368
1490042506,-46.74363,-23.53661
1490042508,-46.74383,-23.53642
1490042512,-46.74423,-23.53606
1490042514,-46.74446,-23.5359
1490042516,-46.74468,-23.53571
1490042518,-46.74492,-23.53551
1490042520,-46.74515,-23.53529
1490042522,-46.74537,-23.53508
1490042530,-46.74623,-23.53434
1490042534,-46.74668,-23.53397
1490042536,-46.74689,-23.53373
1490042538,-46.74709,-23.53348
1490042541,-46.74742,-23.53298
1490042544,-46.74754,-23.53274
1490042546,-46.74762,-23.53248
1490042550,-46.74781,-23.53184
1490042552,-46.74786,-23.53149
1490042554,-46.74789,-23.53117
1490042562,-46.74791,-23.52985
1490042570,-46.74794,-23.52854
1490042574,-46.74801,-23.52767
1490042576,-46.74802,-23.52724
1490042580,-46.74802,-23.52625
1490042582,-46.74801,-23.52573
1490042584,-46.74799,-23.52526
1490042586,-46.74794,-23.52477
1490042594,-46.74759,-23.5232
1490042600,-46.74718,-23.52201
1490042603,-46.74702,-23.52161
1490042604,-46.74685,-23.52121
1490042606,-46.74661,-23.52081
1490042608,-46.74637,-23.52044
1490042609,-46.7461,-23.52007
1490042612,-46.7458,-23.51969
1490042614,-46.74543,-23.51933
1490042616,-46.74503,-23.51901
1490042620,-46.74418,-23.51849
1490042622,-46.74375,-23.51831
1490042624,-46.74332,-23.51823
1490042626,-46.74291,-23.51815
1490042627,-46.74252,-23.5181
1490042632,-46.74174,-23.51804
1490042634,-46.74132,-23.51805
1490042636,-46.74091,-23.51806
1490042640,-46.74021,-23.51809
1490042645,-46.73906,-23.51815
1490042648,-46.73867,-23.51816
1490042650,-46.73825,-23.51814
1490042652,-46.73787,-23.51816
1490042656,-46.73703,-23.51822
1490042660,-46.73623,-23.51822
1490042662,-46.73584,-23.51823
1490042664,-46.73541,-23.51825
1490042666,-46.73499,-23.51828
1490042668,-46.73451,-23.51833
1490042671,-46.73376,-23.51838
1490042676,-46.73289,-23.51832
1490042682,-46.73152,-23.51804
1490042684,-46.73104,-23.51787
1490042686,-46.73062,-23.51767
1490042690,-46.72988,-23.51732
1490042692,-46.72949,-23.51708
1490042694,-46.72919,-23.51691
1490042698,-46.72851,-23.51651
1490042700,-46.72818,-23.5163
1490042704,-46.72744,-23.51586
1490042708,-46.72658,-23.5154
1490042712,-46.72576,-23.51492
1490042716,-46.72492,-23.51444
1490042720,-46.72415,-23.514
1490042722,-46.72375,-23.51375
1490042724,-46.72337,-23.51351
1490042726,-46.72301,-23.51326
1490042730,-46.72239,-23.51268
1490042732,-46.72212,-23.51237
1490042734,-46.72188,-23.51205
1490042736,-46.7217,-23.51174
1490042742,-46.72102,-23.51074
1490042744,-46.7208,-23.51042
1490042746,-46.72056,-23.5101
1490042748,-46.72029,-23.50982
1490042752,-46.71969,-23.50939
1490042753,-46.71935,-23.50921
1490042760,-46.71817,-23.50879
1490042764,-46.71733,-23.50866
1490042766,-46.71701,-23.50868
1490042776,-46.71561,-23.50878
1490042778,-46.71528,-23.50879
1490042779,-46.71494,-23.50885
1490042784,-46.71427,-23.50894
1490042788,-46.71368,-23.50901
1490042790,-46.71338,-23.50903
1490042792,-46.71306,-23.50905
1490042796,-46.71237,-23.50911
1490042797,-46.71206,-23.50916
1490042800,-46.71177,-23.50917
1490042802,-46.71143,-23.50919
1490042806,-46.7107,-23.5093
1490042808,-46.71034,-23.50933
1490042812,-46.70971,-23.50939
1490042814,-46.70938,-23.50942
1490042816,-46.70909,-23.50943
1490042820,-46.70843,-23.50946
1490042824,-46.7077,-23.50951
1490042826,-46.70733,-23.50953
1490042828,-46.70694,-23.50953
1490042830,-46.70654,-23.5095
1490042832,-46.70612,-23.50947
1490042840,-46.70456,-23.50935
1490042844,-46.70379,-23.50924
1490042846,-46.70343,-23.50923
1490042848,-46.70308,-23.50921
1490042850,-46.70277,-23.50918
1490042852,-46.70245,-23.50912
1490042854,-46.70214,-23.50908
1490042856,-46.70182,-23.50908
1490042858,-46.70149,-23.50907
1490042862,-46.70083,-23.50908
1490042866,-46.70018,-23.50908
1490042868,-46.69987,-23.50903
1490042870,-46.69957,-23.50902
1490042872,-46.69931,-23.509
1490042876,-46.69883,-23.50901
1490042878,-46.69858,-23.50898
1490042880,-46.69831,-23.50901
1490042882,-46.698,-23.50901
1490042884,-46.69767,-23.50901
1490042890,-46.69685,-23.50888
1490042892,-46.6966,-23.50886
1490042894,-46.69639,-23.50883
1490042898,-46.69592,-23.5089
1490042900,-46.6957,-23.50891
1490042902,-46.69543,-23.50894
1490042904,-46.69521,-23.50898
1490042906,-46.69492,-23.50903
1490042910,-46.69436,-23.50908
1490042916,-46.6938,-23.50914
1490042918,-46.6936,-23.50918
1490042920,-46.6934,-23.5092
1490042922,-46.6931,-23.50925
1490042924,-46.69286,-23.5093
1490042926,-46.69253,-23.50935
1490042928,-46.69225,-23.50941
1490042930,-46.69197,-23.50948
1490042932,-46.69175,-23.50952
1490042934,-46.69151,-23.50956
1490042938,-46.6911,-23.50963
1490042940,-46.6909,-23.50972
1490042946,-46.69036,-23.50987
1490042950,-46.69008,-23.50996
1490042954,-46.68977,-23.51005
1490042958,-46.68944,-23.51008
1490042960,-46.68922,-23.5102
1490042962,-46.68904,-23.51033
1490042966,-46.68911,-23.51057
1490042968,-46.68918,-23.51065
