1487096872,-46.87854,-23.5111
1487096873,-46.87816,-23.51086
1487096883,-46.87806,-23.51101
1487096889,-46.87832,-23.51106
1487096891,-46.87854,-23.5111
1487096897,-46.87921,-23.51113
1487096899,-46.87943,-23.51118
1487096905,-46.88002,-23.51116
1487096911,-46.88054,-23.51102
1487096914,-46.88075,-23.51095
1487096916,-46.88095,-23.51089
1487096920,-46.88116,-23.51085
1487096929,-46.88229,-23.51045
1487096931,-46.88254,-23.5104
1487096936,-46.88281,-23.51028
1487096943,-46.88338,-23.51009
1487096945,-46.88357,-23.51002
1487096947,-46.88375,-23.50991
1487096950,-46.88406,-23.50983
1487096957,-46.88454,-23.50969
1487096963,-46.88495,-23.50951
1487096966,-46.88527,-23.5094
1487096969,-46.8855,-23.50939
1487096973,-46.88582,-23.50931
1487096979,-46.8865,-23.50929
1487096981,-46.88677,-23.50932
1487096983,-46.88703,-23.50934
1487096990,-46.88792,-23.5094
1487096995,-46.88817,-23.5094
1487096999,-46.88848,-23.50937
1487097001,-46.88873,-23.50946
1487097007,-46.88925,-23.5098
1487097010,-46.88951,-23.50997
1487097013,-46.88971,-23.51011
1487097017,-46.89004,-23.51013
1487097020,-46.89024,-23.51015
1487097030,-46.8903,-23.51017
1487097040,-46.89028,-23.51014
1487097051,-46.89027,-23.51014
1487097061,-46.89041,-23.51012
1487097066,-46.89063,-23.51011
1487097073,-46.89084,-23.51007
1487097084,-46.8908,-23.51011
1487097094,-46.89081,-23.51012
1487097104,-46.89078,-23.51009
1487097124,-46.8908,-23.51013
1487097145,-46.89095,-23.51006
1487097148,-46.89103,-23.50983
1487097150,-46.89111,-23.50964
1487097152,-46.89118,-23.50943
1487097156,-46.89135,-23.50918
1487097166,-46.89211,-23.50874
1487097169,-46.89238,-23.5087
1487097174,-46.89264,-23.50867
1487097177,-46.89293,-23.5086
1487097179,-46.89312,-23.50854
1487097183,-46.89345,-23.50857
1487097187,-46.89365,-23.50861
1487097192,-46.89387,-23.5085
1487097196,-46.89407,-23.50833
1487097199,-46.89421,-23.50819
1487097204,-46.89441,-23.50802
1487097209,-46.89464,-23.50779
1487097213,-46.89481,-23.50762
1487097218,-46.89497,-23.50747
1487097222,-46.89516,-23.5073
1487097226,-46.89533,-23.50716
1487097241,-46.89566,-23.50697
1487097245,-46.89587,-23.50702
1487097251,-46.89603,-23.50713
1487097256,-46.89587,-23.50731
1487097263,-46.89569,-23.50747
1487097268,-46.89551,-23.50764
1487097272,-46.89536,-23.50776
1487097277,-46.89516,-23.50796
1487097282,-46.895,-23.50812
1487097284,-46.89487,-23.50828
1487097294,-46.89454,-23.50858
1487097314,-46.8944,-23.50868
1487097325,-46.8944,-23.50868
1487097335,-46.8944,-23.50868
1487097346,-46.8944,-23.50868
1487097356,-46.8944,-23.50868
1487097367,-46.8944,-23.50868
1487097378,-46.8944,-23.50868
1487097389,-46.8944,-23.50868
1487097400,-46.8944,-23.50868
1487097420,-46.8944,-23.50868
1487097430,-46.8944,-23.50868
1487097442,-46.8944,-23.50868
1487097452,-46.8944,-23.50868
1487097462,-46.8944,-23.50868
1487097473,-46.8944,-23.50868
1487097483,-46.8944,-23.50868
1487097493,-46.8944,-23.50868
1487097503,-46.8944,-23.50868
1487097514,-46.8944,-23.50868
1487097524,-46.8944,-23.50868
1487097534,-46.8944,-23.50868
1487097544,-46.8944,-23.50868
1487097556,-46.8944,-23.50868
1487097567,-46.8944,-23.50868
1487097578,-46.8944,-23.50868
1487097588,-46.89433,-23.50872
1487097598,-46.89429,-23.50882
1487097604,-46.89441,-23.50904
1487097609,-46.89454,-23.5092
1487097616,-46.89433,-23.50913
1487097626,-46.89367,-23.50875
1487097632,-46.89306,-23.50873
1487097634,-46.89285,-23.50878
1487097637,-46.8926,-23.50896
1487097641,-46.89232,-23.50921
1487097650,-46.89192,-23.50961
1487097654,-46.89177,-23.50975
1487097665,-46.89165,-23.50986
1487097676,-46.89165,-23.50986
1487097687,-46.89165,-23.50986
1487097697,-46.89153,-23.50994
1487097706,-46.89123,-23.51032
1487097713,-46.89093,-23.51074
1487097715,-46.89075,-23.51099
1487097717,-46.8906,-23.51117
1487097722,-46.89024,-23.51154
1487097726,-46.88978,-23.51182
1487097729,-46.88931,-23.51213
1487097732,-46.88904,-23.51244
1487097734,-46.88892,-23.5127
1487097737,-46.88885,-23.51299
1487097742,-46.88894,-23.51378
1487097744,-46.88903,-23.51426
1487097748,-46.88913,-23.51479
1487097751,-46.88926,-23.51549
1487097754,-46.88938,-23.516
1487097758,-46.8895,-23.51651
1487097760,-46.88957,-23.51685
1487097761,-46.88962,-23.51718
1487097767,-46.88977,-23.51797
1487097770,-46.88995,-23.51857
1487097772,-46.89007,-23.51883
1487097775,-46.89022,-23.51906
1487097777,-46.89035,-23.51925
1487097780,-46.89052,-23.51946
1487097784,-46.89072,-23.51969
1487097786,-46.89082,-23.51986
1487097793,-46.89076,-23.52061
1487097796,-46.89061,-23.52086
1487097798,-46.89037,-23.52125
1487097801,-46.89021,-23.52149
1487097805,-46.88975,-23.52194
1487097807,-46.88952,-23.52205
1487097810,-46.88929,-23.52219
1487097812,-46.88906,-23.52236
1487097814,-46.88866,-23.52264
1487097825,-46.88792,-23.52321
1487097828,-46.88769,-23.5234
1487097833,-46.8873,-23.52366
1487097835,-46.88704,-23.52379
1487097836,-46.88675,-23.5239
1487097838,-46.88643,-23.52401
1487097845,-46.8855,-23.5244
1487097847,-46.88523,-23.52459
1487097848,-46.88503,-23.52485
1487097850,-46.88489,-23.52514
1487097853,-46.8848,-23.52546
1487097857,-46.8846,-23.52629
1487097861,-46.88445,-23.5269
1487097865,-46.88434,-23.52733
1487097867,-46.88427,-23.5276
1487097872,-46.88406,-23.52848
1487097877,-46.88386,-23.52901
1487097880,-46.88351,-23.52944
1487097883,-46.88326,-23.52962
1487097887,-46.88265,-23.52991
1487097889,-46.88214,-23.53013
1487097891,-46.8818,-23.53027
1487097894,-46.88147,-23.53041
1487097898,-46.88086,-23.53068
1487097900,-46.88053,-23.53084
1487097905,-46.88031,-23.53099
1487097911,-46.88024,-23.53119
1487097915,-46.88035,-23.53145
1487097919,-46.88047,-23.53175
1487097924,-46.88055,-23.53198
1487097928,-46.88061,-23.53219
1487097934,-46.88072,-23.53264
1487097939,-46.88082,-23.53295
1487097943,-46.88089,-23.53313
1487097947,-46.8809,-23.53332
1487097962,-46.8805,-23.53442
1487097966,-46.88049,-23.5346
1487097971,-46.88047,-23.53493
1487097973,-46.88047,-23.53513
1487097976,-46.88047,-23.53545
1487097978,-46.88044,-23.53567
1487097984,-46.88034,-23.53621
1487097985,-46.88032,-23.53643
1487097988,-46.88034,-23.5367
1487097992,-46.88037,-23.53689
1487097997,-46.88044,-23.53723
1487097999,-46.8805,-23.53741
1487098005,-46.8807,-23.53796
1487098008,-46.8808,-23.53817
1487098014,-46.88098,-23.53848
1487098016,-46.88109,-23.53868
1487098018,-46.88123,-23.53889
1487098021,-46.88144,-23.53926
1487098025,-46.88166,-23.5396
1487098027,-46.88182,-23.53983
1487098029,-46.88197,-23.54003
1487098035,-46.88261,-23.54062
1487098037,-46.88287,-23.5407
1487098041,-46.88327,-23.54082
1487098043,-46.88354,-23.54089
1487098044,-46.88381,-23.54096
1487098046,-46.88404,-23.54104
1487098050,-46.88426,-23.54115
1487098061,-46.8846,-23.54148
1487098064,-46.88472,-23.54166
1487098066,-46.8848,-23.54186
1487098070,-46.88484,-23.54215
1487098074,-46.88481,-23.54241
1487098077,-46.88477,-23.54263
1487098080,-46.88473,-23.54284
1487098090,-46.88466,-23.54328
1487098096,-46.88458,-23.54383
1487098098,-46.88455,-23.54402
1487098101,-46.88452,-23.54423
1487098104,-46.88449,-23.54442
1487098114,-46.88444,-23.5449
1487098120,-46.88438,-23.54539
1487098122,-46.88437,-23.54559
1487098124,-46.88438,-23.5458
1487098127,-46.88445,-23.54614
1487098131,-46.88458,-23.54659
1487098133,-46.88463,-23.54679
1487098138,-46.88482,-23.54729
1487098142,-46.88492,-23.54748
1487098149,-46.8847,-23.54739
1487098153,-46.88458,-23.54706
1487098157,-46.88438,-23.54681
1487098164,-46.88418,-23.54681
1487098173,-46.88425,-23.54702
1487098184,-46.88428,-23.5471
1487098194,-46.88429,-23.5471
1487098208,-46.88429,-23.5471
1487098218,-46.88428,-23.5471
1487098229,-46.88428,-23.5471
1487098239,-46.88428,-23.5471
1487098249,-46.88429,-23.5471
1487098258,-46.88436,-23.54733
1487098263,-46.88449,-23.54746
1487098271,-46.88466,-23.54765
1487098279,-46.88472,-23.54786
1487098284,-46.88459,-23.54802
1487098293,-46.88429,-23.54796
1487098297,-46.8841,-23.54781
1487098302,-46.88397,-23.54766
1487098309,-46.88381,-23.54743
1487098319,-46.88372,-23.54731
1487098330,-46.88369,-23.54728
1487098338,-46.88375,-23.54709
1487098343,-46.88383,-23.5469
1487098359,-46.88423,-23.54605
1487098362,-46.88422,-23.54581
1487098365,-46.88425,-23.54552
1487098369,-46.88431,-23.54525
1487098372,-46.88435,-23.54507
1487098375,-46.88436,-23.54489
1487098378,-46.88436,-23.54463
1487098382,-46.88437,-23.54433
1487098383,-46.8844,-23.54413
1487098392,-46.88446,-23.54363
1487098395,-46.88455,-23.5433
1487098398,-46.88457,-23.54309
1487098413,-46.88468,-23.54267
1487098424,-46.88472,-23.54228
1487098432,-46.88477,-23.54209
1487098443,-46.8847,-23.54214
1487098453,-46.8847,-23.54216
1487098464,-46.88471,-23.54215
1487098475,-46.88471,-23.54214
1487098486,-46.88471,-23.54214
1487098509,-46.88472,-23.54212
1487098515,-46.88479,-23.54193
1487098525,-46.8851,-23.5416
1487098530,-46.88516,-23.54135
1487098535,-46.88522,-23.54117
1487098538,-46.88531,-23.541
1487098541,-46.88533,-23.54078
1487098544,-46.88538,-23.54059
1487098549,-46.88546,-23.54039
1487098554,-46.88556,-23.54011
1487098558,-46.88577,-23.53997
1487098561,-46.88598,-23.53998
1487098566,-46.88626,-23.53996
1487098571,-46.88649,-23.53993
1487098581,-46.88672,-23.5398
1487098585,-46.88685,-23.5396
1487098593,-46.887,-23.53918
1487098600,-46.88704,-23.53873
1487098607,-46.88704,-23.53853
1487098610,-46.88706,-23.53835
1487098614,-46.88713,-23.53813
1487098617,-46.88721,-23.53796
1487098620,-46.88731,-23.5378
1487098623,-46.88742,-23.53764
1487098627,-46.88757,-23.53748
1487098630,-46.88774,-23.53733
1487098633,-46.8879,-23.53717
1487098636,-46.88807,-23.537
1487098640,-46.88824,-23.53681
1487098645,-46.8884,-23.5366
1487098648,-46.88857,-23.53641
1487098651,-46.88871,-23.53625
1487098657,-46.88889,-23.53604
1487098661,-46.88904,-23.53587
1487098665,-46.88921,-23.53569
1487098668,-46.88935,-23.53553
1487098672,-46.88952,-23.53534
1487098678,-46.88973,-23.53512
1487098682,-46.88988,-23.53494
1487098685,-46.89004,-23.53473
1487098692,-46.89033,-23.53441
1487098697,-46.89045,-23.53422
1487098707,-46.89058,-23.53406
1487098716,-46.89072,-23.53392
1487098721,-46.8909,-23.53373
1487098726,-46.89103,-23.53357
1487098730,-46.89115,-23.53342
1487098734,-46.89128,-23.53328
1487098741,-46.89143,-23.53313
1487098755,-46.89149,-23.53274
1487098758,-46.89146,-23.53254
1487098761,-46.89162,-23.53242
1487098764,-46.89181,-23.53224
1487098768,-46.89186,-23.53178
1487098771,-46.89195,-23.53139
1487098774,-46.89201,-23.53112
1487098776,-46.89206,-23.53086
1487098783,-46.89257,-23.52984
1487098785,-46.89273,-23.52962
1487098789,-46.89288,-23.52941
1487098796,-46.89316,-23.52895
1487098800,-46.89338,-23.52855
1487098803,-46.89351,-23.52818
1487098805,-46.8936,-23.52792
1487098808,-46.89373,-23.52752
1487098812,-46.89389,-23.52705
1487098814,-46.89396,-23.52684
1487098845,-46.89422,-23.52588
1487098867,-46.89421,-23.52588
1487098878,-46.89421,-23.52589
1487098886,-46.89417,-23.52564
1487098893,-46.89392,-23.52533
1487098902,-46.89318,-23.52469
1487098905,-46.89297,-23.52451
1487098911,-46.89257,-23.52416
1487098915,-46.89241,-23.52401
1487098920,-46.89211,-23.52379
1487098929,-46.89146,-23.52333
1487098934,-46.89129,-23.5232
1487098945,-46.89127,-23.52321
1487098956,-46.89127,-23.52321
1487098970,-46.89095,-23.52296
1487098973,-46.89065,-23.52275
1487098976,-46.89045,-23.5226
1487098979,-46.89027,-23.52247
1487098992,-46.88995,-23.52216
1487099003,-46.88995,-23.52216
1487099013,-46.88995,-23.52216
1487099024,-46.88992,-23.52212
1487099028,-46.88991,-23.52189
1487099036,-46.89025,-23.52122
1487099038,-46.89032,-23.52098
1487099039,-46.89038,-23.52074
1487099041,-46.89039,-23.52056
1487099045,-46.89039,-23.52037
1487099055,-46.89037,-23.5202
1487099058,-46.89038,-23.52002
1487099061,-46.89038,-23.51977
1487099068,-46.89005,-23.51909
1487099070,-46.8899,-23.51887
1487099074,-46.88972,-23.51852
1487099077,-46.88956,-23.518
1487099080,-46.88951,-23.51772
1487099088,-46.8893,-23.51657
1487099091,-46.88919,-23.51599
1487099097,-46.88904,-23.51522
1487099099,-46.88898,-23.51493
1487099101,-46.88891,-23.51452
1487099103,-46.88886,-23.51423
1487099106,-46.88881,-23.51396
1487099109,-46.88874,-23.51355
1487099112,-46.88865,-23.51302
1487099120,-46.88857,-23.51239
1487099127,-46.88847,-23.51182
1487099132,-46.88822,-23.51135
1487099133,-46.88804,-23.51113
1487099139,-46.88741,-23.51072
1487099141,-46.88714,-23.51062
1487099143,-46.88669,-23.51055
1487099148,-46.88595,-23.51064
1487099151,-46.88539,-23.51082
1487099152,-46.88502,-23.51095
1487099155,-46.88449,-23.51116
1487099157,-46.88413,-23.51129
1487099159,-46.88377,-23.51143
1487099162,-46.88342,-23.51157
1487099169,-46.8823,-23.51199
1487099173,-46.88209,-23.51207
1487099178,-46.88169,-23.51222
1487099186,-46.88068,-23.51271
1487099189,-46.88025,-23.51284
1487099193,-46.87979,-23.51294
1487099194,-46.87949,-23.513
1487099196,-46.87919,-23.51306
1487099199,-46.87877,-23.51314
1487099204,-46.87821,-23.51325
1487099205,-46.87793,-23.51329
1487099207,-46.87767,-23.51331
1487099215,-46.87715,-23.51329
1487099221,-46.87668,-23.51322
1487099225,-46.87641,-23.51322
1487099230,-46.87602,-23.51323
1487099233,-46.87568,-23.51316
1487099238,-46.87524,-23.51304
1487099241,-46.87502,-23.51298
1487099243,-46.87479,-23.51293
1487099244,-46.87456,-23.5129
1487099248,-46.87407,-23.51284
1487099250,-46.87383,-23.51282
1487099255,-46.87334,-23.51279
1487099256,-46.87313,-23.5128
1487099259,-46.87282,-23.51293
1487099262,-46.87265,-23.51307
1487099264,-46.87248,-23.51325
1487099265,-46.8723,-23.51342
1487099270,-46.87193,-23.51363
1487099276,-46.8712,-23.51329
1487099281,-46.87092,-23.5128
1487099283,-46.87091,-23.51254
1487099286,-46.87092,-23.5123
1487099289,-46.87093,-23.51198
1487099299,-46.87102,-23.51087
1487099302,-46.8711,-23.51069
1487099304,-46.87121,-23.51054
1487099306,-46.87129,-23.51032
1487099309,-46.87131,-23.51013
1487099311,-46.87125,-23.50977
1487099314,-46.87114,-23.50951
1487099317,-46.87082,-23.50903
1487099319,-46.87069,-23.50885
1487099325,-46.87038,-23.50841
1487099328,-46.87022,-23.50799
1487099330,-46.8702,-23.50776
1487099333,-46.87022,-23.50753
1487099334,-46.87031,-23.50732
1487099336,-46.87039,-23.5071
1487099339,-46.87046,-23.50688
1487099341,-46.8705,-23.50669
1487099343,-46.87048,-23.50643
1487099346,-46.87037,-23.50619
1487099353,-46.87016,-23.50565
1487099354,-46.8701,-23.50541
1487099361,-46.87009,-23.50479
1487099363,-46.87036,-23.50462
1487099365,-46.87052,-23.50447
1487099370,-46.87077,-23.50439
1487099374,-46.87099,-23.50436
1487099381,-46.8712,-23.50434
1487099392,-46.8713,-23.50433
1487099402,-46.87145,-23.50431
1487099412,-46.87131,-23.50416
1487099416,-46.87108,-23.50418
1487099419,-46.87083,-23.5042
1487099423,-46.87058,-23.50421
1487099430,-46.87006,-23.50407
1487099433,-46.86985,-23.50402
1487099436,-46.86965,-23.50394
1487099440,-46.86942,-23.5039
1487099457,-46.86866,-23.5034
1487099462,-46.86847,-23.50326
1487099468,-46.86825,-23.50308
1487099473,-46.8681,-23.50296
1487099481,-46.86792,-23.50283
1487099487,-46.86772,-23.50273
1487099498,-46.86728,-23.50249
1487099502,-46.86714,-23.50231
1487099509,-46.86699,-23.5021
1487099519,-46.86697,-23.50199
1487099527,-46.86709,-23.50214
1487099531,-46.86717,-23.5023
1487099540,-46.86734,-23.50249
1487099546,-46.86755,-23.5026
1487099550,-46.86775,-23.50272
1487099554,-46.86792,-23.50281
1487099559,-46.86814,-23.50297
1487099564,-46.86831,-23.50311
1487099574,-46.86846,-23.50323
1487099584,-46.86856,-23.50328
1487099595,-46.86857,-23.50329
1487099606,-46.86858,-23.5033
1487099617,-46.86858,-23.50331
1487099637,-46.86858,-23.50331
1487099648,-46.86858,-23.50331
1487099658,-46.86858,-23.50331
1487099669,-46.86858,-23.50331
1487099680,-46.86858,-23.50331
1487099690,-46.86858,-23.50331
1487099702,-46.86858,-23.50331
1487099713,-46.86858,-23.50331
1487099723,-46.86858,-23.50331
1487099734,-46.86866,-23.50341
1487099742,-46.86907,-23.50375
1487099746,-46.86932,-23.50389
1487099758,-46.87,-23.50402
1487099760,-46.87036,-23.50413
1487099764,-46.8706,-23.5042
1487099768,-46.87094,-23.50417
1487099777,-46.87155,-23.50411
1487099780,-46.8718,-23.50403
1487099783,-46.87202,-23.50402
1487099788,-46.87228,-23.5041
1487099793,-46.87251,-23.5041
1487099800,-46.8727,-23.50417
1487099807,-46.87282,-23.50439
1487099812,-46.87311,-23.5047
1487099814,-46.87334,-23.50476
1487099823,-46.87474,-23.50483
1487099829,-46.87556,-23.50488
1487099831,-46.87587,-23.50487
1487099833,-46.87636,-23.50487
1487099836,-46.87689,-23.50484
1487099838,-46.87723,-23.50483
1487099845,-46.87825,-23.50472
1487099848,-46.87853,-23.5047
1487099852,-46.87879,-23.50464
1487099863,-46.87885,-23.50431
1487099880,-46.87868,-23.50419
1487099882,-46.87854,-23.50403
1487099885,-46.87846,-23.50385
1487099890,-46.87847,-23.50366
1487099895,-46.87857,-23.50348
1487099902,-46.87866,-23.50325
1487099905,-46.8787,-23.50302
1487099908,-46.87868,-23.50281
1487099911,-46.87863,-23.5026
1487099914,-46.87851,-23.50232
1487099915,-46.87845,-23.50213
1487099918,-46.87837,-23.50193
1487099920,-46.87834,-23.5017
1487099924,-46.87824,-23.50117
1487099927,-46.87824,-23.50091
1487099929,-46.87816,-23.50064
1487099930,-46.87806,-23.50048
1487099932,-46.87801,-23.50027
1487099940,-46.87782,-23.49967
1487099942,-46.87772,-23.49945
1487099951,-46.87747,-23.4991
1487099955,-46.87734,-23.4989
1487099957,-46.87734,-23.49851
1487099958,-46.87713,-23.4986
1487099962,-46.87698,-23.49838
1487099967,-46.87688,-23.49821
1487099987,-46.87686,-23.4982
1487099991,-46.87676,-23.49801
1487099996,-46.87661,-23.4978
1487100002,-46.87638,-23.49741
1487100005,-46.87628,-23.49725
1487100008,-46.87616,-23.49687
1487100010,-46.87613,-23.49669
1487100014,-46.87616,-23.49636
1487100018,-46.87638,-23.49602
1487100019,-46.87662,-23.49587
1487100021,-46.87678,-23.49566
1487100024,-46.87704,-23.49537
1487100029,-46.87748,-23.4948
1487100031,-46.87774,-23.49458
1487100033,-46.87786,-23.49437
1487100036,-46.87807,-23.49419
1487100041,-46.87862,-23.49369
1487100044,-46.87878,-23.49354
1487100048,-46.87901,-23.49332
1487100054,-46.87914,-23.49315
1487100059,-46.87937,-23.49302
1487100064,-46.87964,-23.49299
1487100071,-46.88017,-23.49303
1487100075,-46.8804,-23.493
1487100081,-46.88069,-23.49288
1487100084,-46.88075,-23.49269
1487100086,-46.88079,-23.49243
1487100090,-46.88075,-23.49221
1487100101,-46.88082,-23.49222
1487100105,-46.88113,-23.49184
1487100110,-46.88152,-23.49158
1487100116,-46.88181,-23.49143
1487100118,-46.88205,-23.49126
1487100122,-46.88224,-23.49114
1487100126,-46.88245,-23.4909
1487100132,-46.88237,-23.49009
1487100139,-46.882,-23.48942
1487100142,-46.88179,-23.48907
1487100145,-46.88168,-23.48891
1487100149,-46.88154,-23.48875
1487100153,-46.88145,-23.48856
1487100159,-46.88165,-23.48837
1487100170,-46.88273,-23.48815
1487100173,-46.88306,-23.48808
1487100178,-46.88321,-23.4882
1487100180,-46.88337,-23.4884
1487100182,-46.88347,-23.48856
1487100187,-46.8837,-23.48897
1487100190,-46.88384,-23.48921
1487100197,-46.88402,-23.48959
1487100200,-46.88413,-23.48974
1487100206,-46.88426,-23.48997
1487100210,-46.88435,-23.49017
1487100213,-46.88445,-23.49039
1487100219,-46.88456,-23.49056
1487100224,-46.88464,-23.49074
1487100230,-46.88488,-23.49067
1487100234,-46.88513,-23.49068
1487100243,-46.88572,-23.49033
1487100245,-46.8859,-23.49023
1487100248,-46.88612,-23.49017
1487100260,-46.88678,-23.48981
1487100264,-46.887,-23.48973
1487100272,-46.8875,-23.48947
1487100276,-46.88772,-23.48939
1487100283,-46.88794,-23.48949
1487100290,-46.88803,-23.4897
1487100298,-46.88812,-23.48987
1487100306,-46.88823,-23.49008
1487100312,-46.88832,-23.49026
1487100322,-46.88858,-23.49062
1487100330,-46.88882,-23.49068
1487100334,-46.88894,-23.49049
1487100339,-46.88918,-23.49038
1487100345,-46.88936,-23.49031
1487100352,-46.88955,-23.49021
1487100358,-46.88983,-23.49008
1487100362,-46.89004,-23.48997
1487100365,-46.89027,-23.48991
1487100374,-46.89069,-23.48984
1487100380,-46.89099,-23.48979
1487100383,-46.89125,-23.48977
1487100388,-46.89149,-23.48971
1487100393,-46.89171,-23.48964
1487100397,-46.8919,-23.48954
1487100403,-46.89213,-23.48944
1487100409,-46.89233,-23.48936
1487100413,-46.8925,-23.48924
1487100416,-46.8927,-23.48911
1487100423,-46.89288,-23.489
1487100433,-46.89302,-23.48911
1487100444,-46.89314,-23.48923
1487100452,-46.89336,-23.48924
1487101312,-46.8752,-23.50937
1487101322,-46.8752,-23.50937
