1486939370,-48.38842,-27.44377
1486939391,-48.38842,-27.44377
1486939401,-48.38842,-27.44376
1486939411,-48.38842,-27.44376
1486939421,-48.38842,-27.44376
1486939432,-48.38842,-27.44376
1486939442,-48.38842,-27.44376
1486939452,-48.38842,-27.44376
1486939463,-48.38842,-27.44376
1486939473,-48.38842,-27.44376
1486939483,-48.38842,-27.44376
1486939493,-48.38842,-27.44376
1486939503,-48.38842,-27.44376
1486939514,-48.38842,-27.44376
1486939524,-48.38842,-27.44376
1486939534,-48.38842,-27.44376
1486939544,-48.38842,-27.44375
1486939555,-48.38842,-27.44375
1486939565,-48.38842,-27.44375
1486939575,-48.38842,-27.44375
1486939586,-48.38842,-27.44375
1486939596,-48.38842,-27.44375
1486939606,-48.38842,-27.44375
1486939616,-48.38842,-27.44375
1486939626,-48.38842,-27.44375
1486939637,-48.38842,-27.44375
1486939647,-48.38842,-27.44375
1486939657,-48.38842,-27.44375
1486939667,-48.38842,-27.44375
1486939677,-48.38842,-27.44375
1486939688,-48.38842,-27.44375
1486939698,-48.38842,-27.44375
1486939708,-48.38842,-27.44375
1486939718,-48.38842,-27.44375
1486939728,-48.38842,-27.44375
1486939738,-48.38842,-27.44375
1486939749,-48.38842,-27.44375
1486939759,-48.38842,-27.44375
1486939779,-48.38842,-27.44375
1486939789,-48.38842,-27.44375
1486939800,-48.38842,-27.44375
1486939810,-48.38842,-27.44375
1486939820,-48.38842,-27.44375
1486939830,-48.38842,-27.44375
1486939837,-48.25269,-18.90501
1486939848,-48.25269,-18.90501
1486939855,-48.38842,-27.44375
1486939857,-48.38841,-27.44396
1486939858,-48.38842,-27.44375
1486939869,-48.38842,-27.44375
1486939879,-48.38842,-27.44375
1486939889,-48.38846,-27.44373
1486939899,-48.38843,-27.44374
1486939909,-48.38843,-27.44372
1486939920,-48.38855,-27.44372
1486939931,-48.38863,-27.4437
1486939937,-48.38861,-27.44364
1486939938,-48.38861,-27.44364
1486939970,-48.38859,-27.44345
1486940002,-48.38867,-27.44378
1486940019,-48.38851,-27.44428
1486940027,-48.388,-27.4443
1486940031,-48.38772,-27.44435
1486940035,-48.38748,-27.44429
1486940042,-48.38729,-27.44423
1486940047,-48.38728,-27.44399
1486940050,-48.38726,-27.4438
1486940059,-48.38728,-27.4433
1486940063,-48.38728,-27.44304
1486940067,-48.38727,-27.44282
1486940069,-48.38729,-27.44258
1486940072,-48.38729,-27.44237
1486940076,-48.38725,-27.44216
1486940078,-48.38723,-27.44195
1486940082,-48.3872,-27.44166
1486940089,-48.3872,-27.44118
1486940092,-48.38718,-27.44097
1486940096,-48.38714,-27.44078
1486940098,-48.38709,-27.44059
1486940101,-48.38703,-27.44041
1486940106,-48.38693,-27.44015
1486940112,-48.38701,-27.43992
1486940123,-48.38699,-27.43985
1486940133,-48.38704,-27.43971
1486940136,-48.3871,-27.43972
1486940140,-48.38726,-27.43975
1486940148,-48.3875,-27.43979
1486940154,-48.38772,-27.43981
1486940158,-48.38804,-27.43977
1486940162,-48.38824,-27.43971
1486940169,-48.38844,-27.4396
1486940178,-48.38867,-27.43947
1486940185,-48.38894,-27.43934
1486940189,-48.38919,-27.43926
1486940194,-48.38944,-27.43918
1486940200,-48.38968,-27.43911
1486940215,-48.39012,-27.43896
1486940221,-48.39032,-27.43888
1486940231,-48.39055,-27.43879
1486940239,-48.39072,-27.43866
1486940247,-48.39075,-27.43845
1486940257,-48.39071,-27.43827
1486940265,-48.3907,-27.43808
1486940278,-48.39067,-27.43771
1486940281,-48.39068,-27.43751
1486940286,-48.39062,-27.43733
1486940292,-48.39063,-27.43712
1486940306,-48.39075,-27.43678
1486940313,-48.39084,-27.43655
1486940318,-48.39094,-27.43639
1486940323,-48.39105,-27.43624
1486940329,-48.39123,-27.43611
1486940339,-48.39143,-27.43599
1486940352,-48.39184,-27.43597
1486940357,-48.39211,-27.43601
1486940361,-48.39234,-27.43604
1486940366,-48.39255,-27.43611
1486940370,-48.39285,-27.43617
1486940382,-48.39327,-27.43619
1486940386,-48.39332,-27.43596
1486940389,-48.39331,-27.43572
1486940394,-48.39327,-27.4353
1486940398,-48.39328,-27.4351
1486940402,-48.39329,-27.43491
1486940403,-48.39332,-27.43472
1486940405,-48.39333,-27.43453
1486940412,-48.39346,-27.43401
1486940422,-48.39366,-27.43404
1486940426,-48.39384,-27.43417
1486940462,-48.39716,-27.43444
1486940463,-48.3974,-27.43445
1486940465,-48.39767,-27.43446
1486940467,-48.39797,-27.43446
1486940472,-48.39871,-27.43445
1486940477,-48.39942,-27.43443
1486940485,-48.39999,-27.43442
1486940486,-48.4002,-27.43441
1486940489,-48.40044,-27.43441
1486940490,-48.40069,-27.43441
1486940492,-48.40094,-27.4344
1486940494,-48.4012,-27.43441
1486940496,-48.40147,-27.43441
1486940498,-48.40174,-27.43441
1486940503,-48.40249,-27.43442
1486940505,-48.40282,-27.43442
1486940510,-48.4037,-27.43442
1486940511,-48.40391,-27.43442
1486940514,-48.40436,-27.43442
1486940516,-48.40498,-27.43441
1486940518,-48.40538,-27.4344
1486940520,-48.40577,-27.4344
1486940523,-48.40634,-27.43437
1486940526,-48.4067,-27.43434
1486940528,-48.407,-27.43432
1486940530,-48.40728,-27.43439
1486940534,-48.40733,-27.43477
1486940537,-48.40735,-27.43516
1486940540,-48.40738,-27.43546
1486940542,-48.40743,-27.43592
1486940544,-48.40745,-27.43623
1486940546,-48.40746,-27.4365
1486940553,-48.40752,-27.43733
1486940560,-48.40754,-27.4379
1486940565,-48.40785,-27.43793
1486940567,-48.4082,-27.43795
1486940570,-48.40861,-27.43798
1486940576,-48.40933,-27.43807
1486940581,-48.41006,-27.43816
1486940583,-48.41052,-27.43823
1486940589,-48.41123,-27.43839
1486940591,-48.41163,-27.43849
1486940593,-48.41191,-27.43855
1486940596,-48.41222,-27.43861
1486940597,-48.41255,-27.43869
1486940603,-48.41349,-27.43883
1486940608,-48.41445,-27.43911
1486940609,-48.41486,-27.4392
1486940611,-48.41528,-27.43929
1486940613,-48.41548,-27.43934
1486940614,-48.41588,-27.43944
1486940617,-48.41646,-27.43958
1486940619,-48.41664,-27.43966
1486940621,-48.417,-27.43986
1486940623,-48.41736,-27.44039
1486940627,-48.41757,-27.44072
1486940631,-48.41799,-27.44167
1486940635,-48.41822,-27.44223
1486940639,-48.41864,-27.44317
1486940641,-48.41908,-27.44364
1486940644,-48.41944,-27.44389
1486940648,-48.42045,-27.44452
1486940649,-48.42062,-27.44466
1486940651,-48.42078,-27.44481
1486940652,-48.42111,-27.44513
1486940654,-48.42141,-27.44543
1486940658,-48.42184,-27.44596
1486940659,-48.42214,-27.44632
1486940660,-48.42229,-27.44651
1486940664,-48.42282,-27.447
1486940665,-48.42327,-27.44725
1486940666,-48.42351,-27.44734
1486940669,-48.42424,-27.44746
1486940671,-48.42474,-27.44748
1486940674,-48.42551,-27.44752
1486940675,-48.42575,-27.44754
1486940681,-48.42721,-27.44768
1486940685,-48.42813,-27.4478
1486940686,-48.42835,-27.44782
1486940689,-48.4288,-27.44786
1486940690,-48.42925,-27.44792
1486940691,-48.42947,-27.44795
1486940698,-48.43104,-27.4481
1486940701,-48.43149,-27.44814
1486940702,-48.43193,-27.44819
1486940704,-48.43239,-27.44822
1486940706,-48.43284,-27.44826
1486940710,-48.4335,-27.44826
1486940714,-48.43439,-27.44831
1486940721,-48.43615,-27.44879
1486940723,-48.43636,-27.44886
1486940724,-48.43678,-27.44902
1486940726,-48.43712,-27.44894
1486940727,-48.43739,-27.4493
1486940731,-48.43799,-27.44962
1486940732,-48.43837,-27.44984
1486940734,-48.43857,-27.44995
1486940737,-48.43935,-27.45037
1486940739,-48.43976,-27.45056
1486940742,-48.44019,-27.45073
1486940743,-48.44041,-27.4508
1486940746,-48.44108,-27.45098
1486940750,-48.44199,-27.45116
1486940752,-48.44243,-27.45123
1486940758,-48.44401,-27.45151
1486940768,-48.44604,-27.45184
1486940771,-48.44694,-27.45197
1486940772,-48.44717,-27.452
1486940775,-48.44763,-27.45207
1486940776,-48.44808,-27.45214
1486940781,-48.44899,-27.45228
1486940786,-48.45036,-27.45249
1486940789,-48.4508,-27.45255
1486940791,-48.45149,-27.45262
1486940793,-48.45172,-27.45264
1486940794,-48.45196,-27.45266
1486940800,-48.4536,-27.4528
1486940803,-48.45429,-27.45283
1486940805,-48.45475,-27.45286
1486940813,-48.45657,-27.45297
1486940818,-48.45732,-27.45302
1486940820,-48.45779,-27.45307
1486940826,-48.45809,-27.45352
1486940827,-48.45793,-27.45374
1486940836,-48.45726,-27.45473
1486940837,-48.45726,-27.45473
1486940839,-48.45722,-27.45504
1486940870,-48.45882,-27.4611
1486940878,-48.45995,-27.46238
1486940880,-48.46023,-27.46271
1486940883,-48.46051,-27.46303
1486940886,-48.46094,-27.46353
1486940889,-48.46137,-27.46402
1486940890,-48.46166,-27.46435
1486940892,-48.46195,-27.46468
1486940895,-48.46226,-27.465
1486940896,-48.4626,-27.4653
1486940901,-48.46334,-27.46584
1486940902,-48.46354,-27.46596
1486940903,-48.46393,-27.46618
1486940905,-48.46433,-27.46638
1486940912,-48.46553,-27.46696
1486940913,-48.46592,-27.4672
1486940916,-48.46648,-27.46761
1486940920,-48.46699,-27.46806
1486940923,-48.46766,-27.46863
1486940925,-48.46802,-27.46891
1486940927,-48.46837,-27.46917
1486940931,-48.46888,-27.46959
1486940933,-48.4692,-27.46988
1486940934,-48.46952,-27.47018
1486940936,-48.46968,-27.47032
1486940937,-48.47001,-27.47061
1486940938,-48.47017,-27.47076
1486940947,-48.47146,-27.47194
1486940948,-48.47146,-27.47194
1486940949,-48.47179,-27.47222
1486940978,-48.47737,-27.47552
1486940979,-48.47776,-27.47574
1486940980,-48.47795,-27.47586
1486940982,-48.47815,-27.47597
1486940983,-48.47854,-27.47619
1486940984,-48.47874,-27.47629
1486940986,-48.47874,-27.47629
1486940987,-48.47915,-27.47648
1486940988,-48.47935,-27.47656
1486940989,-48.47977,-27.47673
1486940990,-48.47977,-27.47673
1486940991,-48.4802,-27.4769
1486940992,-48.4802,-27.4769
1486940993,-48.48062,-27.47707
1486940994,-48.48083,-27.47715
1486940995,-48.48104,-27.47723
1486940996,-48.48104,-27.47723
1486940998,-48.48146,-27.47739
1486940999,-48.48167,-27.47747
1486941000,-48.48209,-27.47763
1486941001,-48.48209,-27.47763
1486941002,-48.48251,-27.47779
1486941003,-48.48251,-27.47779
1486941004,-48.48293,-27.47796
1486941005,-48.48315,-27.47805
1486941007,-48.48315,-27.47805
1486941008,-48.48357,-27.47821
1486941009,-48.48357,-27.47821
1486941010,-48.48399,-27.47838
1486941011,-48.48441,-27.47854
1486941012,-48.48441,-27.47854
1486941013,-48.48483,-27.47871
1486941014,-48.48505,-27.47879
1486941015,-48.48505,-27.47879
1486941016,-48.48547,-27.47896
1486941017,-48.48547,-27.47896
1486941019,-48.48589,-27.47914
1486941020,-48.4863,-27.47931
1486941021,-48.4863,-27.47931
1486941022,-48.48672,-27.47948
1486941023,-48.48672,-27.47948
1486941024,-48.48714,-27.47965
1486941025,-48.48714,-27.47965
1486941026,-48.48757,-27.47981
1486941027,-48.48757,-27.47981
1486941029,-48.48799,-27.47998
1486941030,-48.48841,-27.48014
1486941031,-48.48862,-27.48023
1486941032,-48.48884,-27.48031
1486941033,-48.48884,-27.48031
1486941034,-48.48925,-27.4805
1486941035,-48.48925,-27.4805
1486941036,-48.48967,-27.48068
1486941038,-48.48967,-27.48068
1486941039,-48.49009,-27.48085
1486941040,-48.4903,-27.48094
1486941041,-48.49072,-27.4811
1486941042,-48.49072,-27.4811
1486941043,-48.49114,-27.48125
1486941044,-48.49136,-27.48133
1486941045,-48.49136,-27.48133
1486941046,-48.49178,-27.48148
1486941047,-48.492,-27.48156
1486941049,-48.49242,-27.48172
1486941050,-48.49242,-27.48172
1486941051,-48.49285,-27.4819
1486941052,-48.49285,-27.4819
1486941053,-48.49327,-27.48206
1486941054,-48.49327,-27.48206
1486941055,-48.49369,-27.48223
1486941056,-48.4939,-27.48231
1486941057,-48.4939,-27.48231
1486941059,-48.49453,-27.48257
1486941060,-48.49474,-27.48265
1486941061,-48.49474,-27.48265
1486941062,-48.49516,-27.48282
1486941063,-48.49516,-27.48282
1486941064,-48.49557,-27.48301
1486941065,-48.49557,-27.48301
1486941066,-48.49597,-27.48322
1486941067,-48.49616,-27.48334
1486941068,-48.49616,-27.48334
1486941069,-48.49653,-27.48359
1486941070,-48.49653,-27.48359
1486941071,-48.49687,-27.48387
1486941073,-48.49704,-27.48401
1486941074,-48.4972,-27.48416
1486941075,-48.4972,-27.48416
1486941076,-48.4975,-27.48447
1486941077,-48.49764,-27.48462
1486941078,-48.49791,-27.48491
1486941079,-48.49803,-27.48505
1486941080,-48.49815,-27.48519
1486941081,-48.49815,-27.48519
1486941082,-48.49841,-27.48548
1486941083,-48.49841,-27.48548
1486941084,-48.49869,-27.48577
1486941085,-48.49869,-27.48577
1486941087,-48.49896,-27.48605
1486941088,-48.4991,-27.48619
1486941089,-48.49937,-27.48648
1486941090,-48.49937,-27.48648
1486941092,-48.49964,-27.48677
1486941093,-48.49964,-27.48677
1486941094,-48.49992,-27.48705
1486941095,-48.50019,-27.48735
1486941096,-48.50019,-27.48735
1486941098,-48.50047,-27.48765
1486941099,-48.50061,-27.4878
1486941100,-48.50061,-27.4878
1486941101,-48.50102,-27.48825
1486941102,-48.50102,-27.48825
1486941103,-48.5013,-27.48856
1486941104,-48.5013,-27.48856
1486941105,-48.50159,-27.48886
1486941106,-48.50159,-27.48886
1486941113,-48.50263,-27.49012
1486941114,-48.50263,-27.49012
1486941115,-48.50286,-27.49045
1486941148,-48.50706,-27.49565
1486941180,-48.51091,-27.49847
1486941187,-48.51171,-27.49924
1486941192,-48.51253,-27.50003
1486941198,-48.5134,-27.50088
1486941200,-48.5137,-27.50117
1486941201,-48.51384,-27.50133
1486941205,-48.51426,-27.50207
1486941208,-48.51442,-27.50269
1486941211,-48.51445,-27.50311
1486941212,-48.51443,-27.50332
1486941213,-48.51436,-27.50374
1486941217,-48.51419,-27.50455
1486941219,-48.51411,-27.50495
1486941223,-48.51391,-27.50576
1486941225,-48.51383,-27.50616
1486941228,-48.51375,-27.50658
1486941231,-48.51358,-27.50741
1486941236,-48.51341,-27.50825
1486941237,-48.5133,-27.50866
1486941238,-48.51326,-27.50887
1486941248,-48.51313,-27.51102
1486941249,-48.51314,-27.51123
1486941253,-48.51318,-27.5121
1486941254,-48.5132,-27.51232
1486941257,-48.51322,-27.51276
1486941258,-48.51323,-27.51298
1486941259,-48.51324,-27.5132
1486941262,-48.51327,-27.51386
1486941263,-48.5133,-27.5143
1486941267,-48.51335,-27.51495
1486941268,-48.51338,-27.51518
1486941272,-48.5135,-27.51604
1486941273,-48.51359,-27.51647
1486941275,-48.51369,-27.5169
1486941277,-48.51379,-27.51733
1486941287,-48.51423,-27.51925
1486941289,-48.51437,-27.51986
1486941292,-48.51446,-27.52026
1486941293,-48.51455,-27.52065
1486941295,-48.51463,-27.52103
1486941298,-48.51469,-27.52142
1486941299,-48.51471,-27.52182
1486941301,-48.51471,-27.52223
1486941303,-48.51465,-27.52263
1486941306,-48.51456,-27.52304
1486941307,-48.51451,-27.52325
1486941308,-48.51437,-27.52365
1486941312,-48.51413,-27.52424
1486941313,-48.51396,-27.52464
1486941318,-48.51365,-27.52543
1486941324,-48.51356,-27.5269
1486941326,-48.51359,-27.52711
1486941327,-48.51365,-27.52752
1486941328,-48.5137,-27.52773
1486941333,-48.51377,-27.52878
1486941334,-48.51375,-27.52899
1486941337,-48.51365,-27.52962
1486941339,-48.51357,-27.53004
1486941343,-48.51342,-27.53089
1486941348,-48.51306,-27.5319
1486941350,-48.51283,-27.53229
1486941353,-48.51255,-27.53266
1486941354,-48.5124,-27.53285
1486941355,-48.51213,-27.53322
1486941360,-48.51159,-27.53394
1486941361,-48.51127,-27.53427
1486941364,-48.51093,-27.53462
1486941367,-48.51031,-27.5353
1486941369,-48.51017,-27.53547
1486941370,-48.50989,-27.5358
1486941374,-48.50947,-27.5363
1486941379,-48.5086,-27.53733
1486941383,-48.50799,-27.53808
1486941386,-48.50767,-27.53846
1486941387,-48.50751,-27.53866
1486941388,-48.50718,-27.53904
1486941393,-48.5065,-27.5398
1486941398,-48.50568,-27.54076
1486941399,-48.50535,-27.54115
1486941401,-48.50502,-27.54153
1486941404,-48.5047,-27.54193
1486941406,-48.50437,-27.54232
1486941407,-48.50421,-27.54251
1486941408,-48.50388,-27.5429
1486941411,-48.50355,-27.54329
1486941415,-48.5029,-27.54404
1486941416,-48.50259,-27.5444
1486941421,-48.50199,-27.54512
1486941423,-48.50154,-27.54569
1486941426,-48.50123,-27.54608
1486941427,-48.50107,-27.54627
1486941433,-48.50001,-27.54759
1486941437,-48.49942,-27.54831
1486941438,-48.49927,-27.5485
1486941442,-48.49883,-27.54929
1486941448,-48.49869,-27.55039
1486941449,-48.49878,-27.55084
1486941450,-48.49885,-27.55105
1486941453,-48.49905,-27.55146
1486941454,-48.49917,-27.55166
1486941455,-48.49941,-27.55206
1486941458,-48.49965,-27.55246
1486941459,-48.4999,-27.55286
1486941462,-48.50015,-27.55327
1486941465,-48.50068,-27.55407
1486941468,-48.50105,-27.55469
1486941469,-48.50116,-27.5549
1486941471,-48.50138,-27.55532
1486941475,-48.5017,-27.55595
1486941476,-48.50191,-27.55637
1486941478,-48.50214,-27.55678
1486941481,-48.50234,-27.5572
1486941482,-48.50253,-27.55763
1486941484,-48.50262,-27.55784
1486941489,-48.50306,-27.55892
1486941492,-48.50337,-27.55981
1486941495,-48.50353,-27.56025
1486941498,-48.50384,-27.56115
1486941500,-48.504,-27.5616
1486941502,-48.50408,-27.56182
1486941503,-48.50423,-27.56226
1486941505,-48.50431,-27.56248
1486941506,-48.50446,-27.56292
1486941508,-48.50461,-27.56336
1486941512,-48.50492,-27.56424
1486941515,-48.50507,-27.56466
1486941524,-48.50545,-27.56656
1486941531,-48.50638,-27.56721
1486941532,-48.5066,-27.56724
1486941538,-48.50771,-27.56742
1486941539,-48.50817,-27.5675
1486941541,-48.50865,-27.56758
1486941545,-48.50987,-27.5678
1486941548,-48.51035,-27.56796
1486941550,-48.51102,-27.56834
1486941553,-48.51146,-27.56861
1486941554,-48.51187,-27.56891
1486941556,-48.51218,-27.5693
1486941558,-48.51229,-27.56953
1486941566,-48.5127,-27.57141
1486941567,-48.5127,-27.57141
1486941568,-48.5128,-27.57183
1486941597,-48.51551,-27.57641
1486941609,-48.5178,-27.5771
1486941612,-48.51837,-27.57726
1486941615,-48.51876,-27.57739
1486941616,-48.51896,-27.57745
1486941618,-48.51936,-27.57757
1486941623,-48.52034,-27.57787
1486941624,-48.52074,-27.578
1486941626,-48.52114,-27.57814
1486941629,-48.52155,-27.57828
1486941635,-48.52297,-27.57888
1486941639,-48.52354,-27.57912
1486941640,-48.5239,-27.57926
1486941645,-48.52466,-27.57911
1486941647,-48.52479,-27.57888
1486941650,-48.52479,-27.57867
1486941657,-48.52416,-27.57883
1486941658,-48.52406,-27.57908
1486941660,-48.52396,-27.57936
1486941663,-48.52387,-27.57964
1486941667,-48.52362,-27.5804
1486941669,-48.52352,-27.58072
1486941674,-48.5232,-27.58154
1486941679,-48.5229,-27.58224
1486941680,-48.52276,-27.58259
1486941684,-48.52254,-27.58314
1486941685,-48.5224,-27.5835
1486941688,-48.52226,-27.58387
1486941689,-48.5221,-27.58422
1486941693,-48.52175,-27.58492
1486941697,-48.52144,-27.58542
1486941698,-48.5212,-27.58573
1486941700,-48.52095,-27.58602
1486941703,-48.52057,-27.58642
1486941705,-48.5203,-27.58666
1486941707,-48.52003,-27.58688
1486941713,-48.51921,-27.58751
1486941717,-48.51868,-27.58792
1486941720,-48.51843,-27.58814
1486941721,-48.51817,-27.58835
1486941726,-48.51767,-27.58873
1486941727,-48.51747,-27.58889
1486941730,-48.51725,-27.58906
1486941745,-48.5171,-27.58918
1486941755,-48.5171,-27.58918
1486941775,-48.51656,-27.58965
1486941778,-48.51642,-27.58981
1486941780,-48.5162,-27.59006
1486941782,-48.51606,-27.59026
1486941785,-48.51585,-27.59056
1486941787,-48.51572,-27.59078
1486941793,-48.51539,-27.59148
1486941798,-48.51522,-27.59194
1486941799,-48.51516,-27.59218
1486941803,-48.51507,-27.59269
1486941806,-48.51506,-27.59292
1486941807,-48.51505,-27.5931
1486941811,-48.51504,-27.59329
1486941822,-48.51504,-27.59337
1486941832,-48.51504,-27.59337
1486941843,-48.51506,-27.59335
1486941853,-48.51506,-27.59336
1486941861,-48.51508,-27.59368
1486941863,-48.51512,-27.59399
1486941865,-48.51517,-27.59422
1486941867,-48.51524,-27.59447
1486941872,-48.51541,-27.59519
1486941874,-48.51549,-27.59549
1486941876,-48.51557,-27.59579
1486941879,-48.51564,-27.5961
1486941882,-48.5158,-27.59672
1486941887,-48.516,-27.59752
1486941892,-48.51624,-27.59834
1486941894,-48.51633,-27.59868
1486941898,-48.51641,-27.599
1486941912,-48.51651,-27.59929
1486941923,-48.51651,-27.59929
1486941934,-48.51651,-27.59929
1486941940,-48.5166,-27.5996
1486941951,-48.51699,-27.60097
1486941954,-48.51703,-27.60119
1486941956,-48.5171,-27.60147
1486941965,-48.51734,-27.60222
1486941969,-48.5173,-27.60244
1486941974,-48.51727,-27.60262
1486941979,-48.51723,-27.60285
1486941983,-48.51716,-27.6032
1486941987,-48.5171,-27.6035
1486941988,-48.51706,-27.6037
1486941990,-48.517,-27.6039
1486941995,-48.51687,-27.6043
1486941997,-48.51689,-27.60458
1486941999,-48.51703,-27.60474
1486942003,-48.5173,-27.60505
1486942006,-48.51751,-27.60529
1486942013,-48.51816,-27.6059
1486942016,-48.51837,-27.60609
1486942018,-48.5187,-27.60634
1486942020,-48.51893,-27.6065
1486942023,-48.51916,-27.60665
1486942024,-48.51931,-27.60681
1486942027,-48.51958,-27.60678
1486942030,-48.51979,-27.60691
1486942034,-48.5198,-27.6072
1486942038,-48.51993,-27.60747
1486942039,-48.52004,-27.60766
1486942041,-48.52017,-27.60784
1486942044,-48.52034,-27.60798
1486942045,-48.52051,-27.60811
1486942049,-48.52086,-27.60835
1486942052,-48.52104,-27.60847
1486942053,-48.52122,-27.6086
1486942057,-48.52149,-27.6088
1486942060,-48.52166,-27.60891
1486942063,-48.52188,-27.60908
1486942069,-48.52231,-27.60939
1486942072,-48.52254,-27.60955
1486942082,-48.52304,-27.60989
1486942086,-48.52333,-27.6101
1486942100,-48.52422,-27.61073
1486942105,-48.52471,-27.61106
1486942108,-48.52485,-27.6112
1486942110,-48.52503,-27.61146
1486942113,-48.52509,-27.61175
1486942125,-48.52571,-27.61274
1486942130,-48.5262,-27.61318
1486942136,-48.52661,-27.61337
1486942146,-48.52663,-27.61337
1486942156,-48.52692,-27.61342
1486942175,-48.52732,-27.61436
1486942177,-48.52729,-27.61457
1486942182,-48.52728,-27.61501
1486942184,-48.52731,-27.61523
1486942194,-48.52734,-27.61529
1486942205,-48.52733,-27.61531
1486942208,-48.52737,-27.6155
1486942223,-48.52813,-27.61608
1486942234,-48.52826,-27.61611
1486942251,-48.5285,-27.61633
1486942256,-48.52844,-27.6169
1486942260,-48.52836,-27.61744
1486942266,-48.52829,-27.61831
1486942270,-48.52824,-27.61931
1486942275,-48.52816,-27.62043
1486942285,-48.52784,-27.62274
1486942287,-48.52771,-27.62319
1486942296,-48.52704,-27.62496
1486942298,-48.52679,-27.62561
1486942300,-48.52668,-27.62599
1486942312,-48.52653,-27.6267
1486942323,-48.52652,-27.62785
1486942332,-48.52682,-27.62928
1486942334,-48.52697,-27.6298
1486942338,-48.52713,-27.63035
1486942349,-48.52731,-27.63256
1486942354,-48.52704,-27.63383
1486942357,-48.52682,-27.63448
1486942360,-48.52663,-27.6349
1486942379,-48.52498,-27.63875
1486942383,-48.52488,-27.63958
1486942385,-48.52487,-27.63978
1486942387,-48.52484,-27.64039
1486942401,-48.52478,-27.64321
1486942408,-48.52475,-27.6442
1486942411,-48.52445,-27.64464
1486942431,-48.52236,-27.64649
1486942432,-48.52209,-27.64663
1486942434,-48.52183,-27.64677
1486942448,-48.52162,-27.6483
1486942453,-48.52168,-27.64879
1486942460,-48.52182,-27.64928
1486942466,-48.52193,-27.64957
1486942479,-48.52214,-27.64999
1486942485,-48.52212,-27.64997
1486942486,-48.52245,-27.65038
1486942496,-48.52279,-27.65101
1486942504,-48.52303,-27.65146
1486942507,-48.5232,-27.65176
1486942509,-48.52331,-27.65195
1486942525,-48.524,-27.65319
1486942527,-48.52414,-27.65343
1486942532,-48.52434,-27.65379
1486942535,-48.52454,-27.65417
1486942550,-48.52545,-27.65548
1486942553,-48.52577,-27.65585
1486942555,-48.52593,-27.65604
1486942560,-48.52635,-27.65656
1486942572,-48.52716,-27.65787
1486942582,-48.5278,-27.65894
1486942585,-48.52792,-27.65916
1486942590,-48.5283,-27.65984
1486942601,-48.52892,-27.66098
1486942608,-48.52947,-27.66164
1486942610,-48.52975,-27.66188
1486942613,-48.5301,-27.66208
1486942629,-48.53208,-27.66267
1486942631,-48.53231,-27.66273
1486942636,-48.53285,-27.66286
1486942648,-48.53422,-27.6632
1486942652,-48.53456,-27.66329
1486942655,-48.53483,-27.66337
1486942660,-48.5351,-27.66341
1486942675,-48.53639,-27.66376
1486942677,-48.53667,-27.66383
1486942686,-48.53738,-27.66394
1486942701,-48.53905,-27.66385
1486942704,-48.53929,-27.66383
1486942705,-48.53952,-27.66381
1486942713,-48.54044,-27.66373
1486942723,-48.54166,-27.66364
1486942732,-48.54264,-27.66356
1486942734,-48.54285,-27.66354
1486942737,-48.54306,-27.66353
1486942745,-48.54395,-27.66346
1486942757,-48.54503,-27.6634
1486942760,-48.54533,-27.6635
1486942763,-48.54546,-27.66365
1486942767,-48.54559,-27.66386
1486942772,-48.54567,-27.66404
1486942782,-48.54566,-27.66421
1486942792,-48.54566,-27.6642
1486942803,-48.54566,-27.66421
1486942814,-48.54566,-27.66421
1486942824,-48.54566,-27.66421
1486942835,-48.54566,-27.66421
1486942841,-48.54566,-27.66421
