1487816595,-46.47986,-23.4232
1487816598,-46.48015,-23.42229
1487816603,-46.48014,-23.42194
1487816605,-46.48026,-23.42174
1487816609,-46.48078,-23.42176
1487816620,-46.48245,-23.42192
1487816633,-46.48457,-23.42251
1487816637,-46.48517,-23.42265
1487816643,-46.48608,-23.42287
1487816644,-46.48647,-23.42297
1487816647,-46.48686,-23.42307
1487816649,-46.48742,-23.42321
1487816651,-46.48777,-23.4233
1487816666,-46.49057,-23.42419
1487816668,-46.49097,-23.42442
1487816671,-46.49136,-23.42471
1487816672,-46.49177,-23.42508
1487816678,-46.49266,-23.42632
1487816680,-46.49276,-23.42684
1487816682,-46.49284,-23.42731
1487816685,-46.49283,-23.42808
1487816688,-46.49288,-23.42856
1487816693,-46.49308,-23.42974
1487816701,-46.49326,-23.43169
1487816704,-46.49331,-23.43214
1487816705,-46.49335,-23.43259
1487816709,-46.49343,-23.43323
1487816717,-46.49366,-23.43486
1487816721,-46.49388,-23.43591
1487816724,-46.49395,-23.43634
1487816725,-46.49403,-23.43675
1487816730,-46.49425,-23.43784
1487816732,-46.4943,-23.43806
1487816733,-46.4944,-23.43851
1487816738,-46.49456,-23.43943
1487816748,-46.49494,-23.44158
1487816750,-46.49496,-23.44198
1487816753,-46.49493,-23.44278
1487816759,-46.49472,-23.44386
1487816763,-46.49434,-23.44488
1487816765,-46.49418,-23.4453
1487816768,-46.49399,-23.44573
1487816770,-46.49372,-23.44638
1487816772,-46.49364,-23.44661
1487816779,-46.49284,-23.44851
1487816782,-46.49263,-23.44903
1487816785,-46.49221,-23.45007
1487816791,-46.49169,-23.45142
1487816799,-46.49076,-23.45348
1487816801,-46.49058,-23.45397
1487816807,-46.49039,-23.45546
1487816811,-46.49057,-23.45639
1487816812,-46.49061,-23.45661
1487816815,-46.49073,-23.45728
1487816816,-46.49083,-23.45767
1487816831,-46.49137,-23.46051
1487816834,-46.49132,-23.46117
1487816844,-46.49043,-23.46347
1487816846,-46.49036,-23.46399
1487816849,-46.49051,-23.46481
1487816850,-46.4906,-23.46507
1487816852,-46.49076,-23.46562
1487816857,-46.49116,-23.4673
1487816861,-46.49135,-23.46814
1487816869,-46.49204,-23.47046
1487816875,-46.49285,-23.47207
1487816877,-46.4934,-23.47264
1487816880,-46.49389,-23.47276
1487816881,-46.49451,-23.47291
1487816883,-46.49537,-23.47259
1487816887,-46.49637,-23.47247
1487816896,-46.49933,-23.47222
1487816900,-46.50103,-23.47217
1487816903,-46.50168,-23.47219
1487816914,-46.50561,-23.47267
1487816916,-46.50595,-23.47274
1487816917,-46.50662,-23.47288
1487816920,-46.50763,-23.47313
1487816933,-46.51178,-23.47463
1487816936,-46.51303,-23.47514
1487816938,-46.51363,-23.4754
1487816940,-46.51423,-23.4757
1487816943,-46.51482,-23.47603
1487816944,-46.51537,-23.47634
1487816949,-46.51674,-23.4772
1487816951,-46.51729,-23.47757
1487816956,-46.51868,-23.47857
1487816968,-46.52171,-23.48024
1487816978,-46.52536,-23.48211
1487816981,-46.52617,-23.48271
1487816992,-46.52882,-23.48522
1487817002,-46.53103,-23.48728
1487817004,-46.53179,-23.48794
1487817011,-46.53368,-23.48931
1487817015,-46.53477,-23.49007
1487817021,-46.53641,-23.49123
1487817023,-46.53668,-23.49143
1487817027,-46.53775,-23.49221
1487817032,-46.53908,-23.49316
1487817033,-46.53962,-23.49354
1487817036,-46.54016,-23.49392
1487817042,-46.54177,-23.49509
1487817044,-46.5423,-23.49551
1487817048,-46.54337,-23.49676
1487817050,-46.5435,-23.49702
1487817051,-46.54376,-23.49755
1487817070,-46.54481,-23.50222
1487817073,-46.54505,-23.503
1487817075,-46.54529,-23.50354
1487817079,-46.54575,-23.50426
1487817080,-46.54612,-23.5047
1487817082,-46.54632,-23.50493
1487817083,-46.54683,-23.50526
1487817085,-46.54736,-23.50558
1487817091,-46.54914,-23.50613
1487817096,-46.55072,-23.50638
1487817102,-46.55229,-23.5068
1487817105,-46.55345,-23.50732
1487817108,-46.55399,-23.50767
1487817109,-46.55451,-23.50808
1487817113,-46.55541,-23.50895
1487817116,-46.55598,-23.50982
1487817118,-46.55611,-23.51009
1487817119,-46.55634,-23.51067
1487817120,-46.55643,-23.51097
1487817123,-46.55656,-23.51158
1487817130,-46.55689,-23.51367
1487817136,-46.55687,-23.51533
1487817148,-46.55618,-23.51863
1487817150,-46.55613,-23.51921
1487817152,-46.55623,-23.51976
1487817155,-46.55658,-23.52082
1487817162,-46.55763,-23.52212
1487817167,-46.55924,-23.52296
1487817169,-46.55982,-23.52308
1487817173,-46.56105,-23.52312
1487817174,-46.56135,-23.5231
1487817176,-46.56165,-23.52308
1487817177,-46.56224,-23.52304
1487817181,-46.56304,-23.52303
1487817186,-46.56428,-23.52317
1487817190,-46.56533,-23.52346
1487817193,-46.56556,-23.52353
1487817205,-46.56825,-23.52493
1487817209,-46.56927,-23.52542
1487817210,-46.56983,-23.52561
1487817212,-46.57012,-23.5257
1487817213,-46.57072,-23.52583
1487817215,-46.57134,-23.52593
1487817220,-46.57293,-23.52594
1487817223,-46.57356,-23.52586
1487817224,-46.57417,-23.52579
1487817237,-46.57745,-23.52596
1487817240,-46.57832,-23.52619
1487817241,-46.57888,-23.52633
1487817246,-46.58001,-23.5266
1487817248,-46.5806,-23.52674
1487817254,-46.58246,-23.52722
1487817257,-46.58341,-23.52746
1487817263,-46.58539,-23.52794
1487817267,-46.58701,-23.52839
1487817272,-46.58829,-23.52874
1487817273,-46.58856,-23.52882
1487817275,-46.58888,-23.5289
1487817277,-46.58981,-23.52916
1487817280,-46.59034,-23.5293
1487817284,-46.59133,-23.5295
1487817290,-46.59274,-23.52945
1487817297,-46.59442,-23.52893
1487817301,-46.59517,-23.52845
1487817306,-46.59604,-23.52771
1487817308,-46.59625,-23.52755
1487817312,-46.59722,-23.52667
1487817321,-46.59918,-23.52484
1487817322,-46.59939,-23.52466
1487817324,-46.59974,-23.52432
1487817327,-46.60011,-23.52404
1487817328,-46.60044,-23.52379
1487817332,-46.60118,-23.52319
1487817336,-46.60202,-23.52265
1487817341,-46.60329,-23.52216
1487817349,-46.6052,-23.52199
1487817350,-46.6057,-23.52204
1487817351,-46.60602,-23.52208
1487817355,-46.60685,-23.52226
1487817357,-46.60739,-23.52234
1487817358,-46.60765,-23.52238
1487817362,-46.60861,-23.5225
1487817363,-46.60908,-23.52252
1487817368,-46.6101,-23.52246
1487817383,-46.61321,-23.52084
1487817386,-46.6134,-23.52062
1487817389,-46.61384,-23.52025
1487817394,-46.61457,-23.51975
1487817396,-46.61475,-23.51964
1487817397,-46.61511,-23.5194
1487817403,-46.61611,-23.51885
1487817410,-46.61767,-23.51829
1487817415,-46.61891,-23.51807
1487817416,-46.61941,-23.51805
1487817418,-46.61967,-23.51805
1487817421,-46.62042,-23.5181
1487817422,-46.6209,-23.51818
1487817424,-46.62114,-23.5182
1487817430,-46.62261,-23.51848
1487817431,-46.62312,-23.51855
1487817433,-46.62364,-23.51857
1487817441,-46.62573,-23.51852
1487817443,-46.62624,-23.51846
1487817449,-46.62717,-23.51842
1487817450,-46.62753,-23.51838
1487817456,-46.62841,-23.51827
1487817459,-46.62883,-23.51821
1487817462,-46.62903,-23.51818
1487817463,-46.62925,-23.51816
1487817466,-46.62945,-23.51812
1487817470,-46.62999,-23.51809
1487817476,-46.63053,-23.51801
1487817480,-46.63073,-23.51792
1487817487,-46.63052,-23.5175
1487817497,-46.63009,-23.51779
1487817500,-46.63013,-23.51822
1487817502,-46.63019,-23.51846
1487817504,-46.63022,-23.51873
1487817519,-46.63043,-23.52087
1487817521,-46.63051,-23.52111
1487817523,-46.63056,-23.52135
1487817529,-46.63074,-23.52222
1487817531,-46.63082,-23.52253
1487817535,-46.63093,-23.52301
1487817536,-46.62924,-23.51944
1487817552,-46.63117,-23.52388
1487817560,-46.63115,-23.5239
1487817570,-46.63115,-23.5239
1487817592,-46.63115,-23.52392
1487817600,-46.63119,-23.52446
1487817601,-46.63121,-23.52468
1487817604,-46.63124,-23.52501
1487817607,-46.63127,-23.52524
1487817608,-46.63131,-23.52544
1487817617,-46.63146,-23.52644
1487817624,-46.63159,-23.52751
1487817625,-46.63164,-23.52785
1487817630,-46.63173,-23.52853
1487817632,-46.63185,-23.52903
1487817639,-46.63219,-23.53014
1487817645,-46.63243,-23.53102
1487817655,-46.63276,-23.53212
1487817659,-46.63293,-23.53259
1487817661,-46.63303,-23.53287
1487817666,-46.63327,-23.53368
1487817671,-46.63354,-23.53468
1487817674,-46.63364,-23.53509
1487817675,-46.63372,-23.53549
1487817677,-46.63377,-23.53585
1487817682,-46.63376,-23.53668
1487817683,-46.63392,-23.53605
1487817691,-46.63386,-23.53798
1487817695,-46.63394,-23.53884
1487817703,-46.63416,-23.54079
1487817706,-46.63425,-23.54117
1487817707,-46.63441,-23.54146
1487817712,-46.63472,-23.54195
1487817727,-46.63505,-23.54222
1487817737,-46.63514,-23.54224
1487817747,-46.63517,-23.54226
1487817755,-46.63538,-23.54272
1487817776,-46.63551,-23.54299
1487817797,-46.63566,-23.54311
1487817807,-46.63577,-23.54337
1487817843,-46.63328,-23.52291
1487817849,-46.63851,-23.54747
1487817851,-46.63861,-23.54783
1487817860,-46.63912,-23.54909
1487817868,-46.63849,-23.55016
1487817869,-46.63833,-23.55031
1487817870,-46.63807,-23.55065
1487817872,-46.63795,-23.55079
1487817879,-46.63705,-23.55204
1487817880,-46.63692,-23.55244
1487817884,-46.6367,-23.55306
1487817885,-46.6367,-23.55329
1487817886,-46.63673,-23.55371
1487817892,-46.63719,-23.55499
1487817902,-46.63777,-23.55642
1487817904,-46.63789,-23.55666
1487817908,-46.63814,-23.55725
1487817913,-46.63849,-23.55811
1487817916,-46.63865,-23.55849
1487817917,-46.63879,-23.55886
1487817918,-46.63886,-23.55906
1487817921,-46.63905,-23.55944
1487817922,-46.63934,-23.55977
1487817935,-46.64036,-23.56245
1487817938,-46.64043,-23.56285
1487817939,-46.64047,-23.56323
1487817941,-46.64047,-23.56366
1487817945,-46.64062,-23.56429
1487817947,-46.64073,-23.56474
1487817948,-46.64086,-23.56518
1487817953,-46.64088,-23.56618
1487817954,-46.64085,-23.56637
1487817956,-46.64085,-23.56674
1487817967,-46.64088,-23.56849
1487817973,-46.64096,-23.56957
1487817974,-46.64098,-23.56978
1487817977,-46.64105,-23.57041
1487817979,-46.64108,-23.57107
1487817983,-46.64112,-23.5717
1487817985,-46.64114,-23.57231
1487817987,-46.64117,-23.57274
1487817991,-46.64126,-23.57357
1487817993,-46.64129,-23.57402
1487818005,-46.6424,-23.57599
1487818017,-46.64512,-23.57781
1487818018,-46.64528,-23.57793
1487818021,-46.64564,-23.57821
1487818022,-46.64603,-23.5785
1487818028,-46.6468,-23.57902
1487818031,-46.64727,-23.57936
1487818032,-46.6476,-23.57962
1487818043,-46.64943,-23.58094
1487818047,-46.64979,-23.58117
1487818048,-46.65004,-23.58135
1487818051,-46.65043,-23.58162
1487818054,-46.65091,-23.58193
1487818056,-46.65108,-23.58203
1487818057,-46.65143,-23.58228
1487818060,-46.65201,-23.58268
1487818069,-46.65337,-23.58435
1487818077,-46.65343,-23.58597
1487818085,-46.6528,-23.58741
1487818087,-46.65271,-23.58761
1487818088,-46.65262,-23.58781
1487818090,-46.65233,-23.58841
1487818094,-46.65193,-23.58924
1487818106,-46.65075,-23.59194
1487818108,-46.65065,-23.59243
1487818112,-46.65052,-23.59347
1487818114,-46.65053,-23.59396
1487818116,-46.65058,-23.59443
1487818118,-46.65061,-23.59467
1487818121,-46.6507,-23.59555
1487818128,-46.65086,-23.59671
1487818130,-46.65087,-23.59704
1487818137,-46.65093,-23.59803
1487818147,-46.65108,-23.6
1487818151,-46.6512,-23.60084
1487818157,-46.65133,-23.60197
1487818158,-46.65139,-23.60244
1487818160,-46.65142,-23.60291
1487818162,-46.65146,-23.60338
1487818164,-46.65148,-23.6036
1487818167,-46.65151,-23.60446
1487818179,-46.65192,-23.60654
1487818184,-46.65244,-23.60739
1487818188,-46.65312,-23.60814
1487818193,-46.6536,-23.60878
1487818194,-46.65383,-23.60905
1487818197,-46.65414,-23.6094
1487818200,-46.65432,-23.60958
1487818201,-46.65453,-23.60979
1487818215,-46.65604,-23.61136
1487818217,-46.65648,-23.6118
1487818221,-46.65692,-23.61226
1487818223,-46.6572,-23.61254
1487818224,-46.65747,-23.61282
1487818226,-46.65773,-23.61307
1487818229,-46.65797,-23.61329
1487818231,-46.65818,-23.6135
1487818233,-46.6585,-23.61385
1487818249,-46.66051,-23.61602
1487818251,-46.6608,-23.61633
1487818255,-46.66122,-23.61677
1487818258,-46.66177,-23.61732
1487818261,-46.66204,-23.61775
1487818265,-46.66218,-23.61828
1487818266,-46.66221,-23.61865
1487818268,-46.66221,-23.61901
1487818287,-46.66204,-23.6216
1487818293,-46.6625,-23.62164
1487818296,-46.66277,-23.6216
1487818301,-46.66304,-23.62163
1487818319,-46.66428,-23.62175
1487818327,-46.66484,-23.62172
1487818332,-46.6651,-23.62174
1487818335,-46.66528,-23.62186
1487818349,-46.66572,-23.6226
1487818355,-46.66614,-23.62289
1487818360,-46.66639,-23.62286
1487818362,-46.6665,-23.6227
1487818366,-46.66668,-23.62279
1487818369,-46.66684,-23.62298
1487818385,-46.66747,-23.62364
1487818388,-46.66761,-23.62377
1487818403,-46.66801,-23.62426
1487818406,-46.66819,-23.62442
1487818408,-46.66836,-23.62465
1487818418,-46.66814,-23.62496
1487818424,-46.66796,-23.62505
1487818428,-46.66791,-23.62506
