1487281438,-43.18415,-22.96884
1487281440,-43.18409,-22.9688
1487281451,-43.18409,-22.9688
1487281461,-43.18402,-22.96879
1487281472,-43.18402,-22.96879
1487281483,-43.18397,-22.96883
1487281493,-43.18397,-22.9688
1487281503,-43.18397,-22.96881
1487281514,-43.18397,-22.96881
1487281515,-43.18397,-22.96881
1487281524,-43.18397,-22.96881
1487281535,-43.18393,-22.96879
1487281545,-43.1839,-22.96876
1487281555,-43.1839,-22.96876
1487281558,-43.1839,-22.96876
1487281566,-43.1839,-22.96876
1487281577,-43.1839,-22.96876
1487293894,-43.19916,-22.9026
