1488984409,-46.48984,-23.43013
1488984412,-46.49,-23.43
1488984413,-46.48984,-23.43013
1488984420,-46.48348,-23.42563
1488984423,-46.48984,-23.43013
1488984424,-46.48348,-23.42563
1488984430,-46.49,-23.43
1488984431,-46.48984,-23.43013
1488984432,-46.48348,-23.42563
1488984441,-46.48984,-23.43013
1488984443,-46.49,-23.43
1488984445,-46.48984,-23.43013
1488984449,-46.49,-23.43
1488984451,-46.48984,-23.43013
1488984458,-46.48984,-23.43013
1488984460,-46.49,-23.43
1488984462,-46.48984,-23.43013
1488984468,-46.49,-23.43
1488984469,-46.49,-23.43
1488984471,-46.48984,-23.43013
1488984479,-46.49,-23.43
1488984482,-46.49,-23.43
1488984485,-46.48984,-23.43013
1488984493,-46.49,-23.43
1488984500,-46.48984,-23.43013
1488984510,-46.48984,-23.43013
1488984520,-46.48984,-23.43013
1488984528,-46.49,-23.43
1488984529,-46.48984,-23.43013
1488984539,-46.48984,-23.43013
1488984540,-46.48984,-23.43013
1488984550,-46.48984,-23.43013
1488984551,-46.48984,-23.43013
1488984560,-46.48984,-23.43013
1488984561,-46.48984,-23.43013
1488984571,-46.48984,-23.43013
1488984579,-46.49,-23.43
1488984581,-46.48984,-23.43013
1488984592,-46.48984,-23.43013
1488984593,-46.48984,-23.43013
1488984603,-46.48984,-23.43013
1488984604,-46.48984,-23.43013
1488984614,-46.48984,-23.43013
1488984656,-46.48984,-23.43013
1488984658,-46.48984,-23.43013
1488984679,-46.49,-23.43
1488984680,-46.48984,-23.43013
1488984681,-46.48984,-23.43013
1488984692,-46.49,-23.43
1488984694,-46.48984,-23.43013
1488984696,-46.48984,-23.43013
1488984697,-46.49,-23.43
1488984699,-46.48984,-23.43013
1488984700,-46.49,-23.43
1488984702,-46.48984,-23.43013
1488984722,-46.48984,-23.43013
1488984723,-46.48984,-23.43013
1488984733,-46.49,-23.43
1488984734,-46.48984,-23.43013
1488984745,-46.48984,-23.43013
1488984751,-46.49,-23.43
1488984756,-46.48984,-23.43013
1488984764,-46.48984,-23.43013
1488984776,-46.48984,-23.43013
1488984786,-46.48984,-23.43013
1488984846,-46.49006,-23.43054
1488984847,-46.49007,-23.43055
1488984859,-46.49,-23.4306
1488984881,-46.49003,-23.43039
1488984887,-46.49,-23.43015
1488984893,-46.4899,-23.42997
1488984895,-46.49013,-23.43049
1488984897,-46.48988,-23.42993
1488984907,-46.4899,-23.4299
1488984920,-46.4899,-23.4299
1488984925,-46.48988,-23.4298
1488984927,-46.48988,-23.42973
1488984937,-46.48987,-23.42944
1488985001,-46.49094,-23.43035
1488985004,-46.49102,-23.43034
1488985013,-46.49179,-23.43027
1488985015,-46.49211,-23.43024
1488985017,-46.49224,-23.43023
1488985037,-46.49343,-23.43029
1488985039,-46.49349,-23.43043
1488985041,-46.4935,-23.4305
1488985042,-46.49352,-23.43067
1488985044,-46.49356,-23.43086
1488985045,-46.49356,-23.43086
1488985047,-46.49359,-23.43106
1488985088,-46.49414,-23.43698
1488985096,-46.4944,-23.43835
1488985102,-46.49456,-23.4392
1488985107,-46.49474,-23.4402
1488985108,-46.49477,-23.44036
1488985111,-46.49483,-23.44069
1488985115,-46.49496,-23.44147
1488985117,-46.49501,-23.44178
1488985120,-46.49502,-23.44226
1488985122,-46.49501,-23.44243
1488985128,-46.49492,-23.44324
1488985131,-46.4947,-23.44412
1488985137,-46.49435,-23.44504
1488985138,-46.4942,-23.4454
1488985140,-46.49406,-23.44579
1488985142,-46.4939,-23.44616
1488985147,-46.49353,-23.4471
1488985150,-46.49337,-23.44746
1488985153,-46.49314,-23.44801
1488985156,-46.49284,-23.44874
1488985173,-46.49165,-23.45167
1488985180,-46.49123,-23.4527
1488985181,-46.49109,-23.45304
1488985182,-46.49102,-23.45321
1488985185,-46.49079,-23.45369
1488985187,-46.49066,-23.45401
1488985215,-46.49106,-23.45852
1488985216,-46.49106,-23.45852
1488985219,-46.49114,-23.45895
1488985221,-46.49123,-23.45943
1488985234,-46.49119,-23.46156
1488985236,-46.49104,-23.46188
1488985238,-46.49089,-23.46222
1488985274,-46.49184,-23.46974
1488985285,-46.49269,-23.47175
1488985306,-46.49731,-23.47234
1488985311,-46.49848,-23.47223
1488985313,-46.49895,-23.47221
1488985323,-46.50126,-23.47224
1488985324,-46.5015,-23.47226
1488985363,-46.5103,-23.47391
1488985367,-46.51142,-23.47433
1488985378,-46.51386,-23.47548
1488985380,-46.5143,-23.4757
1488985383,-46.51473,-23.47593
1488985384,-46.51515,-23.47618
1488985385,-46.51536,-23.4763
1488985387,-46.51575,-23.47655
1488985389,-46.51613,-23.47679
1488985409,-46.51964,-23.47922
1488985413,-46.52063,-23.47975
1488985423,-46.52234,-23.48052
1488985430,-46.52358,-23.48111
1488985455,-46.52779,-23.48427
1488985459,-46.52834,-23.48478
1488985461,-46.52862,-23.48503
1488985463,-46.5289,-23.48529
1488985465,-46.52918,-23.48556
1488985467,-46.52947,-23.48583
1488985468,-46.52962,-23.48597
1488985482,-46.53169,-23.48787
1488985488,-46.53264,-23.48863
1488985491,-46.53311,-23.48897
1488985494,-46.53344,-23.4892
1488985495,-46.53359,-23.48931
1488985497,-46.53406,-23.48964
1488985500,-46.53437,-23.48986
1488985502,-46.53482,-23.49019
1488985503,-46.53482,-23.49019
1488985555,-46.5433,-23.49683
1488985557,-46.5434,-23.497
1488985558,-46.5436,-23.49734
1488985559,-46.5436,-23.49734
1488985562,-46.54384,-23.4979
1488985575,-46.5444,-23.50033
1488985586,-46.54487,-23.50269
1488985588,-46.54498,-23.50307
1488985589,-46.54498,-23.50307
1488985600,-46.54617,-23.5049
1488985602,-46.54669,-23.50532
1488985607,-46.54745,-23.50576
1488985620,-46.55007,-23.50634
1488985622,-46.55094,-23.50648
1488985624,-46.55116,-23.50652
1488985625,-46.55157,-23.50663
1488985626,-46.55178,-23.50668
1488985628,-46.5522,-23.50682
1488985631,-46.55281,-23.50705
1488985632,-46.55281,-23.50705
1488985633,-46.55319,-23.50724
1488985640,-46.55441,-23.50802
1488985642,-46.55473,-23.50829
1488985644,-46.54909,-23.50607
1488985655,-46.55614,-23.51024
1488985664,-46.55666,-23.5122
1488985666,-46.55675,-23.51259
1488985668,-46.55682,-23.513
1488985669,-46.55685,-23.51319
1488985671,-46.55687,-23.51339
1488985672,-46.5569,-23.51379
1488985675,-46.55691,-23.51439
1488985679,-46.55688,-23.5152
1488985682,-46.55682,-23.51559
1488985689,-46.55651,-23.51696
1488985692,-46.55632,-23.51775
1488985694,-46.55624,-23.51816
1488985701,-46.55619,-23.51963
1488985703,-46.55623,-23.51985
1488985706,-46.55653,-23.52066
1488985708,-46.55663,-23.52085
1488985709,-46.55685,-23.52125
1488985710,-46.55698,-23.52143
1488985733,-46.56152,-23.52308
1488985734,-46.56174,-23.52307
1488985735,-46.56197,-23.52306
1488985737,-46.56244,-23.52303
1488985738,-46.56244,-23.52303
1488985739,-46.56292,-23.52304
1488985740,-46.56315,-23.52304
1488985742,-46.56362,-23.52307
1488985757,-46.56663,-23.52405
1488985759,-46.56681,-23.52416
1488985761,-46.56738,-23.52446
1488985770,-46.5689,-23.52528
1488985772,-46.5695,-23.52553
1488985774,-46.56971,-23.52561
1488985775,-46.57014,-23.52574
1488985776,-46.57036,-23.5258
1488985777,-46.57058,-23.52584
1488985779,-46.57104,-23.52592
1488985786,-46.57264,-23.52599
1488985787,-46.57286,-23.52598
1488985789,-46.57332,-23.52593
1488985792,-46.57401,-23.52585
1488985793,-46.57424,-23.52582
1488985801,-46.57597,-23.52578
1488985808,-46.57727,-23.52597
1488985809,-46.57768,-23.52607
1488985810,-46.57789,-23.52613
1488985811,-46.5781,-23.52618
1488985813,-46.57853,-23.52629
1488985823,-46.58058,-23.52676
1488985863,-46.58853,-23.52877
1488985865,-46.58893,-23.52887
1488985866,-46.58913,-23.52892
1488985869,-46.58973,-23.52907
1488985872,-46.59014,-23.52917
1488985873,-46.59034,-23.52922
1488985878,-46.59135,-23.5294
1488985880,-46.59175,-23.52941
1488985882,-46.59231,-23.5294
1488985888,-46.59339,-23.52921
1488985900,-46.59533,-23.52835
1488985907,-46.5963,-23.52761
1488985911,-46.59669,-23.52729
1488985912,-46.59695,-23.52706
1488985915,-46.5973,-23.52673
1488985918,-46.59765,-23.52635
1488985921,-46.59787,-23.52611
1488985931,-46.59908,-23.525
1488985937,-46.59954,-23.52463
1488985939,-46.59968,-23.5245
1488985944,-46.60006,-23.52421
1488985948,-46.60039,-23.52395
1488985951,-46.60056,-23.52382
1488985958,-46.60137,-23.52321
1488985962,-46.60172,-23.52299
1488985963,-46.60194,-23.52286
1488985966,-46.60227,-23.52266
1488985970,-46.60263,-23.52247
1488985979,-46.60494,-23.52204
1488985980,-46.60403,-23.52207
1488985982,-46.60429,-23.52204
1488985986,-46.6048,-23.522
1488986000,-46.6066,-23.52219
1488986006,-46.60736,-23.52234
1488986008,-46.60494,-23.52353
1488986009,-46.60774,-23.52241
1488986013,-46.60827,-23.5225
1488986015,-46.60854,-23.52254
1488986017,-46.60881,-23.52255
1488986019,-46.60909,-23.52256
1488986020,-46.60909,-23.52256
1488986021,-46.60938,-23.52255
1488986029,-46.61053,-23.52237
1488986033,-46.61092,-23.52226
1488986038,-46.61067,-23.52224
1488986046,-46.61179,-23.52187
1488986047,-46.61179,-23.52187
1488986051,-46.61196,-23.52178
1488986056,-46.61213,-23.52168
1488986060,-46.61234,-23.52154
1488986068,-46.6185,-23.5187
1488986070,-46.61305,-23.521
1488986072,-46.61323,-23.52086
1488986073,-46.61323,-23.52086
1488986074,-46.61341,-23.52071
1488986076,-46.61321,-23.52054
1488986080,-46.6138,-23.52035
1488986081,-46.61395,-23.52022
1488986088,-46.61438,-23.51986
1488986090,-46.61462,-23.51967
1488986093,-46.61487,-23.51951
1488986101,-46.61554,-23.51909
1488986105,-46.61588,-23.51892
1488986108,-46.6161,-23.51879
1488986112,-46.61632,-23.51868
1488986115,-46.61649,-23.51854
1488986120,-46.61647,-23.51835
1488986138,-46.61634,-23.51727
1488986144,-46.61629,-23.5168
1488986148,-46.61627,-23.5166
1488986150,-46.61625,-23.51639
1488986156,-46.61663,-23.51799
1488986158,-46.61621,-23.516
1488986181,-46.61599,-23.51561
1488986186,-46.61504,-23.51534
1488986188,-46.616,-23.51571
1488986212,-46.61588,-23.51617
1488986215,-46.61568,-23.51618
1488986220,-46.6155,-23.51602
1488986223,-46.6154,-23.5158
1488986231,-46.61536,-23.51535
1488986252,-46.61546,-23.51521
1488986259,-46.61547,-23.51519
