1489575422,-46.68229,-23.62491
1489575451,-46.68286,-23.62539
1489575453,-46.68302,-23.6255
1489575456,-46.68319,-23.62566
1489575467,-46.6837,-23.62613
1489575492,-46.68455,-23.62597
1489575499,-46.68472,-23.62584
1489575510,-46.68485,-23.62582
1489575546,-46.68428,-23.62526
1489575552,-46.68398,-23.62496
1489575558,-46.6839,-23.62478
1489575598,-46.68252,-23.62312
1489575601,-46.6828,-23.62289
1489575603,-46.683,-23.62275
1489575613,-46.68313,-23.62268
1489575651,-46.68362,-23.62295
1489575657,-46.68399,-23.6233
1489575669,-46.68406,-23.62345
1489575674,-46.68422,-23.62364
1489575705,-46.68485,-23.62433
1489575711,-46.68485,-23.62434
1489575716,-46.68486,-23.62433
1489575750,-46.68452,-23.62515
1489575754,-46.68439,-23.62532
1489575764,-46.68426,-23.62528
1489575770,-46.68393,-23.62488
1489575774,-46.68378,-23.62466
1489575805,-46.68371,-23.62453
1489575818,-46.68357,-23.62438
1489575854,-46.68287,-23.62278
1489575875,-46.68293,-23.62275
1489575878,-46.68312,-23.62259
1489575917,-46.68371,-23.62219
1489575958,-46.68371,-23.62219
1489575969,-46.68371,-23.62219
1489575979,-46.68371,-23.62219
1489576016,-46.68382,-23.62113
1489576017,-46.68378,-23.62091
1489576021,-46.68375,-23.62061
1489576062,-46.68371,-23.62056
1489576073,-46.68371,-23.62056
1489576111,-46.68304,-23.61921
1489576121,-46.68303,-23.61918
1489576165,-46.68304,-23.61918
1489576177,-46.68304,-23.61918
1489576188,-46.68304,-23.61918
1489576221,-46.68203,-23.61795
1489576224,-46.68185,-23.61773
1489576226,-46.68169,-23.61762
1489576228,-46.68152,-23.61751
1489576230,-46.68134,-23.6174
1489576235,-46.68095,-23.61713
1489576237,-46.68082,-23.61698
1489576268,-46.67954,-23.61519
1489576271,-46.67943,-23.61502
1489576274,-46.67932,-23.61486
1489576280,-46.67923,-23.6147
1489576319,-46.67903,-23.61441
1489576330,-46.67903,-23.61441
1489576367,-46.67822,-23.61314
1489576370,-46.67812,-23.61293
1489576373,-46.67802,-23.61268
1489576376,-46.67791,-23.61241
1489576387,-46.67764,-23.61172
1489576392,-46.67757,-23.6115
1489576420,-46.67678,-23.60905
1489576424,-46.67671,-23.60879
1489576427,-46.67664,-23.60859
1489576434,-46.67646,-23.60809
1489576438,-46.67631,-23.60777
1489576461,-46.67564,-23.60599
1489576468,-46.67551,-23.60552
1489576476,-46.67532,-23.60507
1489576480,-46.67516,-23.6048
1489576483,-46.67506,-23.60458
1489576488,-46.67497,-23.60441
1489576531,-46.67495,-23.6044
1489576539,-46.67491,-23.60418
1489576543,-46.67484,-23.60388
1489576572,-46.67402,-23.60125
1489576576,-46.67395,-23.60083
1489576579,-46.67391,-23.6005
1489576582,-46.67389,-23.60029
1489576587,-46.67386,-23.59961
1489576591,-46.67386,-23.59918
1489576593,-46.67385,-23.59899
1489576596,-46.67386,-23.59867
1489576629,-46.67308,-23.59538
1489576632,-46.67304,-23.59513
1489576634,-46.673,-23.59494
1489576639,-46.67295,-23.59448
1489576643,-46.67291,-23.59412
1489576684,-46.67272,-23.59243
1489576694,-46.67265,-23.59241
1489576720,-46.67267,-23.59202
1489576726,-46.67261,-23.59159
1489576730,-46.67258,-23.59128
1489576734,-46.67256,-23.591
1489576737,-46.67256,-23.59079
1489576747,-46.6726,-23.59072
1489576749,-46.67236,-23.59
1489576779,-46.67149,-23.58725
1489576781,-46.67144,-23.58707
1489576785,-46.67134,-23.58675
1489576788,-46.67124,-23.58648
1489576791,-46.67116,-23.58627
1489576795,-46.67108,-23.58606
1489576832,-46.67035,-23.58199
1489576837,-46.67043,-23.58153
1489576839,-46.6705,-23.58119
1489576841,-46.67054,-23.58097
1489576844,-46.6706,-23.58066
1489576848,-46.67067,-23.58037
1489576879,-46.67068,-23.58021
1489576891,-46.67075,-23.57996
1489576895,-46.6708,-23.57967
1489576902,-46.67099,-23.57892
1489576931,-46.6704,-23.57636
1489576934,-46.67015,-23.57619
1489576937,-46.66991,-23.57602
1489576941,-46.66958,-23.57578
1489576946,-46.66918,-23.57549
1489576949,-46.66894,-23.57532
1489576952,-46.66873,-23.57516
1489576988,-46.66754,-23.57431
1489576998,-46.66755,-23.5743
1489577040,-46.66754,-23.5743
1489577046,-46.66729,-23.57412
1489577051,-46.667,-23.57393
1489577053,-46.66675,-23.57378
1489577083,-46.66405,-23.57181
1489577088,-46.66358,-23.57147
1489577090,-46.6634,-23.57133
1489577101,-46.66255,-23.57062
1489577143,-46.66189,-23.57005
1489577147,-46.66168,-23.56984
1489577150,-46.66151,-23.56965
1489577154,-46.66131,-23.56945
1489577198,-46.65976,-23.56788
1489577201,-46.65961,-23.56769
1489577204,-46.65942,-23.5675
1489577208,-46.65916,-23.56721
1489577211,-46.65892,-23.56701
1489577248,-46.65694,-23.56449
1489577291,-46.65409,-23.55904
1489577313,-46.65355,-23.55839
1489577324,-46.65156,-23.55721
1489577360,-46.65021,-23.55646
1489577393,-46.65013,-23.55636
1489577403,-46.65002,-23.5562
1489577408,-46.64982,-23.55609
1489577418,-46.64972,-23.55602
1489577449,-46.64954,-23.55584
1489577461,-46.64954,-23.55584
1489577498,-46.64982,-23.5554
1489577506,-46.65003,-23.55544
1489577509,-46.65022,-23.55552
1489577513,-46.65039,-23.55573
1489577516,-46.65058,-23.5558
1489577519,-46.65079,-23.55581
1489577548,-46.6517,-23.55449
1489577554,-46.65203,-23.55392
1489577565,-46.65227,-23.55346
1489577572,-46.65228,-23.55328
1489577608,-46.65268,-23.5518
1489577611,-46.65278,-23.55158
1489577617,-46.65299,-23.55117
1489577621,-46.65312,-23.55094
1489577651,-46.65355,-23.55008
1489577665,-46.65355,-23.55007
1489577696,-46.65355,-23.55007
1489577708,-46.65355,-23.55007
1489577719,-46.65355,-23.55007
1489577755,-46.65421,-23.54914
1489577765,-46.65462,-23.54848
1489577769,-46.65471,-23.5483
1489577775,-46.65471,-23.5481
1489577780,-46.65466,-23.54788
1489577803,-46.65492,-23.5478
1489577814,-46.65515,-23.54773
1489577824,-46.6553,-23.54767
1489577827,-46.65588,-23.54743
1489577848,-46.65638,-23.54718
1489577862,-46.65744,-23.54674
1489577872,-46.65755,-23.54673
1489577911,-46.6591,-23.54608
1489577917,-46.65946,-23.5459
1489577925,-46.65965,-23.54583
1489577961,-46.66125,-23.54511
1489577965,-46.66152,-23.54501
1489577976,-46.66152,-23.54498
1489578018,-46.66153,-23.54499
1489578028,-46.66153,-23.54499
1489578040,-46.66165,-23.54492
1489578067,-46.66399,-23.54394
1489578073,-46.66443,-23.54378
1489578084,-46.6645,-23.54373
1489578125,-46.66508,-23.54345
1489578135,-46.66508,-23.54345
1489578165,-46.66481,-23.54172
1489578172,-46.66446,-23.54089
1489578178,-46.66422,-23.54033
1489578180,-46.66409,-23.54001
1489578182,-46.66401,-23.53981
1489578184,-46.66395,-23.53956
1489578187,-46.6639,-23.53919
1489578193,-46.66388,-23.53868
1489578217,-46.66278,-23.53576
1489578220,-46.66264,-23.53545
1489578226,-46.66242,-23.535
1489578229,-46.66225,-23.5347
1489578234,-46.66215,-23.53451
1489578244,-46.66203,-23.53438
1489578268,-46.66172,-23.53369
1489578276,-46.66139,-23.53306
1489578279,-46.66124,-23.53286
1489578288,-46.66091,-23.53232
1489578299,-46.6609,-23.5323
1489578333,-46.66077,-23.53217
1489578383,-46.65933,-23.53202
1489578395,-46.65914,-23.53212
1489578431,-46.65754,-23.53277
1489578435,-46.65737,-23.53287
1489578438,-46.65719,-23.53298
1489578447,-46.65684,-23.53324
1489578452,-46.65681,-23.53343
1489578468,-46.6572,-23.53372
1489578499,-46.6574,-23.53396
1489578503,-46.65754,-23.53418
1489578506,-46.65762,-23.53436
1489578509,-46.65775,-23.53452
1489578536,-46.65779,-23.53473
1489578538,-46.65804,-23.53491
1489578548,-46.65803,-23.53491
1489578592,-46.65827,-23.53537
1489578603,-46.65831,-23.53537
1489578651,-46.65894,-23.53534
1489578655,-46.65917,-23.53528
1489578659,-46.65942,-23.53512
1489578663,-46.65973,-23.535
1489578667,-46.65995,-23.53489
1489578702,-46.66118,-23.53685
1489578705,-46.66129,-23.53707
1489578708,-46.66133,-23.53728
1489578712,-46.66135,-23.53759
1489578716,-46.66134,-23.53779
1489578743,-46.66148,-23.53865
1489578754,-46.6615,-23.53865
1489578764,-46.6615,-23.53865
1489578801,-46.66149,-23.53899
1489578811,-46.6615,-23.5392
1489578816,-46.66151,-23.53948
1489578818,-46.66153,-23.53966
1489578821,-46.66152,-23.53989
1489578826,-46.66169,-23.54008
1489578861,-46.66375,-23.54188
1489578868,-46.66403,-23.54236
1489578872,-46.66422,-23.54267
1489578906,-46.66448,-23.54333
1489578909,-46.66458,-23.54355
1489578914,-46.66483,-23.5436
1489578922,-46.66524,-23.54347
1489578925,-46.66546,-23.54344
1489578960,-46.66618,-23.54471
1489578964,-46.66627,-23.54501
1489578967,-46.66629,-23.5452
1489578968,-46.66631,-23.5454
1489578971,-46.66631,-23.54571
1489578974,-46.66629,-23.546
1489579007,-46.66624,-23.54916
1489579014,-46.66611,-23.54984
1489579018,-46.66594,-23.55017
1489579021,-46.66584,-23.5504
1489579026,-46.66577,-23.55068
1489579034,-46.66573,-23.55087
1489579064,-46.66569,-23.55133
1489579075,-46.6657,-23.55142
1489579093,-46.66571,-23.55147
1489579113,-46.66573,-23.55148
1489579125,-46.66573,-23.55148
1489579136,-46.66573,-23.55149
1489579169,-46.66584,-23.55183
1489579179,-46.66588,-23.55192
1489579189,-46.6659,-23.55194
1489579221,-46.66591,-23.55194
1489579231,-46.66591,-23.55194
1489579241,-46.66591,-23.55193
1489579271,-46.66613,-23.55216
1489579281,-46.66622,-23.55225
1489579329,-46.66625,-23.55225
1489579340,-46.66625,-23.55225
1489579383,-46.66643,-23.55254
1489579394,-46.66643,-23.55254
1489579437,-46.6665,-23.55267
1489579452,-46.66651,-23.55267
1489579475,-46.66653,-23.5527
1489579486,-46.66656,-23.55271
1489579541,-46.66656,-23.55271
1489579594,-46.66657,-23.55269
1489579604,-46.66658,-23.55269
1489579636,-46.66655,-23.55271
1489579649,-46.66654,-23.55271
1489579662,-46.66654,-23.55271
1489579695,-46.66654,-23.55271
1489579705,-46.66657,-23.5528
1489579713,-46.66665,-23.55297
1489579743,-46.66669,-23.55308
1489579754,-46.66669,-23.55308
1489579801,-46.66669,-23.55308
1489579812,-46.66676,-23.55319
1489579817,-46.66685,-23.5534
1489579862,-46.66702,-23.55373
1489579873,-46.66702,-23.55373
1489579910,-46.6671,-23.55391
1489579914,-46.6672,-23.55411
1489579921,-46.66731,-23.55429
1489579957,-46.66735,-23.5544
1489579968,-46.66735,-23.5544
1489579978,-46.66735,-23.5544
1489579999,-46.66735,-23.5544
1489580008,-46.66754,-23.5548
1489580019,-46.66759,-23.55489
1489580030,-46.66759,-23.55489
1489580066,-46.66759,-23.55489
1489580079,-46.66759,-23.55489
1489580122,-46.66693,-23.55588
1489580125,-46.6665,-23.55603
1489580138,-46.66655,-23.55606
1489580173,-46.66625,-23.55617
1489580183,-46.66621,-23.55619
1489580231,-46.66491,-23.55656
1489580234,-46.66459,-23.55657
1489580237,-46.66436,-23.55655
1489580242,-46.66417,-23.5565
1489580343,-46.66141,-23.55884
1489580347,-46.66141,-23.55854
1489580387,-46.66145,-23.55846
1489580395,-46.6613,-23.55869
1489580397,-46.66115,-23.55896
1489580401,-46.66093,-23.55918
1489580420,-46.6595,-23.56058
1489580442,-46.65907,-23.56091
1489580447,-46.65893,-23.56106
1489580453,-46.65872,-23.56131
1489580460,-46.65834,-23.56165
1489580489,-46.65693,-23.56278
1489580499,-46.65692,-23.56278
1489580509,-46.65692,-23.56278
1489580527,-46.65651,-23.56309
1489580543,-46.656,-23.5636
1489580554,-46.65597,-23.5636
1489580595,-46.65562,-23.56384
1489580600,-46.6554,-23.56408
1489580605,-46.65519,-23.56427
1489580608,-46.65505,-23.5644
1489580640,-46.65488,-23.56437
1489580644,-46.65512,-23.56436
1489580656,-46.65511,-23.56436
1489580752,-46.6519,-23.56688
1489580794,-46.6519,-23.5671
1489580801,-46.65153,-23.56724
1489580803,-46.65133,-23.56746
1489580806,-46.65109,-23.56763
1489580861,-46.6503,-23.56829
1489580873,-46.65025,-23.5683
1489580902,-46.64914,-23.56922
1489580904,-46.64895,-23.56939
1489580908,-46.6487,-23.56964
1489580915,-46.64813,-23.57009
1489580917,-46.64796,-23.57023
1489580920,-46.64769,-23.57042
1489580958,-46.64564,-23.57192
1489580963,-46.64538,-23.57233
1489580967,-46.64524,-23.57258
1489580970,-46.64512,-23.57273
1489580973,-46.64503,-23.57297
1489581015,-46.64413,-23.57496
1489581059,-46.64414,-23.57496
1489581065,-46.64408,-23.57519
1489581067,-46.64392,-23.57544
1489581078,-46.64384,-23.57558
1489581118,-46.64371,-23.57586
1489581125,-46.64364,-23.57607
1489581127,-46.64356,-23.57624
1489581130,-46.64347,-23.57643
1489581166,-46.64289,-23.5778
1489581171,-46.64273,-23.57812
1489581174,-46.64263,-23.57828
1489581181,-46.64243,-23.57878
1489581209,-46.64211,-23.57945
1489581225,-46.64123,-23.57897
1489581235,-46.641,-23.57889
1489581240,-46.64083,-23.57907
1489581280,-46.63906,-23.58138
1489581290,-46.63905,-23.58138
1489581325,-46.63905,-23.58139
1489581336,-46.63905,-23.58139
1489581345,-46.63892,-23.58153
1489581378,-46.63754,-23.58403
1489581387,-46.6373,-23.58454
1489581398,-46.63718,-23.58472
1489581434,-46.63593,-23.58684
1489581446,-46.63593,-23.58684
1489581487,-46.63565,-23.58739
1489581490,-46.63559,-23.58778
1489581492,-46.63552,-23.58805
1489581494,-46.63549,-23.5883
1489581497,-46.63546,-23.58852
1489581499,-46.63539,-23.58883
1489581502,-46.63535,-23.58901
1489581504,-46.63529,-23.58927
1489581545,-46.63527,-23.59032
1489581556,-46.6353,-23.5904
1489581591,-46.63531,-23.59038
1489581601,-46.63531,-23.59038
1489581624,-46.63605,-23.59151
1489581656,-46.63671,-23.59507
1489581664,-46.63667,-23.59552
1489581674,-46.63672,-23.59564
1489581693,-46.63673,-23.59662
1489581701,-46.63679,-23.59747
1489581703,-46.63678,-23.59769
1489581706,-46.6368,-23.59801
1489581709,-46.63679,-23.59837
1489581711,-46.63679,-23.59859
1489581753,-46.63687,-23.59929
1489581763,-46.63687,-23.59929
1489581804,-46.63687,-23.5993
1489581808,-46.63683,-23.59949
1489581811,-46.63681,-23.59971
1489581815,-46.63676,-23.60003
1489581818,-46.63676,-23.6003
1489581843,-46.63685,-23.60312
1489581846,-46.63683,-23.60357
1489581850,-46.6368,-23.60409
1489581852,-46.63683,-23.60433
1489581856,-46.63691,-23.60466
1489581859,-46.63701,-23.60504
1489581863,-46.63713,-23.60541
1489581868,-46.63727,-23.60587
1489581872,-46.63739,-23.60616
1489581903,-46.63792,-23.6078
1489581908,-46.63795,-23.60813
1489581913,-46.63798,-23.60838
1489581962,-46.638,-23.60846
1489581972,-46.638,-23.60846
1489581980,-46.63799,-23.60866
1489581998,-46.63799,-23.61006
1489582001,-46.63799,-23.6103
1489582011,-46.63799,-23.61102
1489582014,-46.63801,-23.61139
1489582019,-46.638,-23.6119
1489582021,-46.638,-23.6121
1489582026,-46.63809,-23.61255
1489582030,-46.63812,-23.61279
1489582034,-46.63811,-23.61304
1489582056,-46.6381,-23.61324
1489582066,-46.6381,-23.61324
1489582077,-46.6381,-23.6132
1489582112,-46.63822,-23.61372
1489582124,-46.63843,-23.61468
1489582127,-46.63851,-23.61495
1489582129,-46.63855,-23.61515
1489582133,-46.63867,-23.61556
1489582135,-46.63871,-23.61575
1489582140,-46.63885,-23.61626
1489582175,-46.63909,-23.6173
1489582190,-46.63909,-23.6173
1489582227,-46.63938,-23.61902
1489582233,-46.63953,-23.61978
1489582237,-46.63973,-23.6204
1489582241,-46.6398,-23.62094
1489582274,-46.64071,-23.62509
1489582277,-46.64079,-23.62538
1489582283,-46.64101,-23.62584
1489582288,-46.6411,-23.62604
1489582331,-46.64128,-23.62645
1489582335,-46.64136,-23.62665
1489582345,-46.64144,-23.6271
1489582368,-46.64144,-23.62731
1489582387,-46.64139,-23.6276
1489582397,-46.64138,-23.62772
1489582434,-46.64137,-23.62845
1489582442,-46.64144,-23.62896
1489582445,-46.64143,-23.62915
1489582448,-46.64145,-23.62937
1489582503,-46.64166,-23.63169
1489582506,-46.64168,-23.63217
1489582538,-46.6416,-23.63308
1489582541,-46.64159,-23.63332
1489582543,-46.64157,-23.63353
1489582545,-46.6416,-23.63372
1489582555,-46.64157,-23.63406
1489582584,-46.64137,-23.63554
1489582588,-46.64137,-23.63587
1489582592,-46.64136,-23.63608
1489582604,-46.64136,-23.63614
1489583467,-46.64492,-23.64386
