1486748881,-37.05934,-10.945
1486748883,-37.05934,-10.945
1486748884,-37.05934,-10.945
1486748893,-37.05934,-10.945
1486748894,-37.05934,-10.945
1486748914,-37.0594,-10.94486
1486748924,-37.05953,-10.94473
1486748925,-37.05954,-10.94471
1486748940,-37.05982,-10.94442
1486748944,-37.06003,-10.9444
1486748951,-37.06026,-10.94436
1486748961,-37.06025,-10.94436
1486748971,-37.06026,-10.94435
1486748981,-37.06039,-10.94435
1486748990,-37.06058,-10.94434
1486749000,-37.06072,-10.94432
1486749004,-37.06092,-10.9444
1486749031,-37.06079,-10.94472
1486749041,-37.06079,-10.94472
1486749051,-37.06079,-10.94472
1486749062,-37.06079,-10.94472
1486749072,-37.06079,-10.94472
1486749082,-37.06068,-10.94473
1486749092,-37.06064,-10.94489
1486749112,-37.06113,-10.94464
1486749122,-37.06113,-10.94463
1486749143,-37.06121,-10.94459
1486749148,-37.06142,-10.94446
1486749151,-37.06157,-10.94435
1486749154,-37.06168,-10.9442
1486749157,-37.06167,-10.944
1486749160,-37.06158,-10.94377
1486749168,-37.0612,-10.94309
1486749170,-37.06105,-10.94293
1486749172,-37.0609,-10.94277
1486749176,-37.06058,-10.94242
1486749178,-37.06041,-10.94224
1486749180,-37.06024,-10.94209
1486749182,-37.06009,-10.94195
1486749185,-37.05986,-10.9417
1486749188,-37.05964,-10.94145
1486749193,-37.0594,-10.94114
1486749194,-37.05925,-10.94096
1486749198,-37.05894,-10.94066
1486749203,-37.05876,-10.94056
1486749213,-37.05866,-10.94052
1486749223,-37.05865,-10.94051
1486749244,-37.05863,-10.94049
1486749248,-37.05842,-10.94035
1486749252,-37.05816,-10.94018
1486749254,-37.058,-10.94007
1486749257,-37.05785,-10.93997
1486749263,-37.0573,-10.93962
1486749267,-37.05712,-10.93942
1486749277,-37.05732,-10.93943
1486749280,-37.05753,-10.93954
1486749283,-37.05778,-10.93968
1486749286,-37.05806,-10.93982
1486749288,-37.05827,-10.93988
1486749296,-37.059,-10.93983
1486749304,-37.05985,-10.93945
1486749306,-37.06003,-10.93928
1486749309,-37.06024,-10.93921
1486749310,-37.06042,-10.93912
1486749312,-37.06059,-10.93902
1486749316,-37.06077,-10.93888
1486749337,-37.06102,-10.9388
1486749347,-37.06115,-10.93873
1486749362,-37.0615,-10.93853
1486749371,-37.06167,-10.93844
1486749380,-37.06184,-10.93836
1486749391,-37.06189,-10.93834
1486749401,-37.06189,-10.93834
1486749411,-37.06189,-10.93834
1486749434,-37.06189,-10.93834
1486749445,-37.06189,-10.93834
1486749475,-37.06195,-10.93832
1486749479,-37.06213,-10.93821
1486749484,-37.06236,-10.93809
1486749494,-37.06289,-10.93758
1486749505,-37.06281,-10.9367
1486749508,-37.06278,-10.93643
1486749512,-37.06271,-10.93602
1486749514,-37.06266,-10.93579
1486749520,-37.06243,-10.93533
1486749523,-37.06233,-10.93512
1486749526,-37.06221,-10.93489
1486749529,-37.06213,-10.93472
1486749532,-37.06201,-10.93455
1486749542,-37.06195,-10.93447
1486749553,-37.06195,-10.93446
1486749564,-37.06195,-10.93446
1486749574,-37.06195,-10.93446
1486749584,-37.06195,-10.93446
1486749595,-37.06195,-10.93446
1486749605,-37.06195,-10.93446
1486749615,-37.06195,-10.93446
1486749627,-37.06195,-10.93447
1486749650,-37.06195,-10.93447
1486749661,-37.06191,-10.93434
1486749693,-37.06194,-10.93446
1486749704,-37.06194,-10.93446
1486749715,-37.0619,-10.93437
1486749721,-37.06179,-10.93419
1486749726,-37.06167,-10.93402
1486749730,-37.06148,-10.93382
1486749738,-37.06113,-10.93352
1486749741,-37.06098,-10.9334
1486749744,-37.06083,-10.93325
1486749750,-37.0608,-10.93303
1486749753,-37.06098,-10.93297
1486749756,-37.06121,-10.93294
1486749760,-37.06145,-10.93284
1486749768,-37.06163,-10.93276
1486749778,-37.06148,-10.93221
1486749782,-37.06131,-10.93171
1486749784,-37.06124,-10.9315
1486749786,-37.06117,-10.9313
1486749788,-37.06111,-10.93112
1486749795,-37.06096,-10.93073
1486749797,-37.06084,-10.93048
1486749800,-37.06071,-10.93019
1486749802,-37.06062,-10.92998
1486749805,-37.06055,-10.92979
1486749806,-37.06047,-10.92957
1486749819,-37.05987,-10.92834
1486749823,-37.05949,-10.92794
1486749828,-37.05914,-10.92753
1486749832,-37.05897,-10.92734
1486749834,-37.05878,-10.92712
1486749836,-37.05867,-10.92697
1486749838,-37.05849,-10.92681
1486749853,-37.05754,-10.9257
1486749857,-37.05734,-10.92544
1486749865,-37.05728,-10.92481
1486749868,-37.05728,-10.92462
1486749872,-37.05731,-10.92442
1486749875,-37.05726,-10.92418
1486749878,-37.05732,-10.9239
1486749885,-37.05729,-10.9234
1486749895,-37.05731,-10.92287
1486749897,-37.0573,-10.92269
1486749900,-37.0573,-10.92231
1486749916,-37.05731,-10.92057
1486749939,-37.05729,-10.92047
1486749944,-37.0573,-10.92025
1486749954,-37.05735,-10.91957
1486749955,-37.05735,-10.91957
1486749957,-37.05733,-10.91939
1486749967,-37.05731,-10.91929
1486749977,-37.05733,-10.91929
1486749988,-37.05733,-10.91929
1486749999,-37.05733,-10.91929
1486750010,-37.05733,-10.91929
1486750029,-37.05734,-10.91912
1486750033,-37.05735,-10.91891
1486750036,-37.05734,-10.91872
1486750040,-37.05735,-10.91841
1486750044,-37.05735,-10.9181
1486750047,-37.05735,-10.9179
1486750056,-37.05732,-10.9174
1486750060,-37.05711,-10.91736
1486750063,-37.05687,-10.91736
1486750070,-37.05637,-10.91736
1486750084,-37.05588,-10.91734
1486750088,-37.05565,-10.91733
1486750096,-37.05517,-10.91735
1486750100,-37.05516,-10.91755
1486750118,-37.05519,-10.91782
1486750124,-37.0552,-10.91826
1486750129,-37.05521,-10.91848
1486750134,-37.05562,-10.91849
1486750136,-37.05583,-10.91851
1486750138,-37.05604,-10.91851
1486750139,-37.05604,-10.91851
1486750140,-37.05628,-10.91851
1486750142,-37.05647,-10.9185
1486750158,-37.05719,-10.91852
1486750169,-37.05718,-10.91853
1486750179,-37.05719,-10.91853
1486750189,-37.05719,-10.91853
1486750195,-37.05738,-10.91853
1486750198,-37.05764,-10.91852
1486750199,-37.05764,-10.91852
1486750202,-37.05806,-10.91853
1486750206,-37.05857,-10.91854
1486750208,-37.05886,-10.91855
1486750218,-37.06028,-10.91859
1486750220,-37.06059,-10.9186
1486750225,-37.06129,-10.91859
1486750228,-37.06171,-10.9186
1486750231,-37.06198,-10.91861
1486750233,-37.06241,-10.91859
1486750236,-37.06284,-10.9186
1486750239,-37.06309,-10.91859
1486750240,-37.06331,-10.91858
1486750250,-37.06375,-10.9186
1486750261,-37.06378,-10.91863
1486750271,-37.06378,-10.91863
1486750282,-37.06378,-10.91863
1486750293,-37.06378,-10.91863
1486750304,-37.06378,-10.91862
1486750324,-37.06398,-10.91862
1486750329,-37.06428,-10.91864
1486750331,-37.06454,-10.91865
1486750334,-37.06487,-10.91864
1486750336,-37.06508,-10.91865
1486750347,-37.06608,-10.91867
1486750348,-37.0663,-10.91866
1486750351,-37.06664,-10.91867
1486750356,-37.06728,-10.91868
1486750359,-37.0677,-10.91869
1486750362,-37.0681,-10.91868
1486750368,-37.06891,-10.91869
1486750375,-37.06957,-10.91869
1486750380,-37.07019,-10.91863
1486750382,-37.07056,-10.9186
1486750384,-37.07078,-10.91858
1486750386,-37.07101,-10.91856
1486750389,-37.07124,-10.91853
1486750391,-37.07151,-10.9185
1486750396,-37.07178,-10.91848
1486750406,-37.07188,-10.91846
1486750416,-37.07187,-10.91845
1486750438,-37.07187,-10.91845
1486750449,-37.07187,-10.91845
1486750456,-37.0723,-10.91843
1486750467,-37.0729,-10.91841
1486750477,-37.07299,-10.9184
1486750488,-37.073,-10.91839
1486750499,-37.073,-10.91839
1486750510,-37.073,-10.91839
1486750520,-37.073,-10.91838
1486750529,-37.07326,-10.91837
1486750532,-37.07349,-10.91836
1486750536,-37.07375,-10.91837
1486750540,-37.07393,-10.91836
1486750551,-37.07403,-10.91834
1486750562,-37.07403,-10.91834
1486750572,-37.07403,-10.91834
1486750582,-37.07403,-10.91834
1486750593,-37.07403,-10.91834
1486750604,-37.07403,-10.91834
1486750614,-37.07403,-10.91834
1486750624,-37.07403,-10.91834
1486750638,-37.07435,-10.91836
1486750642,-37.07472,-10.91836
1486750645,-37.07503,-10.91836
1486750647,-37.07525,-10.91835
1486750651,-37.0756,-10.91838
1486750656,-37.07635,-10.91842
1486750658,-37.07662,-10.91843
1486750664,-37.07746,-10.91848
1486750666,-37.07771,-10.9185
1486750670,-37.07818,-10.91854
1486750680,-37.07948,-10.91857
1486750684,-37.08006,-10.91862
1486750686,-37.08037,-10.91865
1486750688,-37.08066,-10.91867
1486750691,-37.08095,-10.91866
1486750694,-37.0816,-10.91867
1486750697,-37.08194,-10.91872
1486750699,-37.08231,-10.91874
1486750700,-37.0827,-10.91876
1486750703,-37.08309,-10.91879
1486750707,-37.08391,-10.91884
1486750709,-37.08451,-10.91889
1486750712,-37.08508,-10.919
1486750715,-37.08546,-10.91914
1486750716,-37.08583,-10.91928
1486750718,-37.08618,-10.9194
1486750721,-37.08636,-10.91947
1486750722,-37.08691,-10.91964
1486750736,-37.08854,-10.92026
1486750742,-37.08912,-10.92033
1486750744,-37.08932,-10.92028
1486750746,-37.0895,-10.92025
1486750749,-37.0897,-10.92038
1486750752,-37.0898,-10.92062
1486750754,-37.08991,-10.92078
1486750761,-37.09066,-10.92108
1486750768,-37.09158,-10.92142
1486750770,-37.09183,-10.92152
1486750773,-37.0922,-10.92165
1486750775,-37.09241,-10.92173
1486750777,-37.09261,-10.9218
1486750780,-37.09284,-10.92188
1486750785,-37.09306,-10.92196
1486750798,-37.09427,-10.92243
1486750800,-37.09464,-10.9226
1486750806,-37.09551,-10.92283
1486750808,-37.09582,-10.92284
1486750810,-37.09613,-10.92282
1486750815,-37.09677,-10.92261
1486750816,-37.09707,-10.92251
1486750824,-37.09833,-10.92211
1486750828,-37.09903,-10.92189
1486750833,-37.09969,-10.92164
1486750834,-37.10005,-10.92149
1486750835,-37.10024,-10.92142
1486750838,-37.10079,-10.92132
1486750840,-37.10113,-10.9213
1486750845,-37.10181,-10.92131
1486750848,-37.10246,-10.92133
1486750852,-37.10308,-10.92135
1486750856,-37.1037,-10.92136
1486750858,-37.10398,-10.92135
1486750861,-37.10437,-10.92128
1486750867,-37.1048,-10.9212
1486750870,-37.10505,-10.92133
1486750874,-37.10501,-10.92154
1486750877,-37.1048,-10.92154
1486750880,-37.10452,-10.92148
1486750882,-37.1043,-10.92147
1486750890,-37.10323,-10.92143
1486750893,-37.10279,-10.92144
1486750895,-37.1025,-10.92142
1486750898,-37.10208,-10.92141
1486750900,-37.1018,-10.92141
1486750902,-37.10153,-10.92139
1486750906,-37.10104,-10.92139
1486750908,-37.10081,-10.9214
1486750910,-37.10058,-10.92144
1486750913,-37.10036,-10.92149
1486750916,-37.10003,-10.92169
1486750920,-37.0999,-10.92196
1486750930,-37.09992,-10.92214
1486750940,-37.09991,-10.92229
1486750941,-37.09991,-10.92229
1486750959,-37.10004,-10.92246
1486750964,-37.10024,-10.92245
1486750969,-37.1004,-10.9223
1486750972,-37.10056,-10.92218
1486750975,-37.10072,-10.9221
1486750983,-37.10127,-10.9221
1486750992,-37.10178,-10.92211
1486750996,-37.10208,-10.92212
1486751000,-37.10239,-10.92212
1486751004,-37.10262,-10.92213
1486751012,-37.10308,-10.92215
1486751018,-37.10329,-10.92218
1486751023,-37.10352,-10.92217
1486751028,-37.1037,-10.92219
1486751029,-37.1037,-10.92219
1486751036,-37.10392,-10.9222
1486751042,-37.10414,-10.92221
1486751050,-37.10428,-10.92233
1486751058,-37.10426,-10.92256
1486751065,-37.10426,-10.9228
1486751076,-37.10428,-10.92289
1486751086,-37.10424,-10.92292
1486751097,-37.10425,-10.92287
1486751114,-37.10425,-10.92224
1486751119,-37.10401,-10.92219
1486751126,-37.10375,-10.92225
1486751130,-37.10355,-10.92222
1486751153,-37.1034,-10.92223
1486751163,-37.1034,-10.92223
1486751184,-37.10339,-10.92223
1486751194,-37.10339,-10.92223
1486751205,-37.10339,-10.92223
1486751215,-37.10339,-10.92223
1486751225,-37.10339,-10.92223
1486751236,-37.10339,-10.92223
1486751247,-37.10339,-10.92223
1486751258,-37.10339,-10.92223
1486751269,-37.10339,-10.92223
1486751280,-37.10339,-10.92223
1486751291,-37.10339,-10.92223
1486751312,-37.10339,-10.92223
1486751323,-37.10339,-10.92223
1486751334,-37.10339,-10.92223
1486751345,-37.10339,-10.92223
1486751356,-37.10339,-10.92223
1486751378,-37.10339,-10.92222
1486751388,-37.10339,-10.92222
1486751399,-37.10339,-10.92222
1486751409,-37.10339,-10.92222
1486751420,-37.10339,-10.92222
1486751440,-37.10339,-10.92222
1486751451,-37.10339,-10.92222
1486751462,-37.10339,-10.92222
1486751473,-37.10339,-10.92222
1486751484,-37.10339,-10.92222
1486751495,-37.10339,-10.92222
1486751507,-37.10339,-10.92222
1486751528,-37.10339,-10.92222
1486751539,-37.10339,-10.92222
1486751550,-37.10339,-10.92222
1486751560,-37.10339,-10.92222
1486751570,-37.10339,-10.92222
1486751581,-37.10339,-10.92222
1486751592,-37.10339,-10.92222
1486751603,-37.10339,-10.92222
1486751613,-37.10339,-10.92222
1486751636,-37.10339,-10.92222
1486751647,-37.10339,-10.92222
1486751657,-37.10339,-10.92222
1486751668,-37.10339,-10.92222
1486751678,-37.10317,-10.9222
1486751696,-37.10212,-10.92215
1486751699,-37.10192,-10.92212
1486751704,-37.10168,-10.92213
1486751711,-37.10127,-10.92214
1486751717,-37.10089,-10.92214
1486751727,-37.10065,-10.92249
1486751735,-37.10065,-10.92293
1486751739,-37.10063,-10.92312
1486751740,-37.10063,-10.92312
1486751744,-37.10061,-10.92336
1486751749,-37.1006,-10.92357
1486751753,-37.10043,-10.92371
1486751758,-37.10027,-10.92381
1486751768,-37.09988,-10.92374
1486751775,-37.09978,-10.92342
1486751779,-37.09976,-10.92318
1486751789,-37.09977,-10.92277
1486751793,-37.09978,-10.92255
1486751803,-37.09975,-10.92214
1486751807,-37.09966,-10.92197
1486751814,-37.09927,-10.92193
1486751817,-37.09897,-10.92201
1486751819,-37.09876,-10.92208
1486751823,-37.09829,-10.92224
1486751825,-37.09804,-10.92232
1486751827,-37.09778,-10.92241
1486751829,-37.09751,-10.92249
1486751832,-37.09723,-10.92259
1486751833,-37.09697,-10.92267
1486751841,-37.09583,-10.9229
1486751843,-37.09554,-10.92289
1486751848,-37.09496,-10.92278
1486751849,-37.09469,-10.92268
1486751854,-37.09425,-10.92252
1486751856,-37.09407,-10.92244
1486751863,-37.09362,-10.92224
1486751865,-37.09339,-10.92218
1486751868,-37.09304,-10.92205
1486751871,-37.09266,-10.92191
1486751874,-37.09224,-10.92176
1486751880,-37.09154,-10.92151
1486751881,-37.09127,-10.9214
1486751884,-37.09099,-10.9213
1486751885,-37.09073,-10.92119
1486751891,-37.09004,-10.92097
1486751901,-37.08934,-10.92073
1486751905,-37.089,-10.92059
1486751907,-37.08879,-10.9205
1486751913,-37.08807,-10.92021
1486751915,-37.08781,-10.92012
1486751917,-37.08755,-10.92003
1486751919,-37.08727,-10.91993
1486751921,-37.08699,-10.91986
1486751923,-37.08671,-10.91982
1486751927,-37.08618,-10.91983
1486751929,-37.0859,-10.91988
1486751931,-37.08564,-10.91993
1486751933,-37.08536,-10.92
1486751938,-37.08468,-10.92014
1486751941,-37.08429,-10.92024
1486751944,-37.08404,-10.92033
1486751946,-37.08371,-10.92052
1486751948,-37.08353,-10.92066
1486751951,-37.08327,-10.92089
1486751955,-37.08295,-10.92118
1486751958,-37.08274,-10.9214
1486751963,-37.08236,-10.92181
1486751965,-37.0822,-10.92199
1486751968,-37.08204,-10.92216
1486751969,-37.08188,-10.92233
1486751974,-37.08154,-10.92273
1486751977,-37.08137,-10.92296
1486751980,-37.0812,-10.92323
1486751985,-37.08096,-10.92374
1486751986,-37.08096,-10.92374
1486751987,-37.08086,-10.92397
1486751989,-37.08077,-10.92421
1486751991,-37.08068,-10.92445
1486751993,-37.0806,-10.92471
1486751995,-37.08054,-10.92495
1486752000,-37.08047,-10.92544
1486752001,-37.08044,-10.92568
1486752005,-37.08047,-10.92621
1486752007,-37.08048,-10.92646
1486752009,-37.08051,-10.92671
1486752011,-37.08056,-10.92695
1486752013,-37.08061,-10.92722
1486752016,-37.08068,-10.92749
1486752018,-37.08082,-10.92788
1486752023,-37.08106,-10.92848
1486752029,-37.08128,-10.92904
1486752031,-37.08135,-10.92925
1486752034,-37.08145,-10.92948
1486752035,-37.08153,-10.92972
1486752037,-37.08162,-10.92994
1486752039,-37.0817,-10.93017
1486752041,-37.08178,-10.93042
1486752043,-37.08187,-10.93067
1486752046,-37.08196,-10.9309
1486752047,-37.08204,-10.93115
1486752049,-37.08214,-10.93138
1486752052,-37.08223,-10.93161
1486752053,-37.08234,-10.93183
1486752055,-37.08244,-10.93209
1486752060,-37.0827,-10.93272
1486752066,-37.08299,-10.93355
1486752068,-37.08307,-10.93382
1486752070,-37.08312,-10.93407
1486752072,-37.08314,-10.93434
1486752075,-37.08316,-10.93476
1486752078,-37.08315,-10.93518
1486752079,-37.08315,-10.9353
1486752080,-37.08315,-10.93545
1486752082,-37.08311,-10.93572
1486752084,-37.08305,-10.936
1486752091,-37.08283,-10.93678
1486752095,-37.08267,-10.93724
1486752106,-37.08202,-10.93821
1486752108,-37.0819,-10.93835
1486752109,-37.08184,-10.93842
1486752111,-37.08171,-10.93859
1486752114,-37.08149,-10.93883
1486752123,-37.08067,-10.93961
1486752130,-37.07989,-10.9404
1486752132,-37.07969,-10.94061
1486752135,-37.07939,-10.94092
1486752137,-37.07918,-10.94113
1486752139,-37.07898,-10.94131
1486752141,-37.07877,-10.94153
1486752143,-37.07854,-10.94176
1486752145,-37.07832,-10.942
1486752151,-37.07759,-10.94275
1486752153,-37.07735,-10.94299
1486752155,-37.07713,-10.94321
1486752162,-37.07627,-10.94406
1486752164,-37.07615,-10.9442
1486752165,-37.07589,-10.94447
1486752167,-37.07561,-10.94474
1486752168,-37.07548,-10.94487
1486752169,-37.07534,-10.94501
1486752170,-37.0752,-10.94515
1486752174,-37.07466,-10.94569
1486752177,-37.07425,-10.9461
1486752181,-37.07376,-10.94661
1486752183,-37.07353,-10.94684
1486752185,-37.07331,-10.94706
1486752189,-37.0729,-10.94749
1486752193,-37.07244,-10.94795
1486752195,-37.07221,-10.94819
1486752199,-37.07174,-10.94868
1486752203,-37.07122,-10.94915
1486752205,-37.07096,-10.94937
1486752207,-37.0707,-10.94956
1486752209,-37.07039,-10.94975
1486752213,-37.06977,-10.95013
1486752214,-37.0696,-10.95022
1486752218,-37.06909,-10.95046
1486752222,-37.06815,-10.95077
1486752225,-37.0676,-10.95091
1486752229,-37.06688,-10.95107
1486752231,-37.06647,-10.95115
1486752234,-37.06585,-10.95128
1486752235,-37.06566,-10.95131
1486752237,-37.06525,-10.95137
1486752238,-37.06505,-10.9514
1486752241,-37.06449,-10.95146
1486752247,-37.06342,-10.95167
1486752249,-37.06307,-10.95175
1486752251,-37.06277,-10.95179
1486752253,-37.06255,-10.95183
1486752259,-37.06193,-10.95194
1486752263,-37.06148,-10.95204
1486752265,-37.06126,-10.95208
1486752269,-37.06085,-10.95214
1486752271,-37.06062,-10.95218
1486752275,-37.06011,-10.95229
1486752283,-37.059,-10.95248
1486752287,-37.05839,-10.95259
1486752290,-37.05809,-10.95265
1486752291,-37.05776,-10.95272
1486752293,-37.05746,-10.9528
1486752298,-37.05688,-10.95302
1486752305,-37.05572,-10.95357
1486752309,-37.05516,-10.95391
1486752312,-37.05477,-10.95418
1486752317,-37.05418,-10.95463
1486752319,-37.05397,-10.95479
1486752321,-37.05378,-10.95496
1486752323,-37.05364,-10.95513
1486752325,-37.0535,-10.95535
1486752327,-37.05344,-10.95557
1486752331,-37.05355,-10.95604
1486752339,-37.05391,-10.95717
1486752343,-37.0541,-10.95775
1486752345,-37.0542,-10.95804
1486752351,-37.05449,-10.95895
1486752356,-37.05469,-10.95956
1486752357,-37.0548,-10.95987
1486752364,-37.05493,-10.96075
1486752365,-37.05489,-10.96103
1486752369,-37.05477,-10.96154
1486752372,-37.05466,-10.96182
1486752374,-37.05452,-10.96222
1486752377,-37.05435,-10.96263
1486752379,-37.05423,-10.96291
1486752382,-37.05411,-10.96319
1486752383,-37.05399,-10.9635
1486752387,-37.05374,-10.96411
1486752391,-37.05351,-10.96472
1486752393,-37.05342,-10.96502
1486752395,-37.05334,-10.96533
1486752401,-37.05333,-10.96629
1486752403,-37.05335,-10.96661
1486752405,-37.05339,-10.96691
1486752409,-37.05344,-10.96747
1486752412,-37.05348,-10.96774
1486752413,-37.0535,-10.96798
1486752417,-37.05357,-10.9684
1486752420,-37.05361,-10.96874
1486752423,-37.05366,-10.96905
1486752426,-37.05367,-10.9693
1486752431,-37.05369,-10.96954
1486752441,-37.05369,-10.96955
1486752462,-37.05369,-10.96955
1486752471,-37.05376,-10.96976
1486752479,-37.05382,-10.97031
1486752483,-37.05387,-10.97061
1486752487,-37.05388,-10.97101
1486752491,-37.0539,-10.97144
1486752493,-37.05389,-10.97166
1486752495,-37.05389,-10.97187
1486752499,-37.0539,-10.97236
1486752505,-37.05387,-10.97314
1486752507,-37.05386,-10.97339
1486752513,-37.0538,-10.97407
1486752514,-37.0538,-10.97407
1486752515,-37.05378,-10.9743
1486752519,-37.05374,-10.97482
1486752521,-37.05372,-10.97505
1486752523,-37.05368,-10.9753
1486752525,-37.05368,-10.97555
1486752528,-37.05369,-10.97579
1486752529,-37.05366,-10.97602
1486752538,-37.05361,-10.97715
1486752541,-37.05359,-10.97751
1486752547,-37.05356,-10.97811
1486752549,-37.05356,-10.9783
1486752553,-37.05354,-10.97851
1486752557,-37.05351,-10.97876
1486752563,-37.05343,-10.97933
1486752567,-37.05329,-10.97977
1486752569,-37.0532,-10.98
1486752571,-37.0531,-10.98023
1486752575,-37.05298,-10.9807
1486752579,-37.053,-10.98118
1486752581,-37.05302,-10.98143
1486752585,-37.05306,-10.98179
1486752587,-37.05309,-10.98213
1486752589,-37.05312,-10.98235
1486752594,-37.05315,-10.98273
1486752597,-37.05316,-10.98294
1486752607,-37.05316,-10.98295
1486752617,-37.05316,-10.98295
1486752628,-37.05316,-10.98295
1486752638,-37.05316,-10.98295
1486752648,-37.05316,-10.98295
1486752658,-37.05316,-10.98295
1486752669,-37.05316,-10.98295
1486752679,-37.05315,-10.98298
1486752689,-37.05314,-10.98299
1486752699,-37.05314,-10.98299
1486752700,-37.05314,-10.98299
1486752710,-37.05314,-10.98299
1486752720,-37.05314,-10.98299
1486752730,-37.05314,-10.98299
1486752738,-37.05315,-10.98328
1486752744,-37.05304,-10.98386
1486752747,-37.05298,-10.98409
1486752750,-37.05291,-10.98436
1486752753,-37.05286,-10.98466
1486752755,-37.05283,-10.98487
1486752757,-37.05279,-10.98508
1486752761,-37.05271,-10.98549
1486752763,-37.05266,-10.9857
1486752765,-37.05262,-10.98589
1486752768,-37.05256,-10.98615
1486752775,-37.05244,-10.98666
1486752778,-37.05241,-10.98686
1486752779,-37.05241,-10.98686
1486752784,-37.0522,-10.9872
1486752787,-37.05199,-10.98732
1486752789,-37.05182,-10.9874
1486752791,-37.05161,-10.98747
1486752795,-37.05117,-10.98762
1486752799,-37.05072,-10.98779
1486752800,-37.05072,-10.98779
1486752803,-37.05028,-10.98796
1486752805,-37.05006,-10.98805
1486752807,-37.04985,-10.98812
1486752809,-37.04965,-10.9882
1486752811,-37.04948,-10.98827
1486752815,-37.04929,-10.98822
1486752816,-37.04929,-10.98822
1486752819,-37.04913,-10.98796
1486752825,-37.04881,-10.98751
1486752827,-37.04869,-10.98735
1486752830,-37.04858,-10.98717
1486752831,-37.04846,-10.987
1486752837,-37.04812,-10.98653
1486752840,-37.04799,-10.98634
1486752843,-37.04787,-10.98617
1486752847,-37.04767,-10.98586
1486752848,-37.04767,-10.98586
1486752849,-37.04757,-10.98569
1486752853,-37.04737,-10.98538
1486752856,-37.04722,-10.98514
1486752857,-37.04722,-10.98514
1486752859,-37.04709,-10.98494
1486752863,-37.0469,-10.98479
1486752866,-37.0467,-10.98481
1486752869,-37.04647,-10.98488
1486752877,-37.04615,-10.98476
1486752881,-37.04608,-10.98443
1486752886,-37.04601,-10.98411
1486752889,-37.04593,-10.98379
1486752894,-37.04596,-10.9836
1486752901,-37.04609,-10.98375
1486752912,-37.04606,-10.98377
1486752922,-37.04606,-10.98377
1486752932,-37.04606,-10.98377
1486752942,-37.04606,-10.98377
1486752953,-37.04606,-10.98377
1486752963,-37.04606,-10.98377
1486752973,-37.04606,-10.98377
1486752983,-37.04606,-10.98377
1486752994,-37.04606,-10.9838
1486753004,-37.04605,-10.9838
1486753014,-37.04605,-10.9838
1486753024,-37.04605,-10.9838
1486753035,-37.04605,-10.9838
1486753045,-37.04605,-10.9838
1486753055,-37.04605,-10.9838
1486753065,-37.04605,-10.9838
1486754638,-37.08821,-10.91606
