1489574474,-46.52468,-23.53773
1489574483,-46.52468,-23.53773
1489574491,-46.52468,-23.53773
1489574501,-46.52468,-23.53773
1489574511,-46.52468,-23.53773
1489574548,-46.52462,-23.53861
1489574552,-46.5248,-23.53874
1489574555,-46.52497,-23.53888
1489574593,-46.52531,-23.53914
1489574595,-46.52546,-23.53928
1489574600,-46.52567,-23.5394
1489574603,-46.52585,-23.5392
1489574607,-46.52596,-23.539
1489574643,-46.52798,-23.53844
1489574653,-46.52806,-23.53838
1489574688,-46.52833,-23.53817
1489574693,-46.52864,-23.53825
1489574699,-46.52887,-23.53831
1489574705,-46.52926,-23.5384
1489574714,-46.53002,-23.53855
1489574734,-46.53141,-23.538
1489574739,-46.5318,-23.53785
1489574741,-46.53207,-23.53775
1489574746,-46.53236,-23.53766
1489574753,-46.53256,-23.53759
1489574757,-46.53279,-23.53753
1489574797,-46.53452,-23.5361
1489574801,-46.53462,-23.53584
1489574809,-46.53474,-23.53535
1489574846,-46.53664,-23.53512
1489574852,-46.53666,-23.53493
1489574858,-46.53675,-23.53468
1489574893,-46.5381,-23.53483
1489574901,-46.53874,-23.53495
1489574904,-46.53897,-23.535
1489574907,-46.53922,-23.53504
1489574909,-46.53948,-23.53508
1489574933,-46.54128,-23.5354
1489574936,-46.54153,-23.53546
1489574939,-46.54174,-23.53551
1489574943,-46.54194,-23.53555
1489574947,-46.54215,-23.53559
1489574952,-46.54245,-23.53564
1489574997,-46.5435,-23.53533
1489575000,-46.54354,-23.53508
1489575004,-46.54357,-23.5349
1489575010,-46.54382,-23.53489
1489575037,-46.54557,-23.53522
1489575043,-46.54577,-23.53527
1489575047,-46.54604,-23.53535
1489575058,-46.54617,-23.5354
1489575064,-46.54617,-23.5354
1489575068,-46.54617,-23.5354
1489575072,-46.54617,-23.5354
1489575089,-46.54617,-23.5354
1489575099,-46.54617,-23.5354
1489575109,-46.54617,-23.5354
1489575141,-46.54674,-23.53564
1489575155,-46.54654,-23.53625
1489575160,-46.54648,-23.53643
1489575190,-46.54546,-23.53651
1489575192,-46.54541,-23.53672
1489575195,-46.54535,-23.53696
1489575199,-46.54528,-23.53718
1489575204,-46.54517,-23.53738
1489575211,-46.54489,-23.53783
1489575215,-46.54474,-23.53805
1489575247,-46.54319,-23.53893
1489575257,-46.54314,-23.53893
1489575292,-46.5429,-23.53891
1489575303,-46.5429,-23.53891
1489575338,-46.5429,-23.53891
1489575348,-46.5429,-23.53891
1489575359,-46.5429,-23.53891
1489575391,-46.5429,-23.53891
1489575403,-46.5429,-23.53891
1489575423,-46.5429,-23.53891
1489575449,-46.5429,-23.53891
1489575463,-46.5429,-23.53891
1489575497,-46.54272,-23.53892
1489575508,-46.54272,-23.53892
1489575543,-46.5426,-23.53884
1489575553,-46.54258,-23.53883
1489575564,-46.54257,-23.53884
1489575606,-46.54257,-23.53884
1489575616,-46.54257,-23.539
1489575638,-46.54256,-23.53908
1489575649,-46.54254,-23.53908
1489575671,-46.54251,-23.53907
1489575704,-46.54246,-23.53909
1489575715,-46.54245,-23.53909
1489575721,-46.54248,-23.53932
1489575739,-46.54263,-23.53971
1489575750,-46.54304,-23.54054
1489575760,-46.54324,-23.54094
1489575770,-46.54336,-23.54107
1489575774,-46.54364,-23.54111
1489575803,-46.54473,-23.53963
1489575810,-46.54493,-23.53946
1489575812,-46.54515,-23.53947
1489575815,-46.54541,-23.53951
1489575820,-46.54566,-23.53952
1489575823,-46.54592,-23.53957
1489575852,-46.54729,-23.53991
1489575861,-46.54804,-23.53992
1489575866,-46.54828,-23.54001
1489575869,-46.54853,-23.54008
1489575872,-46.54877,-23.54013
1489575879,-46.54935,-23.54018
1489575906,-46.55077,-23.54039
1489575916,-46.55077,-23.54039
1489575928,-46.55077,-23.54039
1489575958,-46.55102,-23.54049
1489575961,-46.55128,-23.54053
1489575966,-46.55177,-23.54062
1489575973,-46.55238,-23.54074
1489575976,-46.55258,-23.54078
1489576024,-46.55594,-23.54139
1489576075,-46.55682,-23.54158
1489576117,-46.55688,-23.54156
1489576129,-46.55743,-23.54162
1489576133,-46.55775,-23.54168
1489576173,-46.55903,-23.54192
1489576208,-46.55908,-23.5419
1489576218,-46.55974,-23.54206
1489576222,-46.56009,-23.54216
1489576224,-46.56037,-23.54222
1489576228,-46.56062,-23.54227
1489576231,-46.56089,-23.54233
1489576238,-46.56133,-23.54239
1489576270,-46.56137,-23.5424
1489576281,-46.56137,-23.5424
1489576315,-46.56273,-23.54277
1489576317,-46.56305,-23.54281
1489576319,-46.56327,-23.5429
1489576323,-46.56371,-23.54299
1489576326,-46.56399,-23.54305
1489576330,-46.56429,-23.54312
1489576333,-46.56456,-23.54319
1489576371,-46.56508,-23.54337
1489576377,-46.56493,-23.54372
1489576382,-46.56489,-23.54401
1489576385,-46.56491,-23.54423
1489576415,-46.56391,-23.54439
1489576471,-46.56381,-23.54491
1489576476,-46.56375,-23.54517
1489576480,-46.5637,-23.54544
1489576484,-46.56365,-23.54564
1489576488,-46.5636,-23.54593
1489576491,-46.56352,-23.54621
1489576523,-46.56331,-23.54697
1489576533,-46.56327,-23.54704
1489576544,-46.56326,-23.54713
1489576580,-46.56519,-23.54745
1489576592,-46.5653,-23.54744
1489576621,-46.56695,-23.5478
1489576624,-46.56717,-23.54784
1489576626,-46.56747,-23.54791
1489576640,-46.56811,-23.54805
1489576685,-46.56811,-23.54805
1489576729,-46.57052,-23.54853
1489576733,-46.57079,-23.5486
1489576739,-46.57125,-23.54869
1489576741,-46.57145,-23.54874
1489576744,-46.57166,-23.54877
1489576778,-46.57329,-23.54909
1489576788,-46.57331,-23.5491
1489576798,-46.57345,-23.54913
1489576836,-46.57331,-23.54994
1489576841,-46.57332,-23.55015
1489576846,-46.57355,-23.55021
1489576863,-46.57549,-23.55061
1489576882,-46.57655,-23.55109
1489576896,-46.57682,-23.55016
1489576897,-46.57696,-23.54998
1489576904,-46.57732,-23.54956
1489576932,-46.57854,-23.54666
1489576935,-46.57853,-23.54633
1489576943,-46.57868,-23.54617
1489576951,-46.57886,-23.54602
1489576982,-46.57896,-23.54592
1489576992,-46.57895,-23.54586
1489576999,-46.57907,-23.54566
1489577037,-46.57907,-23.5453
1489577049,-46.57906,-23.54515
1489577058,-46.57906,-23.54496
1489577089,-46.57908,-23.54463
1489577101,-46.57909,-23.54463
1489577137,-46.57909,-23.54463
1489577143,-46.57926,-23.54449
1489577153,-46.57935,-23.54448
1489577187,-46.57959,-23.54437
1489577195,-46.57968,-23.54419
1489577202,-46.57975,-23.54394
1489577210,-46.57989,-23.54351
1489577234,-46.58004,-23.5431
1489577244,-46.58008,-23.54296
1489577255,-46.58013,-23.54276
1489577298,-46.58025,-23.54233
1489577306,-46.58032,-23.54214
1489577347,-46.58048,-23.54167
1489577358,-46.58048,-23.54167
1489577362,-46.57816,-23.54131
1489577393,-46.58033,-23.54137
1489577404,-46.58027,-23.54135
1489577415,-46.58011,-23.54136
1489577453,-46.57985,-23.54132
1489577463,-46.57972,-23.54132
1489577496,-46.57976,-23.54157
1489577506,-46.57999,-23.54163
1489577511,-46.58017,-23.5417
1489577524,-46.5807,-23.54183
1489577549,-46.58185,-23.54207
1489577559,-46.58231,-23.54215
1489577568,-46.58269,-23.54226
1489577603,-46.58332,-23.54242
1489577607,-46.58351,-23.54246
1489577616,-46.58375,-23.54251
1489577621,-46.58395,-23.54252
1489577652,-46.58568,-23.5428
1489577663,-46.58568,-23.5428
1489577704,-46.58645,-23.54294
1489577712,-46.58666,-23.54296
1489577720,-46.58694,-23.54301
1489577755,-46.58882,-23.54327
1489577760,-46.58909,-23.54331
1489577765,-46.58951,-23.5434
1489577771,-46.58997,-23.54344
1489577805,-46.59161,-23.54373
1489577811,-46.59183,-23.54375
1489577821,-46.59199,-23.54378
1489577844,-46.59205,-23.54378
1489577859,-46.59251,-23.54383
1489577869,-46.59264,-23.54387
1489577915,-46.59324,-23.54415
1489577922,-46.5934,-23.54432
1489577924,-46.59374,-23.54439
1489577927,-46.59402,-23.54445
1489577961,-46.59626,-23.54485
1489577970,-46.5967,-23.54491
1489577977,-46.59688,-23.54498
1489577985,-46.59713,-23.54504
1489578022,-46.59789,-23.54539
1489578032,-46.59791,-23.54541
1489578042,-46.59791,-23.54541
1489578075,-46.59817,-23.54548
1489578086,-46.59817,-23.54548
1489578117,-46.59836,-23.54557
1489578122,-46.59858,-23.5457
1489578133,-46.5987,-23.54578
1489578174,-46.59886,-23.54586
1489578184,-46.59899,-23.54593
1489578192,-46.59919,-23.54606
1489578235,-46.59951,-23.54623
1489578271,-46.59975,-23.54631
1489578312,-46.60017,-23.5466
1489578336,-46.60069,-23.54694
1489578346,-46.60076,-23.54698
1489578392,-46.60125,-23.54719
1489578398,-46.60125,-23.54719
1489578403,-46.60125,-23.54719
1489578443,-46.60217,-23.54771
1489578455,-46.60217,-23.54771
1489578490,-46.60312,-23.54825
1489578491,-46.60312,-23.54825
1489578492,-46.60312,-23.54825
1489578502,-46.60312,-23.54825
1489578503,-46.60312,-23.54825
1489578538,-46.60382,-23.54864
1489578548,-46.60382,-23.54864
1489578549,-46.60382,-23.54864
1489578558,-46.60382,-23.54864
1489578559,-46.60382,-23.54864
1489578589,-46.60443,-23.54899
1489578595,-46.60464,-23.54907
1489578596,-46.60467,-23.5491
1489578597,-46.60467,-23.5491
1489578606,-46.60468,-23.54912
1489578607,-46.60468,-23.54912
1489578645,-46.60503,-23.5493
1489578656,-46.60515,-23.54941
1489578665,-46.60518,-23.54944
1489578666,-46.60518,-23.54944
1489578699,-46.60527,-23.5495
1489578704,-46.60547,-23.54957
1489578707,-46.60568,-23.5497
1489578710,-46.60586,-23.54981
1489578721,-46.60596,-23.54986
1489578742,-46.60605,-23.5499
1489578748,-46.60628,-23.55002
1489578749,-46.60628,-23.55002
1489578752,-46.6064,-23.55009
1489578755,-46.60648,-23.55012
1489578756,-46.60648,-23.55012
1489578763,-46.6065,-23.55013
1489578765,-46.6065,-23.55013
1489578773,-46.6065,-23.55013
1489578808,-46.60718,-23.55049
1489578821,-46.60718,-23.55049
1489578856,-46.60718,-23.55049
1489578866,-46.6073,-23.55055
1489578870,-46.60733,-23.55057
1489578873,-46.60748,-23.55065
1489578882,-46.60792,-23.55085
1489578909,-46.60887,-23.55139
1489578911,-46.60892,-23.55142
1489578915,-46.60908,-23.5515
1489578920,-46.60931,-23.55163
1489578921,-46.60931,-23.55163
1489578926,-46.60951,-23.55174
1489578930,-46.60975,-23.55187
1489578957,-46.61026,-23.55221
1489578965,-46.61026,-23.55221
1489578967,-46.61029,-23.55222
1489578976,-46.61029,-23.55222
1489578977,-46.61029,-23.55222
1489578998,-46.61038,-23.55227
1489579007,-46.61059,-23.55238
1489579013,-46.61101,-23.55258
1489579014,-46.61101,-23.55258
1489579017,-46.61135,-23.55269
1489579018,-46.61143,-23.55272
1489579022,-46.61172,-23.55278
1489579028,-46.61195,-23.5528
1489579032,-46.61211,-23.55282
1489579038,-46.61252,-23.55288
1489579059,-46.61302,-23.55293
1489579069,-46.61302,-23.55293
1489579071,-46.61302,-23.55293
1489579076,-46.61302,-23.55293
1489579080,-46.61302,-23.55293
1489579081,-46.61302,-23.55293
1489579094,-46.61397,-23.55287
1489579108,-46.61447,-23.55281
1489579165,-46.61685,-23.55264
1489579175,-46.61709,-23.55262
1489579176,-46.61709,-23.55262
1489579186,-46.61709,-23.55262
1489579187,-46.61709,-23.55262
1489579218,-46.61709,-23.55262
1489579220,-46.61709,-23.55262
1489579228,-46.6173,-23.55258
1489579235,-46.61749,-23.55256
1489579236,-46.61749,-23.55256
1489579237,-46.61752,-23.55256
1489579262,-46.61829,-23.55247
1489579273,-46.61925,-23.55233
1489579293,-46.61933,-23.55232
1489579315,-46.61996,-23.55223
1489579326,-46.62068,-23.55214
1489579327,-46.62074,-23.55213
1489579329,-46.62094,-23.5521
1489579330,-46.62094,-23.5521
1489579333,-46.62116,-23.55207
1489579337,-46.62148,-23.55203
1489579338,-46.62151,-23.55203
1489579348,-46.62153,-23.55203
1489579368,-46.62179,-23.55202
1489579386,-46.62205,-23.55196
1489579391,-46.62236,-23.55193
1489579393,-46.62248,-23.55191
1489579396,-46.62261,-23.55189
1489579398,-46.62278,-23.55188
1489579400,-46.62284,-23.55187
1489579429,-46.62336,-23.55181
1489579438,-46.62356,-23.55181
1489579441,-46.62378,-23.55178
1489579442,-46.62378,-23.55178
1489579446,-46.62406,-23.55175
1489579447,-46.62411,-23.55174
1489579450,-46.6243,-23.55171
1489579477,-46.62546,-23.55182
1489579478,-46.62557,-23.55189
1489579482,-46.6257,-23.552
1489579484,-46.62572,-23.55203
1489579490,-46.62582,-23.55219
1489579496,-46.62589,-23.5523
1489579498,-46.62593,-23.55236
1489579499,-46.62593,-23.55236
1489579529,-46.62672,-23.55365
1489579543,-46.62685,-23.55392
1489579553,-46.62692,-23.55403
1489579554,-46.62692,-23.55403
1489579592,-46.6278,-23.55554
1489579593,-46.6278,-23.55554
1489579594,-46.62785,-23.55561
1489579598,-46.62793,-23.55572
1489579601,-46.62797,-23.55578
1489579604,-46.62812,-23.55588
1489579607,-46.62827,-23.55595
1489579608,-46.62831,-23.55597
1489579614,-46.62843,-23.556
1489579632,-46.62905,-23.5561
1489579643,-46.62979,-23.5562
1489579647,-46.63004,-23.55622
1489579651,-46.63026,-23.55625
1489579652,-46.6303,-23.55625
1489579660,-46.63063,-23.55629
1489579662,-46.63073,-23.5563
1489579665,-46.63087,-23.55632
1489579695,-46.63397,-23.55653
1489579696,-46.63397,-23.55653
1489579697,-46.63416,-23.55658
1489579707,-46.63465,-23.55667
1489579712,-46.63485,-23.55663
1489579714,-46.63505,-23.55658
1489579718,-46.63529,-23.55656
1489579743,-46.63597,-23.55634
1489579745,-46.63597,-23.55634
1489579755,-46.63601,-23.5563
1489579757,-46.63601,-23.5563
1489579765,-46.63634,-23.55626
1489579766,-46.63634,-23.55626
1489579775,-46.63677,-23.5562
1489579799,-46.6385,-23.55587
1489579801,-46.63871,-23.55584
1489579803,-46.63891,-23.55581
1489579804,-46.63891,-23.55581
1489579805,-46.63901,-23.55579
1489579807,-46.63925,-23.55575
1489579808,-46.63925,-23.55575
1489579818,-46.6393,-23.55574
1489579819,-46.6393,-23.55574
1489579856,-46.64076,-23.55554
1489579861,-46.64076,-23.55554
1489579862,-46.64081,-23.5556
1489579867,-46.64098,-23.55563
1489579872,-46.64138,-23.55557
1489579874,-46.64164,-23.5555
1489579877,-46.6418,-23.55545
1489579878,-46.64186,-23.55544
1489579913,-46.64256,-23.55527
1489579916,-46.64272,-23.55521
1489579920,-46.64307,-23.55508
1489579925,-46.64349,-23.55491
1489579926,-46.64358,-23.55488
1489579927,-46.64358,-23.55488
1489579929,-46.64394,-23.55474
1489579940,-46.64484,-23.55433
1489579955,-46.64541,-23.55329
1489579959,-46.64549,-23.55311
1489579969,-46.64552,-23.55292
1489579973,-46.6456,-23.55275
1489579978,-46.64567,-23.55254
1489579979,-46.64567,-23.55254
1489579980,-46.64569,-23.5525
1489579983,-46.64577,-23.55229
1489579985,-46.64588,-23.55203
1489579991,-46.64602,-23.55151
1489580010,-46.64644,-23.5505
1489580015,-46.64641,-23.55123
1489580025,-46.64641,-23.55123
1489580027,-46.64641,-23.55123
1489580036,-46.64768,-23.54675
1489580072,-46.64752,-23.54509
1489580076,-46.64753,-23.54474
1489580077,-46.64753,-23.54474
1489580078,-46.64759,-23.54447
1489580080,-46.64762,-23.54428
1489580082,-46.64763,-23.54409
1489580085,-46.64763,-23.5439
1489580087,-46.64765,-23.5436
1489580089,-46.64765,-23.54341
1489580129,-46.64778,-23.54213
1489580130,-46.64777,-23.54209
1489580132,-46.64772,-23.54195
1489580141,-46.64751,-23.54173
1489580148,-46.64695,-23.54181
1489580174,-46.64595,-23.54164
1489580178,-46.64572,-23.54163
1489580180,-46.64548,-23.54161
1489580181,-46.64548,-23.54161
1489580183,-46.64523,-23.54152
1489580186,-46.64498,-23.54141
1489580187,-46.64498,-23.54141
1489580188,-46.64492,-23.54137
1489580221,-46.64344,-23.54216
1489580225,-46.6432,-23.5424
1489580228,-46.64301,-23.54261
1489580229,-46.64301,-23.54261
1489580235,-46.64297,-23.54276
1489580237,-46.64298,-23.54279
1489580239,-46.64307,-23.54292
1489580244,-46.64336,-23.54311
1489580259,-46.64359,-23.54316
1489580272,-46.64359,-23.54316
