1490303729,-46.65208,-23.55191
1490303734,-46.65219,-23.55195
1490303739,-46.65239,-23.55204
1490303755,-46.65284,-23.55218
1490303765,-46.65295,-23.55228
1490303775,-46.65291,-23.55224
1490303786,-46.6529,-23.55224
1490303793,-46.65271,-23.55216
1490303819,-46.65262,-23.55199
1490303829,-46.65188,-23.55176
1490303830,-46.65168,-23.55171
1490303834,-46.65142,-23.5516
1490303841,-46.65119,-23.55157
1490303846,-46.65092,-23.55149
1490303859,-46.65052,-23.55136
1490303869,-46.65051,-23.5513
1490303878,-46.65051,-23.5513
1490303880,-46.65051,-23.5513
1490303890,-46.65021,-23.55119
1490303894,-46.64994,-23.55112
1490303918,-46.64985,-23.55102
1490303928,-46.64985,-23.55102
1490303936,-46.6496,-23.55098
1490303940,-46.64932,-23.55093
1490303945,-46.64868,-23.55074
1490303949,-46.64838,-23.55065
1490303950,-46.64817,-23.5506
1490303953,-46.6479,-23.55051
1490303956,-46.64768,-23.55045
1490303960,-46.64749,-23.55039
1490303964,-46.64724,-23.5503
1490303969,-46.64699,-23.55022
1490303982,-46.64685,-23.55018
1490303997,-46.64673,-23.55016
1490304009,-46.6467,-23.55016
1490304020,-46.6467,-23.55016
1490304032,-46.6467,-23.55016
1490304045,-46.64663,-23.55017
1490304052,-46.64631,-23.55007
1490304063,-46.64585,-23.54987
1490304066,-46.64564,-23.54983
1490304069,-46.64542,-23.54976
1490304074,-46.64512,-23.54966
1490304077,-46.64478,-23.5496
1490304082,-46.64439,-23.54939
1490304083,-46.64423,-23.54925
1490304087,-46.64402,-23.54907
1490304088,-46.64388,-23.54894
1490304091,-46.64375,-23.54877
1490304093,-46.64358,-23.54859
1490304095,-46.64342,-23.54847
1490304101,-46.64319,-23.54829
1490304103,-46.64298,-23.54818
1490304113,-46.64286,-23.54814
1490304122,-46.64269,-23.54835
1490304126,-46.64265,-23.54867
1490304135,-46.64246,-23.54907
1490304145,-46.64247,-23.54913
1490304167,-46.64247,-23.54918
1490304178,-46.64243,-23.54928
1490304185,-46.64237,-23.54953
1490304191,-46.64233,-23.54972
1490304202,-46.64231,-23.54979
1490304212,-46.64231,-23.54981
1490304224,-46.64231,-23.54981
1490304236,-46.64231,-23.54982
1490304247,-46.64231,-23.54982
1490304273,-46.64224,-23.55004
1490304285,-46.6422,-23.55021
1490304295,-46.64217,-23.55027
1490304315,-46.64178,-23.5508
1490304326,-46.64152,-23.55091
1490304336,-46.64141,-23.55096
1490304346,-46.64136,-23.55092
1490304357,-46.64133,-23.5509
1490304381,-46.64133,-23.5509
1490304391,-46.64133,-23.5509
1490304403,-46.64133,-23.5509
1490304416,-46.64114,-23.55102
1490304420,-46.64095,-23.55111
1490304438,-46.6406,-23.55133
1490304448,-46.64015,-23.55157
1490304465,-46.63982,-23.5516
1490304474,-46.6397,-23.55177
1490304486,-46.63955,-23.55185
1490304498,-46.63949,-23.55182
1490304508,-46.63946,-23.55182
1490304518,-46.63944,-23.55182
1490304530,-46.63935,-23.55186
1490304533,-46.63912,-23.55199
1490304544,-46.639,-23.552
1490304556,-46.63896,-23.55199
1490304567,-46.63895,-23.55198
1490304580,-46.63895,-23.55199
1490304593,-46.63894,-23.55199
1490304606,-46.63894,-23.55199
1490304618,-46.63894,-23.55199
1490304628,-46.63894,-23.55199
1490304639,-46.63894,-23.55199
1490304649,-46.63894,-23.55199
1490304659,-46.63894,-23.55199
1490304669,-46.63888,-23.55199
1490304679,-46.63884,-23.55207
1490304690,-46.63884,-23.55208
1490304700,-46.63884,-23.55208
1490304710,-46.63884,-23.55208
1490304720,-46.63876,-23.55213
1490304728,-46.63859,-23.55229
1490304734,-46.63835,-23.55229
1490304742,-46.63806,-23.55235
1490304749,-46.6379,-23.55252
1490304753,-46.63771,-23.55266
1490304755,-46.63751,-23.55285
1490304757,-46.63744,-23.55303
1490304760,-46.63736,-23.55328
1490304765,-46.63726,-23.55358
1490304767,-46.63716,-23.55386
1490304770,-46.63712,-23.5542
1490304776,-46.63715,-23.55466
1490304779,-46.63722,-23.55486
1490304783,-46.63729,-23.55505
1490304788,-46.63736,-23.55523
1490304798,-46.63741,-23.5554
1490304808,-46.6374,-23.5554
1490304818,-46.6374,-23.5554
1490304826,-46.6375,-23.5556
1490304830,-46.63763,-23.55584
1490304833,-46.63766,-23.55606
1490304836,-46.63769,-23.55627
1490304840,-46.63791,-23.5566
1490304843,-46.63803,-23.55685
1490304849,-46.63823,-23.55732
1490304851,-46.6383,-23.55751
1490304853,-46.63844,-23.55784
1490304855,-46.63853,-23.55806
1490304858,-46.63861,-23.55828
1490304860,-46.63869,-23.5585
1490304862,-46.63885,-23.55882
1490304864,-46.63897,-23.55905
1490304868,-46.63915,-23.55937
1490304870,-46.63928,-23.55955
1490304872,-46.63943,-23.55974
1490304875,-46.63956,-23.55994
1490304887,-46.64006,-23.56085
1490304891,-46.64012,-23.56107
1490304897,-46.64025,-23.56168
1490304911,-46.64041,-23.56281
1490304914,-46.64043,-23.56311
1490304917,-46.64047,-23.56342
1490304920,-46.64051,-23.56376
1490304928,-46.6407,-23.56455
1490304929,-46.64076,-23.56479
1490304932,-46.64083,-23.56511
1490304935,-46.64088,-23.56544
1490304939,-46.64089,-23.56568
1490304950,-46.6409,-23.56623
1490304953,-46.64089,-23.56647
1490304957,-46.64084,-23.56676
1490304965,-46.64082,-23.56742
1490304968,-46.64082,-23.56766
1490304971,-46.64083,-23.56792
1490304974,-46.64085,-23.56819
1490304977,-46.64087,-23.56844
1490304980,-46.6409,-23.56867
1490304983,-46.64093,-23.5689
1490304986,-46.64097,-23.5691
1490304989,-46.64098,-23.56935
1490304995,-46.64102,-23.56992
1490305000,-46.64105,-23.57042
1490305003,-46.64109,-23.57079
1490305006,-46.64111,-23.57099
1490305010,-46.64114,-23.57142
1490305019,-46.64117,-23.57211
1490305021,-46.64118,-23.57233
1490305034,-46.64127,-23.57335
1490305038,-46.64129,-23.5736
1490305039,-46.6413,-23.57379
1490305041,-46.64132,-23.57399
1490305044,-46.64134,-23.57418
1490305046,-46.64136,-23.57449
1490305050,-46.64144,-23.57479
1490305052,-46.64154,-23.57501
1490305059,-46.64187,-23.57541
1490305063,-46.64209,-23.57562
1490305072,-46.64251,-23.57589
1490305078,-46.64268,-23.57602
1490305089,-46.64283,-23.57612
1490305108,-46.64317,-23.57634
1490305118,-46.64331,-23.57644
1490305127,-46.64355,-23.57657
1490305133,-46.64373,-23.57671
1490305137,-46.64398,-23.57687
1490305155,-46.6442,-23.57703
1490305165,-46.64433,-23.57712
1490305177,-46.64442,-23.57717
1490305187,-46.64456,-23.57728
1490305196,-46.64473,-23.57739
1490305207,-46.64489,-23.57751
1490305217,-46.64491,-23.57754
1490305239,-46.64493,-23.57754
1490305252,-46.64496,-23.57757
1490305262,-46.64508,-23.57766
1490305272,-46.64519,-23.57774
1490305285,-46.64518,-23.57774
1490305296,-46.64537,-23.57787
1490305310,-46.64574,-23.57814
1490305321,-46.64592,-23.57825
1490305333,-46.64607,-23.57838
1490305343,-46.64626,-23.57853
1490305350,-46.64645,-23.57866
1490305360,-46.6466,-23.57878
1490305380,-46.64692,-23.57901
1490305387,-46.64709,-23.57913
1490305398,-46.64747,-23.5794
1490305417,-46.64825,-23.57997
1490305422,-46.64843,-23.58009
1490305427,-46.64865,-23.58025
1490305432,-46.64882,-23.58039
1490305437,-46.649,-23.58052
1490305451,-46.64954,-23.58091
1490305456,-46.64972,-23.58104
1490305461,-46.6499,-23.58119
1490305471,-46.64997,-23.58123
1490305482,-46.65013,-23.58134
1490305487,-46.65031,-23.58147
1490305493,-46.65049,-23.58157
1490305501,-46.65097,-23.58183
1490305505,-46.65125,-23.58198
1490305508,-46.65154,-23.58214
1490305510,-46.65177,-23.58229
1490305515,-46.65198,-23.58242
1490305524,-46.65236,-23.58267
1490305527,-46.65258,-23.58282
1490305529,-46.65276,-23.58295
1490305533,-46.65301,-23.58316
1490305535,-46.65321,-23.58333
1490305539,-46.65338,-23.58348
1490305544,-46.65357,-23.58362
1490305551,-46.65377,-23.58371
1490305560,-46.65397,-23.58374
1490305564,-46.6542,-23.58368
1490305569,-46.65448,-23.58353
1490305572,-46.65468,-23.58341
1490305574,-46.65492,-23.5833
1490305577,-46.65512,-23.5832
1490305581,-46.65568,-23.5829
1490305585,-46.65591,-23.58278
1490305588,-46.65617,-23.58271
1490305594,-46.65639,-23.58273
1490305598,-46.65657,-23.58285
1490305604,-46.65669,-23.58305
1490305615,-46.65669,-23.58326
1490305625,-46.65666,-23.58338
1490305636,-46.65666,-23.58341
1490305646,-46.65664,-23.58351
1490305656,-46.65661,-23.5836
1490305662,-46.65651,-23.58385
1490305665,-46.65641,-23.58405
1490305668,-46.65627,-23.58432
1490305671,-46.65614,-23.58454
1490305675,-46.656,-23.58477
1490305680,-46.65568,-23.58522
1490305684,-46.65548,-23.58546
1490305688,-46.65533,-23.58563
1490305691,-46.65517,-23.58579
1490305694,-46.65492,-23.58603
1490305697,-46.65471,-23.5862
1490305702,-46.6544,-23.58646
1490305704,-46.65416,-23.58663
1490305714,-46.65349,-23.58714
1490305716,-46.65328,-23.58731
1490305719,-46.6531,-23.58749
1490305724,-46.65292,-23.58779
1490305727,-46.65283,-23.588
1490305729,-46.65276,-23.58819
1490305733,-46.65264,-23.58844
1490305743,-46.65239,-23.58915
1490305745,-46.65231,-23.58934
1490305751,-46.65211,-23.58979
1490305752,-46.65202,-23.58997
1490305755,-46.65188,-23.59023
1490305768,-46.65158,-23.59088
1490305771,-46.6515,-23.59111
1490305777,-46.65128,-23.59159
1490305779,-46.65114,-23.59194
1490305781,-46.65104,-23.59215
1490305783,-46.65095,-23.59236
1490305786,-46.65089,-23.59259
1490305789,-46.65081,-23.59294
1490305792,-46.65076,-23.59342
1490305795,-46.65077,-23.59364
1490305797,-46.65078,-23.59386
1490305808,-46.65081,-23.59425
1490305814,-46.65084,-23.59456
1490305816,-46.65086,-23.59484
1490305818,-46.65086,-23.59504
1490305822,-46.65089,-23.59532
1490305825,-46.6509,-23.59554
1490305827,-46.65093,-23.59573
1490305837,-46.65095,-23.59591
1490305848,-46.65094,-23.59592
1490305861,-46.65094,-23.59594
1490305867,-46.65096,-23.59612
1490305873,-46.651,-23.59641
1490305876,-46.65101,-23.59662
1490305881,-46.65103,-23.59688
1490305885,-46.65104,-23.59719
1490305889,-46.65107,-23.59754
1490305893,-46.6511,-23.5978
1490305895,-46.65113,-23.59803
1490305898,-46.65114,-23.59823
1490305902,-46.65115,-23.59846
1490305905,-46.65121,-23.59884
1490305908,-46.65125,-23.59915
1490305915,-46.65131,-23.59988
1490305918,-46.65134,-23.60019
1490305923,-46.6514,-23.60066
1490305926,-46.65143,-23.60091
1490305931,-46.65145,-23.60112
1490305941,-46.65146,-23.60119
1490305953,-46.65146,-23.6012
1490305964,-46.65147,-23.60121
1490305980,-46.6515,-23.60181
1490305982,-46.65152,-23.602
1490305990,-46.6516,-23.60272
1490305993,-46.65162,-23.60301
1490305997,-46.65165,-23.60328
1490305998,-46.65167,-23.60347
1490306000,-46.65168,-23.60365
1490306004,-46.65172,-23.60389
1490306007,-46.65172,-23.6041
1490306023,-46.65182,-23.60548
1490306025,-46.65184,-23.60572
1490306028,-46.65191,-23.60606
1490306031,-46.65197,-23.60625
1490306036,-46.65216,-23.60671
1490306048,-46.65224,-23.60684
1490306060,-46.65223,-23.60683
1490306072,-46.65224,-23.60685
1490306077,-46.65234,-23.60702
1490306080,-46.65249,-23.60719
1490306084,-46.65261,-23.60734
1490306090,-46.6528,-23.60754
1490306094,-46.65299,-23.60774
1490306100,-46.65329,-23.60808
1490306107,-46.65347,-23.60829
1490306110,-46.65361,-23.60846
1490306112,-46.65378,-23.60864
1490306116,-46.65399,-23.60885
1490306119,-46.65414,-23.609
1490306125,-46.65451,-23.60943
1490306128,-46.65467,-23.60959
1490306129,-46.65481,-23.60972
1490306131,-46.65494,-23.60987
1490306134,-46.65514,-23.61009
1490306137,-46.65531,-23.61026
1490306142,-46.65553,-23.61053
1490306145,-46.65569,-23.61075
1490306154,-46.65599,-23.61114
1490306163,-46.65643,-23.61161
1490306166,-46.65666,-23.61189
1490306169,-46.65679,-23.61203
1490306176,-46.65731,-23.61254
1490306180,-46.65747,-23.61271
1490306184,-46.65773,-23.61297
1490306189,-46.65789,-23.61314
1490306192,-46.65804,-23.61329
1490306207,-46.65859,-23.61388
1490306211,-46.65874,-23.61403
1490306216,-46.65887,-23.61417
1490306224,-46.65917,-23.61449
1490306230,-46.65932,-23.61464
1490306244,-46.65959,-23.61494
1490306250,-46.65973,-23.6151
1490306255,-46.65986,-23.61525
1490306262,-46.66001,-23.61541
1490306267,-46.66016,-23.6156
1490306288,-46.66031,-23.61577
1490306301,-46.66095,-23.61644
1490306311,-46.66146,-23.61698
1490306316,-46.6616,-23.61713
1490306321,-46.66174,-23.61731
1490306326,-46.66185,-23.61748
1490306330,-46.66194,-23.61764
1490306343,-46.66215,-23.61823
1490306347,-46.66218,-23.61845
1490306357,-46.66218,-23.61903
1490306360,-46.66215,-23.61925
1490306366,-46.66212,-23.61945
1490306377,-46.66208,-23.61987
1490306392,-46.66202,-23.62058
1490306396,-46.66197,-23.62084
1490306407,-46.66193,-23.62143
1490306409,-46.6619,-23.62163
1490306418,-46.66185,-23.62209
1490306421,-46.66183,-23.62233
1490306434,-46.66173,-23.62336
1490306437,-46.66169,-23.62363
1490306441,-46.66168,-23.62384
1490306443,-46.66169,-23.62404
1490306448,-46.66174,-23.62423
1490306465,-46.66172,-23.62461
1490306469,-46.66171,-23.62486
1490306477,-46.66173,-23.62507
1490306487,-46.66175,-23.6251
1490306497,-46.66175,-23.62519
1490306507,-46.66171,-23.62531
1490306516,-46.66168,-23.6255
1490306526,-46.66166,-23.62563
1490306536,-46.66167,-23.62579
1490306546,-46.66166,-23.6259
1490306555,-46.66163,-23.62608
1490306565,-46.66156,-23.62625
1490306584,-46.6613,-23.62644
1490306593,-49.2844,-25.47004
1490306603,-49.2844,-25.47004
1490306628,-49.2844,-25.47004
1490306636,-46.66103,-23.62545
1490306646,-46.66103,-23.62545
1490306648,-46.66118,-23.62776
1490306658,-46.66122,-23.62779
1490306669,-46.66122,-23.62789
1490306678,-46.66099,-23.62868
1490306679,-46.66117,-23.62799
1490306690,-46.66111,-23.62801
1490306700,-46.66111,-23.62817
1490306710,-46.66111,-23.6282
1490306726,-46.66113,-23.62859
1490306731,-46.66108,-23.6288
1490306741,-46.66068,-23.62892
1490306749,-46.6604,-23.62876
1490306751,-46.66025,-23.62863
1490306759,-46.6601,-23.6285
1490306770,-46.65999,-23.6284
1490306780,-46.65963,-23.62858
1490306782,-46.65985,-23.62823
1490306792,-46.65974,-23.62809
1490306802,-46.65962,-23.62794
1490306819,-46.65944,-23.62753
1490306829,-46.6594,-23.62734
1490306838,-46.6594,-23.62716
1490306848,-46.65943,-23.62696
1490306858,-46.65946,-23.62681
1490306868,-46.6595,-23.62671
1490306879,-46.6596,-23.62656
1490306887,-46.65976,-23.62641
1490306895,-46.65994,-23.62631
1490306905,-46.66006,-23.62626
1490306926,-46.66018,-23.62623
1490306936,-46.66027,-23.6262
1490306943,-46.66052,-23.62621
1490306948,-46.6608,-23.62621
1490306958,-46.66121,-23.62603
1490306964,-46.66125,-23.62579
1490306967,-46.66127,-23.6256
1490306972,-46.66128,-23.62539
1490306983,-46.66127,-23.6253
1490306993,-46.66127,-23.62529
1490306999,-46.66128,-23.62504
1490307004,-46.66131,-23.62484
1490307008,-46.66131,-23.62465
1490307017,-46.66129,-23.62453
