1487190555,-46.68735,-23.57553
1487190556,-46.68735,-23.57552
1487190561,-46.68735,-23.57552
1487190567,-46.68735,-23.57552
1487190577,-46.68735,-23.57552
1487190587,-46.68738,-23.57554
1487190596,-46.68713,-23.57546
1487190601,-46.68693,-23.57538
1487190611,-46.68684,-23.57534
1487190621,-46.68683,-23.57534
1487190631,-46.68671,-23.57528
1487190638,-46.68649,-23.57515
1487190643,-46.68617,-23.57505
1487190652,-46.68525,-23.57495
1487190658,-46.68465,-23.57495
1487190661,-46.68444,-23.57493
1487190662,-46.68423,-23.57493
1487190664,-46.684,-23.57492
1487190668,-46.68368,-23.57487
1487190679,-46.68351,-23.57483
1487190689,-46.68348,-23.57483
1487190699,-46.68331,-23.5748
1487190709,-46.68311,-23.57485
1487190720,-46.68305,-23.57483
1487190730,-46.68299,-23.57481
1487190740,-46.68289,-23.5748
1487190745,-46.68271,-23.57489
1487190752,-46.68252,-23.57478
1487190758,-46.68233,-23.57473
1487190767,-46.68217,-23.57485
1487190787,-46.68194,-23.57514
1487190795,-46.68185,-23.5753
1487190800,-46.68177,-23.57548
1487190805,-46.68171,-23.57566
1487190811,-46.68167,-23.57591
1487190826,-46.68133,-23.57597
1487190829,-46.68117,-23.57583
1487190833,-46.68088,-23.57565
1487190837,-46.68063,-23.57554
1487190840,-46.68029,-23.57543
1487190843,-46.68009,-23.57539
1487190851,-46.67989,-23.57532
1487190859,-46.67934,-23.57524
1487190866,-46.67888,-23.57523
1487190868,-46.67866,-23.57523
1487190871,-46.67846,-23.57525
1487190882,-46.67826,-23.57495
1487190884,-46.6783,-23.57473
1487190887,-46.67836,-23.57453
1487190891,-46.67847,-23.57421
1487190896,-46.67854,-23.57397
1487190899,-46.67858,-23.57376
1487190903,-46.67865,-23.57352
1487190910,-46.67879,-23.57299
1487190915,-46.67866,-23.57257
1487190921,-46.67836,-23.5725
1487190925,-46.67807,-23.57253
1487190932,-46.6774,-23.57258
1487190938,-46.67717,-23.57256
1487190948,-46.67645,-23.5721
1487190951,-46.67624,-23.57193
1487190959,-46.67584,-23.57153
1487190969,-46.6757,-23.57138
1487190979,-46.67551,-23.57125
1487190982,-46.67533,-23.57135
1487190985,-46.67519,-23.57155
1487190988,-46.67505,-23.57172
1487190999,-46.67501,-23.57179
1487191009,-46.67497,-23.57178
1487191019,-46.67497,-23.57178
1487191028,-46.67475,-23.572
1487191032,-46.67458,-23.57218
1487191035,-46.67433,-23.5725
1487191039,-46.67406,-23.57278
1487191042,-46.67395,-23.57296
1487191043,-46.6738,-23.57313
1487191049,-46.67345,-23.57351
1487191052,-46.67324,-23.57375
1487191054,-46.67307,-23.57397
1487191062,-46.67278,-23.57433
1487191066,-46.67266,-23.57448
1487191071,-46.67255,-23.57466
1487191081,-46.6725,-23.57468
1487191091,-46.6725,-23.57469
1487191102,-46.6725,-23.57469
1487191112,-46.6725,-23.57469
1487191132,-46.6725,-23.57469
1487191143,-46.6725,-23.57469
1487191153,-46.6725,-23.57469
1487191163,-46.6725,-23.57469
1487191173,-46.67237,-23.57485
1487191181,-46.67223,-23.57501
1487191191,-46.67214,-23.57515
1487191201,-46.67207,-23.57516
1487191222,-46.67205,-23.57516
1487191232,-46.67205,-23.57516
1487191242,-46.67205,-23.57516
1487191252,-46.67205,-23.57516
1487191263,-46.67205,-23.57516
1487191273,-46.67205,-23.57516
1487191283,-46.67205,-23.57516
1487191293,-46.67205,-23.57516
1487191304,-46.67205,-23.57516
1487191310,-46.67195,-23.57535
1487191314,-46.67176,-23.57552
1487191317,-46.67163,-23.57568
1487191328,-46.67156,-23.57581
1487191338,-46.67156,-23.5758
1487191348,-46.67156,-23.5758
1487191358,-46.67156,-23.5758
1487191379,-46.67156,-23.5758
1487191389,-46.67156,-23.5758
1487191399,-46.67156,-23.5758
1487191409,-46.67156,-23.5758
1487191420,-46.67156,-23.5758
1487191430,-46.67156,-23.5758
1487191440,-46.67149,-23.57591
1487191446,-46.67137,-23.57608
1487191457,-46.67131,-23.57612
1487191477,-46.67131,-23.57612
1487191487,-46.67131,-23.57612
1487191498,-46.67131,-23.57612
1487191508,-46.67131,-23.57612
1487191518,-46.67131,-23.57612
1487191528,-46.67131,-23.57612
1487191538,-46.67131,-23.57612
1487191549,-46.67131,-23.57612
1487191559,-46.6713,-23.57613
1487191563,-46.67115,-23.57627
1487191569,-46.67093,-23.57648
1487191573,-46.67075,-23.57666
1487191576,-46.67057,-23.57685
1487191586,-46.6705,-23.57692
1487191602,-46.67021,-23.5772
1487191612,-46.67013,-23.57726
1487191622,-46.66999,-23.57737
1487191628,-46.66985,-23.57756
1487191635,-46.66942,-23.57795
1487191644,-46.66912,-23.57823
1487191651,-46.66895,-23.57838
1487191654,-46.66876,-23.57857
1487191666,-46.66821,-23.57907
1487191670,-46.66807,-23.57922
1487191676,-46.66794,-23.57936
1487191682,-46.66779,-23.57949
1487191693,-46.66774,-23.57951
1487191699,-46.66753,-23.57972
1487191703,-46.6673,-23.57993
1487191709,-46.66716,-23.58006
1487191720,-46.66714,-23.58007
1487191737,-46.66679,-23.58041
1487191743,-46.66667,-23.58056
1487191750,-46.66645,-23.58056
1487191752,-46.66629,-23.58045
1487191758,-46.66612,-23.58034
1487191766,-46.66595,-23.58025
1487191777,-46.66575,-23.58026
1487191787,-46.6657,-23.58027
1487191797,-46.6657,-23.58028
1487191807,-46.66561,-23.58036
1487191818,-46.66556,-23.58039
1487191828,-46.6655,-23.58044
1487191838,-46.66547,-23.58046
1487191858,-46.66548,-23.58047
1487191869,-46.66549,-23.58047
1487191879,-46.66549,-23.58047
1487191889,-46.66549,-23.58047
1487191899,-46.66548,-23.58048
1487191909,-46.66533,-23.5806
1487191916,-46.6652,-23.58074
1487191926,-46.66518,-23.58077
1487191936,-46.66518,-23.58077
1487191967,-46.66516,-23.58081
1487191978,-46.66516,-23.58082
1487191988,-46.66511,-23.58087
1487191998,-46.66504,-23.58094
1487192008,-46.66497,-23.58101
1487192019,-46.66487,-23.58109
1487192039,-46.66474,-23.58104
1487192049,-46.66473,-23.58105
1487192060,-46.66473,-23.58105
1487192070,-46.66473,-23.58105
1487192090,-46.66461,-23.58098
1487192101,-46.66445,-23.58088
1487192106,-46.66424,-23.58076
1487192111,-46.66407,-23.58066
1487192122,-46.66368,-23.5807
1487192134,-46.66322,-23.58115
1487192139,-46.663,-23.58116
1487192143,-46.66277,-23.58095
1487192145,-46.66254,-23.58078
1487192147,-46.66238,-23.58065
1487192150,-46.66216,-23.58051
1487192154,-46.66188,-23.58039
1487192156,-46.6616,-23.58033
1487192159,-46.66132,-23.58032
1487192162,-46.66111,-23.58041
1487192167,-46.66086,-23.58053
1487192171,-46.6606,-23.58063
1487192179,-46.65999,-23.58089
1487192180,-46.65981,-23.58098
1487192182,-46.65963,-23.58107
1487192184,-46.65945,-23.58116
1487192187,-46.65925,-23.58124
1487192188,-46.65906,-23.58132
1487192190,-46.65887,-23.5814
1487192193,-46.65862,-23.58153
1487192196,-46.65843,-23.58162
1487192198,-46.65816,-23.58175
1487192202,-46.65782,-23.58191
1487192208,-46.65746,-23.58221
1487192211,-46.65728,-23.58241
1487192213,-46.65714,-23.58263
1487192217,-46.65697,-23.58298
1487192220,-46.65687,-23.58317
1487192224,-46.6566,-23.58366
1487192226,-46.65649,-23.58386
1487192229,-46.65639,-23.58406
1487192238,-46.65596,-23.58487
1487192240,-46.65586,-23.58502
1487192242,-46.6557,-23.58522
1487192245,-46.65552,-23.58543
1487192252,-46.65522,-23.58577
1487192257,-46.65502,-23.58596
1487192261,-46.65475,-23.58617
1487192264,-46.6546,-23.5863
1487192265,-46.65444,-23.58643
1487192267,-46.65427,-23.58657
1487192270,-46.65399,-23.58678
1487192274,-46.65365,-23.58703
1487192276,-46.65347,-23.58716
1487192279,-46.65323,-23.58737
1487192283,-46.65304,-23.5876
1487192285,-46.65288,-23.58783
1487192288,-46.65276,-23.58805
1487192291,-46.65262,-23.58829
1487192294,-46.65252,-23.58846
1487192296,-46.65242,-23.58863
1487192301,-46.65218,-23.58906
1487192317,-46.65203,-23.58939
1487192327,-46.65199,-23.58943
1487192337,-46.65193,-23.58952
1487192347,-46.65187,-23.58968
1487192358,-46.65183,-23.58979
1487192367,-46.65177,-23.58996
1487192377,-46.65172,-23.5901
1487192385,-46.65164,-23.59029
1487192394,-46.65155,-23.59047
1487192399,-46.65147,-23.59066
1487192406,-46.65136,-23.59085
1487192416,-46.65131,-23.59098
1487192427,-46.65125,-23.5911
1487192446,-46.65109,-23.59131
1487192455,-46.65043,-23.59182
1487192459,-46.65016,-23.59187
1487192467,-46.65,-23.59201
1487192473,-46.64973,-23.59213
1487192477,-46.64952,-23.59217
1487192490,-46.64892,-23.59242
1487192498,-46.64836,-23.59264
1487192501,-46.64813,-23.59274
1487192505,-46.64791,-23.5928
1487192510,-46.6475,-23.59294
1487192515,-46.64727,-23.59305
1487192520,-46.64707,-23.59308
1487192544,-46.64706,-23.59309
1487192554,-46.64687,-23.59317
1487192558,-46.6466,-23.59326
1487192567,-46.64638,-23.59342
1487192577,-46.64628,-23.59349
1487192589,-46.64624,-23.59348
1487192601,-46.64606,-23.59352
1487192611,-46.64586,-23.59363
1487192622,-46.64568,-23.5937
1487192632,-46.64556,-23.59374
1487192645,-46.64556,-23.59375
1487192651,-46.64538,-23.59383
1487192664,-46.64439,-23.59418
1487192665,-46.64419,-23.59422
1487192668,-46.64391,-23.59421
1487192678,-46.64351,-23.59423
1487192688,-46.64348,-23.59421
1487192698,-46.64347,-23.59421
1487192723,-46.64274,-23.59418
1487192728,-46.64248,-23.59417
1487192732,-46.64221,-23.59415
1487192752,-46.64201,-23.59406
1487192762,-46.64201,-23.59406
1487192772,-46.6418,-23.59403
1487192776,-46.64154,-23.59399
1487192780,-46.64134,-23.59396
1487192791,-46.64129,-23.59394
1487192815,-46.64101,-23.59389
1487192820,-46.64071,-23.59383
1487192822,-46.64046,-23.59379
1487192830,-46.6402,-23.59375
1487192839,-46.63996,-23.59371
1487192849,-46.63988,-23.59369
1487192853,-46.63967,-23.59367
1487192857,-46.63938,-23.59363
1487192862,-46.63907,-23.59362
1487192866,-46.63868,-23.59361
1487192877,-46.63795,-23.59333
1487192880,-46.63778,-23.59322
1487192884,-46.63761,-23.59311
1487192895,-46.63755,-23.59306
1487192905,-46.63749,-23.59306
1487192916,-46.63749,-23.59306
1487192929,-46.63749,-23.59306
1487192939,-46.63749,-23.59306
1487192948,-46.63727,-23.59294
1487192953,-46.6371,-23.59284
1487192959,-46.63693,-23.59275
1487192965,-46.63671,-23.59282
1487192972,-46.63665,-23.59303
1487192977,-46.63654,-23.59322
1487192984,-46.63632,-23.59329
1487192990,-46.63594,-23.59325
1487192994,-46.63571,-23.59324
1487193004,-46.63549,-23.59324
1487193012,-46.63527,-23.59324
1487193023,-46.63519,-23.59324
1487193038,-46.63495,-23.5932
1487193050,-46.63477,-23.59318
1487193060,-46.63475,-23.59319
1487193072,-46.63474,-23.59318
1487193082,-46.6345,-23.59319
1487193088,-46.63429,-23.59325
1487193098,-46.63415,-23.59332
1487193104,-46.63376,-23.59348
1487193109,-46.63358,-23.59363
1487193116,-46.63337,-23.59377
1487193126,-46.63326,-23.59389
1487193136,-46.63313,-23.59398
1487193144,-46.63295,-23.59409
1487193154,-46.6328,-23.59426
1487193162,-46.63265,-23.59441
1487193166,-46.63251,-23.59457
1487193172,-46.63228,-23.59477
1487193175,-46.63212,-23.59489
1487193179,-46.63194,-23.59497
1487193185,-46.63154,-23.59517
1487193189,-46.63122,-23.59519
1487193193,-46.63098,-23.59512
1487193197,-46.63089,-23.59484
1487193201,-46.63076,-23.59435
1487193203,-46.63057,-23.59422
1487193207,-46.63018,-23.59413
1487193210,-46.6299,-23.59413
1487193213,-46.62968,-23.59415
1487193218,-46.62938,-23.59417
1487193221,-46.62914,-23.59418
1487193232,-46.62907,-23.59418
1487193243,-46.62905,-23.59416
1487193254,-46.62905,-23.59416
1487193262,-46.62909,-23.59393
1487193266,-46.6291,-23.59374
1487193272,-46.62895,-23.59358
1487193283,-46.62885,-23.59344
1487193288,-46.62871,-23.59326
1487193292,-46.62856,-23.59307
1487193296,-46.62841,-23.59289
1487193298,-46.62826,-23.59272
1487193307,-46.62839,-23.59255
1487193312,-46.62863,-23.59238
1487193317,-46.62883,-23.59226
1487193320,-46.62903,-23.59212
1487193326,-46.62917,-23.59197
1487193334,-46.62919,-23.59196
1487193337,-46.62919,-23.59195
