100,-43.00495,-22.82115
104,-43.00495,-22.82115
114,-43.00495,-22.82115
120,-43.00495,-22.82115
124,-43.00495,-22.82115
126,-43.00537,-22.82112
129,-43.00537,-22.82112
137,-43.00537,-22.82112
152,-43.00480,-22.82112
166,-43.00480,-22.82112
187,-43.00480,-22.82112
197,-43.00480,-22.82112
207,-43.00480,-22.82112
220,-43.00480,-22.82112
230,-43.00480,-22.82112
233,-43.00518,-22.82115
248,-43.00450,-22.82010
253,-43.00541,-22.82115
258,-43.00480,-22.82112
265,-43.00480,-22.82112
276,-43.00480,-22.82112
284,-43.00480,-22.82112
