1486040712,-38.50261,-3.73965
1486040713,-38.5026,-3.73967
1486040733,-38.5026,-3.73967
1486040734,-38.5026,-3.73967
1486040744,-38.5026,-3.73967
1486040755,-38.5026,-3.73968
1486040775,-38.50254,-3.73943
1486040779,-38.5025,-3.73923
1486040784,-38.50237,-3.7389
1486040787,-38.50225,-3.7386
1486040822,-38.50133,-3.73879
1486040828,-38.50137,-3.73901
1486040848,-38.5014,-3.73916
1486040858,-38.50141,-3.73917
1486040869,-38.50141,-3.73917
1486040893,-38.50144,-3.73917
1486040901,-38.50148,-3.73937
1486040907,-38.50161,-3.73951
1486040928,-38.50186,-3.73939
1486040940,-38.50189,-3.7394
1486040969,-38.5019,-3.7394
1486040974,-38.5019,-3.7394
1486040986,-38.50191,-3.7394
1486040992,-38.5021,-3.73934
1486041009,-38.50342,-3.73895
1486041016,-38.50384,-3.73887
1486041019,-38.50421,-3.73875
1486041021,-38.50441,-3.73868
1486041023,-38.50464,-3.73861
1486041026,-38.50482,-3.73854
1486041029,-38.50508,-3.73846
1486041046,-38.50522,-3.73844
1486041056,-38.50522,-3.73843
1486041068,-38.50522,-3.73843
1486041079,-38.50565,-3.73827
1486041083,-38.50602,-3.73811
1486041085,-38.50627,-3.73805
1486041089,-38.50654,-3.73797
1486041093,-38.50685,-3.73789
1486041097,-38.50717,-3.73779
1486041101,-38.50743,-3.7377
1486041124,-38.50943,-3.73708
1486041125,-38.50962,-3.73701
1486041127,-38.5098,-3.73695
1486041129,-38.51001,-3.73687
1486041132,-38.51022,-3.7368
1486041135,-38.51058,-3.73668
1486041139,-38.51085,-3.73659
1486041144,-38.5112,-3.73647
1486041178,-38.51174,-3.73621
1486041210,-38.51174,-3.73621
1486041221,-38.51178,-3.73622
1486041231,-38.51175,-3.73597
1486041240,-38.5116,-3.73543
1486041251,-38.51153,-3.7353
1486041283,-38.5115,-3.73525
1486041293,-38.51143,-3.73504
1486041297,-38.51134,-3.7348
1486041315,-38.51101,-3.73369
1486041319,-38.51092,-3.7335
1486041323,-38.51085,-3.73331
1486041333,-38.51084,-3.73311
1486041360,-38.51077,-3.73286
1486041383,-38.51077,-3.73286
1486041394,-38.51077,-3.73286
1486041405,-38.51077,-3.73285
1486041413,-38.51065,-3.73268
1486041424,-38.51045,-3.73232
1486041431,-38.50974,-3.73259
1486041436,-38.50956,-3.7327
1486041444,-38.50961,-3.73299
1486041451,-38.50961,-3.73302
