1487155957,-48.54888,-22.27519
1487155962,-48.54888,-22.27519
1487155973,-48.54888,-22.27519
1487155980,-48.54888,-22.27519
1487155983,-48.54888,-22.27519
1487155993,-48.54881,-22.27513
1487156014,-48.54867,-22.27507
1487156024,-48.54867,-22.27527
1487156032,-48.54856,-22.27545
1487156038,-48.54827,-22.2758
1487156042,-48.5481,-22.27598
1487156073,-48.54674,-22.2779
1487156077,-48.54652,-22.27818
1487156084,-48.54642,-22.27861
1487156088,-48.54654,-22.27878
1487156095,-48.54637,-22.27898
1487156099,-48.54616,-22.27905
1487156110,-48.54507,-22.27952
1487156114,-48.54477,-22.27964
1487156123,-48.54383,-22.28
1487156129,-48.54352,-22.28028
1487156134,-48.5432,-22.28038
1487156137,-48.543,-22.28056
1487156140,-48.54277,-22.28075
1487156143,-48.54245,-22.28105
1487156148,-48.54199,-22.28146
1487156152,-48.54161,-22.28179
1487156155,-48.54145,-22.28192
1487156160,-48.54115,-22.28213
1487156164,-48.54096,-22.28224
1487156183,-48.54028,-22.28324
1487156185,-48.54028,-22.28345
1487156187,-48.54027,-22.28368
1487156189,-48.54026,-22.28403
1487156196,-48.54024,-22.28471
1487156198,-48.54023,-22.28495
1487156202,-48.54021,-22.28543
1487156206,-48.54021,-22.28591
1487156208,-48.5402,-22.28615
1487156210,-48.54018,-22.28652
1487156214,-48.54018,-22.28686
1487156218,-48.54016,-22.28736
1487156227,-48.54015,-22.28836
1487156230,-48.54013,-22.28864
1487156234,-48.54005,-22.28886
1487156238,-48.53979,-22.28885
1487156241,-48.53959,-22.28871
1487156249,-48.539,-22.28833
1487156250,-48.53882,-22.28821
1487156251,-48.53862,-22.28809
1487156258,-48.53804,-22.28772
1487156260,-48.53783,-22.2876
1487156264,-48.53743,-22.28734
1487156268,-48.53703,-22.28708
1487156270,-48.53684,-22.28696
1487156273,-48.53653,-22.28676
1487156276,-48.53629,-22.28663
1487156278,-48.53605,-22.28652
1487156282,-48.53575,-22.28646
1487156288,-48.53503,-22.28639
1487156289,-48.53475,-22.28638
1487156292,-48.53449,-22.28635
1487156294,-48.53423,-22.28635
1487156296,-48.5338,-22.28631
1487156303,-48.53294,-22.28627
1487156308,-48.53244,-22.28624
1487156312,-48.53194,-22.28623
1487156315,-48.53154,-22.28621
1487156317,-48.53119,-22.28619
1487156327,-48.53003,-22.28612
1487156332,-48.52945,-22.28607
1487156335,-48.52901,-22.28586
1487156342,-48.52839,-22.28539
1487156346,-48.52792,-22.28505
1487156347,-48.52769,-22.28488
1487156360,-48.52639,-22.28392
1487156361,-48.52615,-22.28375
1487156362,-48.52592,-22.28358
1487156366,-48.52565,-22.28338
1487156369,-48.5253,-22.28313
1487156373,-48.52492,-22.28288
1487156386,-48.52384,-22.28225
1487156389,-48.5236,-22.28214
1487156391,-48.52331,-22.28201
1487156395,-48.52306,-22.2819
1487156409,-48.52282,-22.28178
1487156411,-48.52159,-22.28119
1487156427,-48.5211,-22.28098
1487156438,-48.52111,-22.28098
1487156449,-48.52111,-22.28098
1487156469,-48.52112,-22.28099
1487156480,-48.52102,-22.28093
1487156482,-48.52082,-22.28082
1487156485,-48.52058,-22.28071
1487156489,-48.5204,-22.28062
1487156500,-48.52085,-22.28067
1487156503,-48.52112,-22.28079
1487156510,-48.52186,-22.28115
1487156515,-48.52244,-22.28143
1487156517,-48.52269,-22.28154
1487156522,-48.5233,-22.28182
1487156525,-48.52365,-22.28199
1487156528,-48.52401,-22.28216
1487156538,-48.52513,-22.2828
1487156541,-48.52556,-22.2831
1487156545,-48.52588,-22.28334
1487156549,-48.5263,-22.28364
1487156552,-48.52673,-22.28396
1487156558,-48.52728,-22.28437
1487156573,-48.52915,-22.28572
1487156590,-48.53116,-22.28604
1487156592,-48.53152,-22.28605
1487156597,-48.53202,-22.28608
1487156599,-48.53224,-22.28608
1487156601,-48.53257,-22.2861
1487156610,-48.53333,-22.28612
1487156613,-48.53355,-22.28614
1487156624,-48.53367,-22.28613
1487156634,-48.53383,-22.28613
1487156657,-48.53376,-22.28613
1487156668,-48.53376,-22.28613
1487156699,-48.53376,-22.28613
1487156710,-48.53376,-22.28613
1487156715,-48.53376,-22.28613
1487156733,-48.53376,-22.28613
1487156743,-48.53376,-22.28613
1487156764,-48.53376,-22.28613
1487156774,-48.53376,-22.28613
1487156784,-48.53376,-22.28613
1487156805,-48.53383,-22.28612
1487156814,-48.53362,-22.28612
1487156825,-48.53362,-22.28612
1487156846,-48.53348,-22.28607
1487156851,-48.5335,-22.28586
1487156863,-48.53352,-22.28557
1487156904,-48.53361,-22.28529
1487156917,-48.53355,-22.28537
1487156930,-48.53334,-22.28538
1487156940,-48.53337,-22.28555
1487157003,-48.53341,-22.28556
1487157014,-48.53341,-22.28556
1487157037,-48.53341,-22.28556
1487157047,-48.53341,-22.28556
1487157057,-48.53341,-22.28556
1487157079,-48.53342,-22.28557
1487157092,-48.53342,-22.28557
1487157108,-48.53342,-22.28557
1487157122,-48.53342,-22.28557
1487157135,-48.53342,-22.28557
1487157145,-48.53342,-22.28557
1487157155,-48.53344,-22.28558
1487157166,-48.53345,-22.28558
1487157177,-48.53345,-22.28558
1487157189,-48.53345,-22.28558
1487157201,-48.53345,-22.28559
1487157212,-48.53344,-22.2856
1487157224,-48.53344,-22.2856
1487157236,-48.53344,-22.2856
1487157249,-48.53344,-22.2856
1487157260,-48.53344,-22.2856
1487157270,-48.53344,-22.2856
1487157281,-48.53345,-22.2856
1487157292,-48.53345,-22.2856
1487157304,-48.53345,-22.2856
1487157325,-48.53346,-22.28558
1487157339,-48.53346,-22.28558
1487157350,-48.53346,-22.28558
1487157360,-48.53346,-22.28558
1487157372,-48.53346,-22.28558
1487157383,-48.53346,-22.28558
1487157394,-48.53346,-22.28558
1487157416,-48.53346,-22.28558
1487157426,-48.53346,-22.28558
1487157437,-48.53346,-22.28558
1487157448,-48.53346,-22.28558
1487157458,-48.53346,-22.28558
1487157469,-48.53346,-22.28558
1487157492,-48.53345,-22.28557
1487157505,-48.53344,-22.28557
1487157525,-48.53344,-22.28557
1487157536,-48.53344,-22.28557
1487157546,-48.53344,-22.28557
1487157557,-48.53344,-22.28557
1487157579,-48.53344,-22.28557
1487157590,-48.53345,-22.28556
1487157602,-48.53345,-22.28556
1487157615,-48.53345,-22.28556
1487157626,-48.53345,-22.28556
1487157637,-48.53345,-22.28556
1487157648,-48.53345,-22.28556
1487157659,-48.53345,-22.28556
1487157681,-48.53345,-22.28556
1487157692,-48.53345,-22.28556
1487157714,-48.53345,-22.28556
1487157725,-48.53345,-22.28556
1487157735,-48.53345,-22.28556
1487157747,-48.53345,-22.28556
1487157757,-48.53345,-22.28556
1487157768,-48.53345,-22.28556
1487157778,-48.53345,-22.28556
1487157810,-48.53344,-22.28556
1487157832,-48.53344,-22.28556
1487157843,-48.53344,-22.28555
1487157853,-48.53344,-22.28555
1487157877,-48.53343,-22.28556
1487157888,-48.53342,-22.28556
1487157900,-48.53342,-22.28556
1487157910,-48.53342,-22.28556
1487157920,-48.53342,-22.28556
1487157954,-48.53342,-22.28556
1487157983,-48.53342,-22.28556
1487157994,-48.53342,-22.28556
1487158005,-48.53342,-22.28557
1487158031,-48.53344,-22.28556
1487158041,-48.53345,-22.28557
1487158062,-48.53346,-22.28557
1487158072,-48.53346,-22.28557
1487158083,-48.53346,-22.28557
1487158094,-48.53346,-22.28557
1487158104,-48.53346,-22.28557
1487158116,-48.53346,-22.28557
1487158127,-48.53346,-22.28557
1487158141,-48.53346,-22.28557
1487158176,-48.53346,-22.28557
1487158187,-48.53346,-22.28557
1487158209,-48.53346,-22.28557
1487158219,-48.53346,-22.28557
1487158229,-48.53346,-22.28557
1487158252,-48.53345,-22.28559
1487158263,-48.53345,-22.2856
1487158284,-48.53345,-22.2856
1487158295,-48.53344,-22.2856
1487158307,-48.53344,-22.2856
1487158318,-48.53345,-22.28559
1487158328,-48.53345,-22.28559
1487158349,-48.53345,-22.28557
1487158360,-48.53345,-22.28557
1487158370,-48.53345,-22.28557
1487158381,-48.53345,-22.28557
1487158404,-48.53345,-22.28557
1487158415,-48.53345,-22.28557
1487158426,-48.53345,-22.28557
1487158437,-48.53345,-22.28557
1487158448,-48.53345,-22.28557
1487158459,-48.53345,-22.28557
1487158470,-48.53345,-22.28557
1487158482,-48.53345,-22.28557
1487158493,-48.53345,-22.28557
1487158515,-48.53345,-22.28557
1487158527,-48.53345,-22.28557
1487158537,-48.53345,-22.28557
1487158559,-48.53345,-22.28557
1487158572,-48.53345,-22.28557
1487158594,-48.53345,-22.28556
1487158605,-48.53345,-22.28556
1487158629,-48.53345,-22.28556
1487158639,-48.53345,-22.28556
1487158662,-48.53345,-22.28556
1487158673,-48.53345,-22.28556
1487158692,-48.53345,-22.28556
1487158703,-48.53345,-22.28556
1487158714,-48.53345,-22.28556
1487158725,-48.53345,-22.28556
1487158737,-48.53345,-22.28556
1487158748,-48.53345,-22.28556
1487158759,-48.53345,-22.28556
1487158770,-48.53345,-22.28556
1487158781,-48.53345,-22.28556
1487158792,-48.53345,-22.28556
1487158815,-48.53344,-22.28557
1487158826,-48.53344,-22.28557
1487158837,-48.53344,-22.28557
1487158859,-48.53344,-22.28557
1487158870,-48.53344,-22.28557
1487158892,-48.53344,-22.28557
1487158903,-48.53343,-22.28557
1487158916,-48.53342,-22.28557
1487158928,-48.53342,-22.28557
1487158938,-48.53342,-22.28557
1487158950,-48.53342,-22.28557
1487158962,-48.53341,-22.28558
1487158974,-48.53341,-22.28558
1487158985,-48.53341,-22.28558
1487159007,-48.53339,-22.28559
1487159018,-48.53339,-22.28559
1487159044,-48.53339,-22.28559
1487159063,-48.53339,-22.28559
1487159074,-48.53339,-22.28559
1487159084,-48.53339,-22.28559
1487159095,-48.53339,-22.28559
1487159107,-48.53339,-22.28559
1487159118,-48.53338,-22.28559
1487159130,-48.53338,-22.28559
1487159151,-48.5334,-22.28559
1487159162,-48.5334,-22.28559
1487159174,-48.5334,-22.28559
1487159195,-48.5334,-22.28559
1487159206,-48.5334,-22.28559
1487159228,-48.5334,-22.28559
1487159239,-48.5334,-22.28559
1487159261,-48.5334,-22.28559
1487159273,-48.5334,-22.28559
1487159284,-48.5334,-22.28559
1487159296,-48.5334,-22.28559
1487159306,-48.5334,-22.28559
1487159318,-48.5334,-22.28559
1487159340,-48.5334,-22.28559
1487159351,-48.5334,-22.28559
1487159373,-48.5334,-22.28559
1487159384,-48.5334,-22.28559
1487159395,-48.5334,-22.28559
1487159417,-48.5334,-22.28559
1487159428,-48.5334,-22.28559
1487159450,-48.5334,-22.28559
1487159461,-48.5334,-22.28559
1487159472,-48.5334,-22.28559
1487159483,-48.5334,-22.28559
1487159495,-48.5334,-22.28559
1487159506,-48.5334,-22.28559
1487159528,-48.5334,-22.28559
1487159539,-48.5334,-22.28559
1487159563,-48.5334,-22.28559
1487159574,-48.5334,-22.28559
1487159586,-48.5334,-22.28559
1487159597,-48.53341,-22.28559
1487159608,-48.53341,-22.28559
1487159618,-48.53341,-22.28559
1487159629,-48.53341,-22.28558
1487159642,-48.53341,-22.28558
1487159652,-48.53341,-22.28558
1487159662,-48.53341,-22.28558
1487159674,-48.53341,-22.28558
1487159685,-48.53341,-22.28558
1487159696,-48.53341,-22.28558
1487159707,-48.53341,-22.28558
1487159718,-48.53341,-22.28558
1487159729,-48.53341,-22.28558
1487159740,-48.53341,-22.28558
1487159750,-48.53341,-22.28558
1487159761,-48.53341,-22.28558
1487159784,-48.53341,-22.28558
1487159795,-48.53341,-22.28558
1487159805,-48.53341,-22.28558
1487159829,-48.53341,-22.28558
1487159839,-48.53341,-22.28558
1487159861,-48.53341,-22.28558
1487159872,-48.53342,-22.28559
1487159884,-48.53342,-22.2856
1487159906,-48.53342,-22.2856
1487159917,-48.53342,-22.2856
1487159939,-48.53343,-22.28559
1487159950,-48.53344,-22.28559
1487159960,-48.53344,-22.28559
1487159982,-48.53344,-22.28558
1487159992,-48.53344,-22.28558
1487160025,-48.53344,-22.28558
1487160036,-48.53345,-22.28559
1487160069,-48.53344,-22.28558
1487160080,-48.53345,-22.28558
1487160103,-48.53344,-22.28558
1487160113,-48.53344,-22.28558
1487160124,-48.53344,-22.28558
1487160135,-48.53344,-22.28558
1487160147,-48.53344,-22.28559
1487160158,-48.53345,-22.28559
1487160179,-48.53345,-22.2856
1487160190,-48.53344,-22.28559
1487160201,-48.53345,-22.28559
1487160222,-48.53345,-22.28559
1487160232,-48.53345,-22.28559
1487160243,-48.53345,-22.28559
1487160264,-48.53344,-22.28559
1487160275,-48.53344,-22.28559
1487160297,-48.53343,-22.28557
1487160308,-48.53343,-22.28557
1487160319,-48.53344,-22.28557
1487160341,-48.53344,-22.28556
1487160352,-48.53344,-22.28556
1487160363,-48.53344,-22.28556
1487160374,-48.53344,-22.28556
1487160386,-48.53344,-22.28556
1487160399,-48.53344,-22.28556
1487160421,-48.53344,-22.28556
1487160433,-48.53344,-22.28556
1487160456,-48.53344,-22.28556
1487160467,-48.53344,-22.28556
1487160478,-48.53344,-22.28556
1487160500,-48.53344,-22.28556
1487160511,-48.53344,-22.28556
1487160533,-48.53344,-22.28556
1487160544,-48.53344,-22.28556
1487160555,-48.53344,-22.28556
1487160577,-48.53344,-22.28556
1487160590,-48.53344,-22.28556
1487160612,-48.53344,-22.28556
1487160623,-48.53344,-22.28556
1487160634,-48.53344,-22.28556
1487160667,-48.53344,-22.28556
1487160678,-48.53344,-22.28556
1487160689,-48.53344,-22.28556
1487160700,-48.53344,-22.28556
1487160711,-48.53344,-22.28556
1487160733,-48.53344,-22.28556
1487160746,-48.53346,-22.28559
1487160768,-48.53345,-22.28559
1487160780,-48.53345,-22.28559
1487160791,-48.53345,-22.28559
1487160813,-48.53345,-22.28559
1487160824,-48.53345,-22.28559
1487160846,-48.53345,-22.28559
1487160860,-48.53344,-22.28559
1487160871,-48.53344,-22.28559
1487160894,-48.53344,-22.28559
1487160905,-48.53344,-22.28559
1487160938,-48.53344,-22.28559
1487160949,-48.53344,-22.28559
1487160960,-48.53344,-22.28559
1487160970,-48.53344,-22.28559
1487160981,-48.53343,-22.28558
1487160992,-48.53343,-22.28558
1487161013,-48.53343,-22.28558
1487161025,-48.53343,-22.28558
1487161047,-48.53343,-22.28558
1487161058,-48.53343,-22.28558
1487161069,-48.53343,-22.28558
1487161090,-48.53343,-22.28558
1487161100,-48.53343,-22.28558
1487161123,-48.53343,-22.28558
1487161133,-48.53343,-22.28558
1487161144,-48.53343,-22.28558
1487161167,-48.53343,-22.28558
1487161178,-48.53343,-22.28558
1487161222,-48.53343,-22.28558
1487161255,-48.53343,-22.28558
1487161266,-48.53343,-22.28558
1487161287,-48.53343,-22.28558
1487161299,-48.53343,-22.28558
1487161310,-48.53343,-22.28558
1487161320,-48.53343,-22.28558
1487161331,-48.53343,-22.28558
1487161342,-48.53343,-22.28558
1487161364,-48.53343,-22.28558
1487161375,-48.53343,-22.28558
1487161397,-48.53343,-22.28558
1487161407,-48.53343,-22.28558
1487161418,-48.53343,-22.28558
1487161440,-48.53343,-22.28558
1487161451,-48.53343,-22.28558
1487161462,-48.53343,-22.28558
1487161472,-48.53343,-22.28558
1487161483,-48.53343,-22.28558
1487161494,-48.53343,-22.28558
1487161515,-48.53343,-22.28558
1487161526,-48.53343,-22.28558
1487161551,-48.53343,-22.28558
1487161573,-48.53343,-22.28558
1487161597,-48.53343,-22.28558
1487161607,-48.53343,-22.28558
1487161629,-48.53343,-22.28558
1487161641,-48.53343,-22.28558
1487161652,-48.53343,-22.28558
1487161673,-48.53343,-22.28558
1487161684,-48.53343,-22.28558
1487161709,-48.53343,-22.28558
1487161719,-48.53343,-22.28558
1487161731,-48.53343,-22.28558
1487161753,-48.53343,-22.28558
1487161764,-48.53343,-22.28558
1487161774,-48.53343,-22.28558
1487161797,-48.53343,-22.28558
1487161807,-48.53345,-22.28558
1487161829,-48.53346,-22.28557
1487161839,-48.53346,-22.28558
1487161850,-48.53346,-22.28558
1487161873,-48.53346,-22.28558
1487161894,-48.53346,-22.28558
1487161905,-48.53346,-22.28558
1487161916,-48.53346,-22.28558
1487161927,-48.53346,-22.28558
1487161938,-48.53346,-22.28558
1487161951,-48.53346,-22.28558
1487161968,-48.53344,-22.28557
1487161979,-48.53344,-22.28557
1487162020,-48.53345,-22.28557
1487162021,-48.53345,-22.28557
1487162062,-48.53345,-22.28557
1487162085,-48.53346,-22.28558
1487162136,-48.53344,-22.28558
1487162148,-48.53343,-22.28558
1487162170,-48.53344,-22.28559
1487162181,-48.53344,-22.28559
1487162192,-48.53344,-22.28559
1487162224,-48.53344,-22.28559
1487162235,-48.53344,-22.28559
1487162255,-48.53343,-22.2856
1487162267,-48.53344,-22.2856
1487162289,-48.53345,-22.28561
1487162300,-48.53345,-22.28561
1487162310,-48.53345,-22.28561
1487162322,-48.53344,-22.28559
1487162336,-48.53344,-22.28558
1487162352,-48.53344,-22.28558
1487162363,-48.53343,-22.28558
1487162382,-48.53343,-22.28557
1487162394,-48.53343,-22.28557
1487162405,-48.53343,-22.28557
1487162424,-48.53343,-22.28557
1487162447,-48.53343,-22.28557
1487162459,-48.53343,-22.28557
1487162483,-48.53343,-22.28558
1487162494,-48.53343,-22.28558
1487162505,-48.53343,-22.28558
1487162516,-48.53343,-22.28558
1487162528,-48.53343,-22.28558
1487162538,-48.53343,-22.28558
1487162560,-48.53342,-22.28558
1487162571,-48.53342,-22.28558
1487162592,-48.53342,-22.28558
1487162603,-48.53342,-22.28558
1487162613,-48.53342,-22.28558
1487162634,-48.53342,-22.28558
1487162645,-48.53342,-22.28558
1487162662,-48.53342,-22.28558
1487162674,-48.53342,-22.28558
1487162755,-48.53341,-22.28559
1487162765,-48.53341,-22.28559
1487162788,-48.53341,-22.28559
1487162800,-48.53341,-22.28559
1487162811,-48.53341,-22.28559
1487162835,-48.53342,-22.28558
1487162845,-48.53342,-22.28558
1487162868,-48.53342,-22.28558
1487162879,-48.53342,-22.28558
1487162889,-48.53342,-22.28558
1487162899,-48.53342,-22.28558
1487162911,-48.53342,-22.28558
1487162922,-48.53342,-22.28558
1487162946,-48.53343,-22.28557
1487162967,-48.53343,-22.28557
1487162984,-48.53344,-22.28558
1487162995,-48.53344,-22.28558
1487163016,-48.53344,-22.28558
1487163028,-48.53344,-22.28558
1487163039,-48.53344,-22.28558
1487163071,-48.53344,-22.28558
1487163093,-48.53344,-22.28558
1487163104,-48.53344,-22.28558
1487163116,-48.53344,-22.28558
1487163138,-48.53344,-22.28558
1487163149,-48.53344,-22.28558
1487183907,-46.68654,-23.56133
