1490035078,-46.5769,-23.49733
1490035095,-46.57691,-23.49736
1490035105,-46.5769,-23.49735
1490035116,-46.5769,-23.49736
1490035126,-46.5769,-23.49736
1490035146,-46.57692,-23.49737
1490035156,-46.57693,-23.49736
1490035166,-46.57694,-23.49735
1490035177,-46.57695,-23.49736
1490035187,-46.57695,-23.49737
1490035197,-46.57695,-23.49737
1490035208,-46.57695,-23.49737
1490035218,-46.57695,-23.49737
1490035228,-46.57695,-23.49737
1490035239,-46.57695,-23.49737
1490035249,-46.57695,-23.49737
1490035260,-46.57695,-23.49737
1490035271,-46.57695,-23.49737
1490035281,-46.57695,-23.49737
1490035292,-46.57695,-23.49737
1490035302,-46.57695,-23.49736
1490035319,-46.57672,-23.49767
1490035324,-46.57632,-23.49795
1490035329,-46.57598,-23.49808
1490035332,-46.57569,-23.49814
1490035334,-46.57541,-23.4982
1490035342,-46.57485,-23.49836
1490035347,-46.57447,-23.49867
1490035350,-46.57428,-23.49884
1490035353,-46.57412,-23.49901
1490035359,-46.57396,-23.49918
1490035363,-46.5738,-23.49934
1490035367,-46.57357,-23.49955
1490035371,-46.5734,-23.49973
1490035375,-46.57327,-23.49986
1490035380,-46.5731,-23.50005
1490035383,-46.57298,-23.50019
1490035389,-46.57284,-23.50035
1490035397,-46.57271,-23.50061
1490035400,-46.57268,-23.50083
1490035404,-46.57265,-23.50117
1490035409,-46.57262,-23.50153
1490035410,-46.57263,-23.50172
1490035412,-46.57264,-23.50191
1490035414,-46.57268,-23.5021
1490035417,-46.57274,-23.50228
1490035419,-46.57288,-23.50251
1490035424,-46.57302,-23.50269
1490035432,-46.57288,-23.50289
1490035437,-46.57277,-23.50307
1490035442,-46.57263,-23.50326
1490035452,-46.57268,-23.50343
1490035457,-46.57293,-23.50357
1490035462,-46.57321,-23.50366
1490035464,-46.57341,-23.50371
1490035468,-46.57364,-23.50378
1490035479,-46.57337,-23.50418
1490035484,-46.57305,-23.50461
1490035491,-46.57289,-23.50511
1490035493,-46.57287,-23.50532
1490035496,-46.57282,-23.5055
1490035500,-46.57265,-23.50571
1490035505,-46.57246,-23.50587
1490035515,-46.57236,-23.50596
1490035527,-46.57211,-23.50629
1490035535,-46.5725,-23.50652
1490035540,-46.57275,-23.50665
1490035551,-46.57237,-23.50714
1490035557,-46.57203,-23.50755
1490035560,-46.57214,-23.50776
1490035565,-46.57234,-23.50804
1490035568,-46.57251,-23.50824
1490035569,-46.57262,-23.50839
1490035571,-46.57275,-23.50852
1490035574,-46.57289,-23.50866
1490035576,-46.57303,-23.5088
1490035577,-46.57317,-23.50895
1490035582,-46.57356,-23.50936
1490035585,-46.57372,-23.50953
1490035594,-46.57448,-23.51031
1490035596,-46.57464,-23.51048
1490035602,-46.57509,-23.51093
1490035604,-46.57526,-23.51112
1490035606,-46.57554,-23.5114
1490035608,-46.57575,-23.51159
1490035610,-46.57595,-23.51178
1490035614,-46.57624,-23.5121
1490035619,-46.57686,-23.51274
1490035623,-46.57717,-23.51307
1490035627,-46.5777,-23.51363
1490035629,-46.57789,-23.51384
1490035632,-46.57808,-23.51403
1490035633,-46.57827,-23.51423
1490035635,-46.57845,-23.51442
1490035637,-46.57863,-23.51461
1490035640,-46.57882,-23.51479
1490035642,-46.57908,-23.51504
1490035644,-46.57925,-23.51521
1490035650,-46.57964,-23.5156
1490035652,-46.57985,-23.51582
1490035657,-46.58018,-23.51617
1490035661,-46.5804,-23.51642
1490035665,-46.5808,-23.51685
1490035671,-46.5812,-23.51729
1490035672,-46.58136,-23.51747
1490035676,-46.58166,-23.51778
1490035679,-46.58182,-23.51796
1490035680,-46.58198,-23.51812
1490035682,-46.58215,-23.5183
1490035689,-46.58268,-23.51886
1490035691,-46.58298,-23.51914
1490035693,-46.58317,-23.51933
1490035696,-46.58344,-23.51959
1490035699,-46.58362,-23.51976
1490035702,-46.58395,-23.52009
1490035706,-46.58427,-23.52037
1490035710,-46.58452,-23.52059
1490035712,-46.58474,-23.52086
1490035716,-46.58506,-23.52126
1490035719,-46.58523,-23.52147
1490035720,-46.58539,-23.52167
1490035724,-46.58571,-23.52205
1490035727,-46.58585,-23.52223
1490035728,-46.586,-23.52239
1490035730,-46.58615,-23.52256
1490035737,-46.58659,-23.52312
1490035739,-46.58672,-23.52332
1490035740,-46.58684,-23.52352
1490035746,-46.58713,-23.52404
1490035748,-46.58729,-23.52424
1490035751,-46.5876,-23.52464
1490035754,-46.58777,-23.52486
1490035757,-46.58805,-23.52519
1490035763,-46.58868,-23.52598
1490035769,-46.58922,-23.52666
1490035773,-46.58954,-23.52705
1490035778,-46.59004,-23.52742
1490035781,-46.59035,-23.52759
1490035784,-46.59057,-23.52767
1490035786,-46.59081,-23.52773
1490035789,-46.59131,-23.5278
1490035791,-46.59154,-23.52779
1490035795,-46.59187,-23.52778
1490035800,-46.59257,-23.52767
1490035803,-46.59284,-23.52761
1490035804,-46.59313,-23.52754
1490035806,-46.59341,-23.52747
1490035808,-46.59368,-23.52741
1490035813,-46.59431,-23.52724
1490035816,-46.59467,-23.52711
1490035818,-46.5949,-23.52704
1490035824,-46.59555,-23.52684
1490035826,-46.59578,-23.52677
1490035829,-46.59602,-23.5267
1490035831,-46.59639,-23.52659
1490035834,-46.59676,-23.52644
1490035837,-46.59714,-23.52629
1490035840,-46.59738,-23.52616
1490035842,-46.59773,-23.52592
1490035844,-46.59795,-23.52574
1490035851,-46.59865,-23.52519
1490035854,-46.59911,-23.52482
1490035856,-46.59934,-23.52464
1490035860,-46.59969,-23.52436
1490035861,-46.59992,-23.52418
1490035864,-46.60026,-23.52391
1490035866,-46.6005,-23.52373
1490035871,-46.60108,-23.52328
1490035873,-46.60132,-23.52311
1490035875,-46.60158,-23.52296
1490035878,-46.60184,-23.52282
1490035881,-46.60233,-23.52255
1490035884,-46.60274,-23.52238
1490035887,-46.60302,-23.52228
1490035890,-46.60362,-23.52212
1490035893,-46.60405,-23.52203
1490035896,-46.60433,-23.522
1490035898,-46.60477,-23.52197
1490035904,-46.60566,-23.522
1490035908,-46.6061,-23.52205
1490035910,-46.60651,-23.52213
1490035912,-46.6068,-23.52219
1490035914,-46.60709,-23.52225
1490035918,-46.60753,-23.52235
1490035920,-46.60797,-23.52244
1490035926,-46.6087,-23.52256
1490035928,-46.60899,-23.52258
1490035929,-46.60929,-23.52258
1490035931,-46.60959,-23.52257
1490035933,-46.6099,-23.52253
1490035939,-46.6108,-23.52235
1490035942,-46.61122,-23.52222
1490035947,-46.61175,-23.52198
1490035952,-46.61256,-23.52152
1490035954,-46.6128,-23.52135
1490035957,-46.61305,-23.52117
1490035959,-46.61339,-23.5209
1490035961,-46.61361,-23.52073
1490035970,-46.61465,-23.51994
1490035972,-46.6149,-23.51977
1490035975,-46.61518,-23.5196
1490035978,-46.61572,-23.51927
1490035980,-46.616,-23.51912
1490035984,-46.61643,-23.51891
1490035987,-46.617,-23.51867
1490035994,-46.61806,-23.51837
1490035996,-46.61836,-23.51832
1490035998,-46.61866,-23.51827
1490036002,-46.6191,-23.51823
1490036004,-46.61954,-23.51818
1490036007,-46.6198,-23.5182
1490036011,-46.62052,-23.51827
1490036013,-46.62081,-23.51832
1490036018,-46.62139,-23.51846
1490036019,-46.62169,-23.51856
1490036021,-46.62201,-23.51864
1490036028,-46.62318,-23.51878
1490036030,-46.62351,-23.51877
1490036034,-46.62417,-23.51874
1490036036,-46.6245,-23.51872
1490036042,-46.62533,-23.51865
1490036043,-46.62561,-23.51864
1490036045,-46.62589,-23.51862
1490036050,-46.62642,-23.5186
1490036051,-46.6267,-23.5186
1490036053,-46.627,-23.51863
1490036056,-46.62744,-23.51866
1490036060,-46.62787,-23.51867
1490036061,-46.62814,-23.51867
1490036064,-46.62855,-23.51864
1490036070,-46.62915,-23.51854
1490036073,-46.62949,-23.51847
1490036075,-46.62982,-23.51841
1490036078,-46.63019,-23.51837
1490036081,-46.63043,-23.51836
1490036084,-46.63077,-23.51842
1490036085,-46.63098,-23.51849
1490036093,-46.63191,-23.51853
1490036095,-46.63235,-23.5185
1490036103,-46.63344,-23.51842
1490036104,-46.63377,-23.5184
1490036107,-46.63425,-23.51837
1490036108,-46.63441,-23.51835
1490036110,-46.63473,-23.51833
1490036116,-46.63562,-23.51827
1490036118,-46.63589,-23.51825
1490036123,-46.6364,-23.51822
1490036124,-46.63667,-23.5182
1490036126,-46.63695,-23.51818
1490036128,-46.63724,-23.51814
1490036132,-46.6377,-23.51809
1490036133,-46.638,-23.51806
1490036135,-46.63831,-23.51803
1490036138,-46.6388,-23.51801
1490036141,-46.63913,-23.51799
1490036142,-46.63946,-23.51798
1490036146,-46.64013,-23.51794
1490036149,-46.64047,-23.51792
1490036150,-46.64082,-23.51789
1490036154,-46.6415,-23.51783
1490036157,-46.64203,-23.51777
1490036159,-46.64239,-23.51772
1490036168,-46.64397,-23.51751
1490036171,-46.64432,-23.51747
1490036172,-46.64466,-23.51743
1490036174,-46.64499,-23.51739
1490036181,-46.64613,-23.51724
1490036183,-46.6465,-23.51719
1490036188,-46.64724,-23.5171
1490036191,-46.64778,-23.51706
1490036193,-46.6483,-23.51702
1490036195,-46.64866,-23.51698
1490036198,-46.64919,-23.51692
1490036201,-46.64954,-23.51686
1490036203,-46.65005,-23.51678
1490036205,-46.65038,-23.51672
1490036211,-46.6512,-23.51659
1490036212,-46.65154,-23.51655
1490036216,-46.65222,-23.51648
1490036220,-46.65289,-23.51643
1490036225,-46.65375,-23.51634
1490036229,-46.65424,-23.51627
1490036232,-46.65492,-23.51619
1490036234,-46.65526,-23.51614
1490036238,-46.65592,-23.51603
1490036240,-46.65627,-23.51598
1490036242,-46.65665,-23.51593
1490036245,-46.65704,-23.51588
1490036246,-46.65745,-23.51584
1490036251,-46.65847,-23.51574
1490036253,-46.65887,-23.51569
1490036255,-46.65924,-23.51565
1490036258,-46.6596,-23.5156
1490036259,-46.65996,-23.51555
1490036261,-46.66033,-23.51551
1490036268,-46.66164,-23.51534
1490036272,-46.66237,-23.51525
1490036275,-46.66273,-23.51521
1490036277,-46.66309,-23.51517
1490036278,-46.66345,-23.51513
1490036280,-46.6638,-23.51509
1490036285,-46.6645,-23.51501
1490036287,-46.66501,-23.51495
1490036290,-46.66552,-23.51489
1490036293,-46.66602,-23.51483
1490036296,-46.66633,-23.51479
1490036298,-46.66678,-23.51473
1490036300,-46.6671,-23.51469
1490036303,-46.66759,-23.51464
1490036307,-46.66807,-23.51456
1490036308,-46.66839,-23.51452
1490036310,-46.66872,-23.51447
1490036312,-46.66905,-23.51442
1490036317,-46.66986,-23.51432
1490036326,-46.67099,-23.51418
1490036328,-46.6714,-23.51412
1490036330,-46.6717,-23.51409
1490036334,-46.67217,-23.51403
1490036337,-46.67284,-23.51395
1490036339,-46.67318,-23.5139
1490036344,-46.67401,-23.5138
1490036347,-46.67451,-23.51374
1490036350,-46.67485,-23.5137
1490036352,-46.67518,-23.51366
1490036353,-46.67552,-23.51362
1490036358,-46.67619,-23.51353
1490036360,-46.67671,-23.51347
1490036362,-46.67707,-23.51341
1490036365,-46.67759,-23.51328
1490036368,-46.67794,-23.51318
1490036369,-46.67828,-23.51305
1490036374,-46.67894,-23.51271
1490036376,-46.67918,-23.51256
1490036388,-46.68038,-23.51163
1490036391,-46.68067,-23.51141
1490036392,-46.68086,-23.51125
1490036394,-46.68107,-23.51109
1490036396,-46.68128,-23.51092
1490036401,-46.68184,-23.5105
1490036406,-46.68229,-23.51015
1490036408,-46.68267,-23.50995
1490036410,-46.68294,-23.50983
1490036415,-46.6835,-23.50961
1490036416,-46.6838,-23.50951
1490036418,-46.6841,-23.50942
1490036422,-46.68456,-23.50932
1490036425,-46.685,-23.50923
1490036426,-46.68527,-23.50918
1490036428,-46.68553,-23.50912
1490036432,-46.686,-23.50902
1490036436,-46.6864,-23.50894
1490036444,-46.68725,-23.5088
1490036447,-46.68747,-23.50876
1490036448,-46.68769,-23.50873
1490036450,-46.68793,-23.5087
1490036453,-46.68831,-23.50866
1490036455,-46.68856,-23.50864
1490036457,-46.68882,-23.5086
1490036463,-46.68959,-23.50848
1490036468,-46.69005,-23.50838
1490036470,-46.6904,-23.50828
1490036475,-46.69098,-23.50811
1490036479,-46.69147,-23.50797
1490036487,-46.69235,-23.50775
1490036491,-46.69299,-23.5076
1490036493,-46.69324,-23.50754
1490036496,-46.6935,-23.50749
1490036499,-46.69405,-23.50741
1490036505,-46.69474,-23.50732
1490036508,-46.69534,-23.50727
1490036510,-46.69565,-23.50725
1490036513,-46.69596,-23.50724
1490036515,-46.69627,-23.50724
1490036516,-46.69657,-23.50724
1490036518,-46.69687,-23.50725
1490036521,-46.6973,-23.50726
1490036527,-46.69792,-23.50732
1490036534,-46.69848,-23.50736
1490036539,-46.69879,-23.50739
1490036545,-46.69942,-23.50744
1490036550,-46.69985,-23.50748
1490036551,-46.70006,-23.50751
1490036553,-46.70028,-23.50754
1490036556,-46.70062,-23.50759
1490036561,-46.70119,-23.50766
1490036563,-46.70143,-23.5077
1490036565,-46.70168,-23.50773
1490036569,-46.70207,-23.50777
1490036572,-46.70262,-23.50782
1490036580,-46.70363,-23.50793
1490036582,-46.70408,-23.50797
1490036584,-46.70437,-23.508
1490036586,-46.70466,-23.50803
1490036589,-46.70497,-23.50807
1490036590,-46.70528,-23.50809
1490036595,-46.70606,-23.50814
1490036598,-46.70637,-23.50816
1490036602,-46.70714,-23.50817
1490036607,-46.7077,-23.50813
1490036608,-46.70799,-23.50811
1490036610,-46.70828,-23.50809
1490036612,-46.70857,-23.50806
1490036618,-46.70929,-23.50798
1490036619,-46.70959,-23.50795
1490036621,-46.70989,-23.50792
1490036625,-46.71033,-23.50788
1490036628,-46.71074,-23.50783
1490036630,-46.71108,-23.50778
1490036633,-46.71136,-23.50775
1490036636,-46.71163,-23.50772
1490036642,-46.71221,-23.50767
1490036650,-46.71288,-23.50766
1490036653,-46.71319,-23.50767
1490036658,-46.71346,-23.50767
1490036666,-46.71377,-23.50764
1490036672,-46.71406,-23.50762
1490036678,-46.71461,-23.50757
1490036682,-46.71501,-23.50754
1490036686,-46.71534,-23.50751
1490036688,-46.71559,-23.50749
1490036689,-46.71584,-23.50748
1490036691,-46.71611,-23.50747
1490036696,-46.71667,-23.5075
1490036697,-46.71698,-23.50752
1490036700,-46.71746,-23.50756
1490036703,-46.71796,-23.50761
1490036709,-46.71894,-23.50782
1490036711,-46.71924,-23.50793
1490036716,-46.72,-23.50819
1490036720,-46.7206,-23.50845
1490036724,-46.72107,-23.50878
1490036726,-46.72125,-23.50895
1490036733,-46.72167,-23.50942
1490036735,-46.7218,-23.5096
1490036736,-46.72195,-23.50981
1490036739,-46.72219,-23.51015
1490036745,-46.7226,-23.51077
1490036748,-46.72294,-23.51124
1490036754,-46.72354,-23.5119
1490036760,-46.72413,-23.51241
1490036763,-46.72462,-23.51279
1490036771,-46.72566,-23.51342
1490036773,-46.72593,-23.51357
1490036776,-46.72634,-23.5138
1490036779,-46.7266,-23.51395
1490036780,-46.72687,-23.5141
1490036782,-46.72713,-23.51425
1490036784,-46.72741,-23.5144
1490036786,-46.72768,-23.51454
1490036789,-46.72808,-23.51476
1490036792,-46.72837,-23.51492
1490036796,-46.72911,-23.51532
1490036801,-46.72984,-23.51572
1490036803,-46.73012,-23.51588
1490036810,-46.73107,-23.51638
1490036812,-46.73133,-23.51652
1490036815,-46.73158,-23.51664
1490036816,-46.73184,-23.51674
1490036821,-46.7325,-23.51693
1490036825,-46.73306,-23.51701
1490036828,-46.73349,-23.51704
1490036831,-46.73377,-23.51704
1490036832,-46.73405,-23.51703
1490036835,-46.73431,-23.51702
1490036837,-46.73457,-23.51701
1490036838,-46.73483,-23.517
1490036842,-46.73537,-23.51699
1490036845,-46.73578,-23.51699
1490036847,-46.73605,-23.51699
1490036851,-46.73645,-23.51698
1490036853,-46.73685,-23.51698
1490036855,-46.73713,-23.51699
1490036857,-46.73739,-23.51699
1490036861,-46.7378,-23.517
1490036864,-46.73823,-23.517
1490036867,-46.73881,-23.51699
1490036871,-46.73917,-23.51697
1490036873,-46.7394,-23.51697
1490036879,-46.74014,-23.51693
1490036882,-46.74057,-23.5169
1490036883,-46.74085,-23.51689
1490036888,-46.74145,-23.51687
1490036890,-46.74173,-23.51686
1490036893,-46.74225,-23.51684
1490036895,-46.74253,-23.51684
1490036897,-46.74281,-23.51685
1490036900,-46.7431,-23.51688
1490036904,-46.74385,-23.51699
1490036906,-46.74416,-23.51707
1490036910,-46.74463,-23.51723
1490036916,-46.74554,-23.51764
1490036921,-46.74633,-23.51818
1490036924,-46.74656,-23.51838
1490036929,-46.74713,-23.519
1490036932,-46.7473,-23.51922
1490036933,-46.74745,-23.51945
1490036935,-46.74759,-23.51967
1490036940,-46.7478,-23.52007
1490036943,-46.74795,-23.52038
1490036946,-46.74807,-23.52063
1490036948,-46.74815,-23.52081
1490036953,-46.74836,-23.5213
1490036957,-46.74855,-23.52166
1490036961,-46.74875,-23.52179
1490036966,-46.74931,-23.52164
1490036968,-46.7495,-23.52158
1490036972,-46.74977,-23.52148
1490036975,-46.74991,-23.52123
1490036978,-46.74984,-23.52101
1490036981,-46.74973,-23.52083
1490036992,-46.74873,-23.52058
1490036996,-46.74835,-23.52055
1490036998,-46.74795,-23.52051
1490037001,-46.74753,-23.52048
1490037003,-46.74725,-23.52046
1490037007,-46.74682,-23.52043
1490037009,-46.7464,-23.5204
1490037012,-46.74599,-23.52037
1490037016,-46.74561,-23.52033
1490037017,-46.74537,-23.52032
1490037023,-46.74486,-23.52029
1490037029,-46.74434,-23.5203
1490037033,-46.74401,-23.52045
1490037035,-46.7439,-23.52061
1490037038,-46.74385,-23.5208
1490037040,-46.74377,-23.52108
1490037044,-46.74357,-23.52134
1490037047,-46.74335,-23.52143
1490037051,-46.74309,-23.52153
1490037054,-46.74281,-23.52164
1490037055,-46.74262,-23.52172
1490037058,-46.74236,-23.52183
1490037068,-46.74165,-23.52211
1490037078,-46.7416,-23.52212
1490037088,-46.7416,-23.52213
1490037098,-46.74135,-23.52224
1490037100,-46.74124,-23.52242
1490037107,-46.74121,-23.52303
1490037108,-46.7412,-23.52328
1490037111,-46.74119,-23.52366
1490037113,-46.7412,-23.52392
1490037116,-46.74122,-23.52418
1490037117,-46.74123,-23.52446
1490037119,-46.74123,-23.52474
1490037125,-46.74113,-23.52563
1490037127,-46.74105,-23.52592
1490037130,-46.74091,-23.52634
1490037134,-46.74075,-23.52672
1490037135,-46.74062,-23.52698
1490037143,-46.73998,-23.52796
1490037148,-46.73955,-23.52844
1490037151,-46.73938,-23.52861
1490037152,-46.73923,-23.5288
1490037154,-46.73908,-23.52896
1490037156,-46.73896,-23.52911
1490037160,-46.73881,-23.52932
1490037168,-46.73856,-23.52967
1490037175,-46.73843,-23.52982
1490037185,-46.7383,-23.53002
1490037190,-46.73816,-23.53018
1490037201,-46.73805,-23.53032
1490037203,-46.7379,-23.53046
1490037208,-46.73777,-23.53061
1490037218,-46.73775,-23.53063
1490037229,-46.73774,-23.53063
1490037239,-46.7377,-23.53068
1490037244,-46.73757,-23.53082
1490037253,-46.73711,-23.53132
1490037256,-46.73693,-23.53152
1490037258,-46.7368,-23.53166
1490037262,-46.7366,-23.53189
1490037266,-46.73622,-23.53232
1490037268,-46.73606,-23.5325
1490037271,-46.73591,-23.53266
1490037273,-46.73573,-23.53285
1490037276,-46.73559,-23.53302
1490037280,-46.73543,-23.5332
1490037291,-46.73534,-23.5333
1490037301,-46.73534,-23.5333
1490037311,-46.73525,-23.53339
1490037316,-46.7351,-23.53357
1490037322,-46.73487,-23.53383
1490037324,-46.73468,-23.53403
1490037328,-46.73446,-23.5343
1490037331,-46.73429,-23.53448
1490037335,-46.73412,-23.53467
1490037337,-46.73394,-23.53488
1490037342,-46.73362,-23.53525
1490037344,-46.73347,-23.53542
1490037348,-46.73323,-23.53569
1490037352,-46.73283,-23.53614
1490037358,-46.73248,-23.53653
1490037359,-46.73235,-23.53667
1490037363,-46.73209,-23.53697
1490037365,-46.73194,-23.53714
1490037367,-46.73181,-23.53728
1490037371,-46.73156,-23.53755
1490037376,-46.73135,-23.53779
1490037378,-46.73122,-23.53795
1490037386,-46.73075,-23.53848
1490037391,-46.73052,-23.53876
1490037393,-46.73034,-23.53898
1490037395,-46.7302,-23.53917
1490037401,-46.72992,-23.53969
1490037403,-46.72971,-23.53999
1490037407,-46.72947,-23.54034
1490037412,-46.72914,-23.5407
1490037414,-46.72897,-23.54082
1490037418,-46.72863,-23.54102
1490037422,-46.72839,-23.54117
1490037425,-46.72816,-23.54139
1490037432,-46.72774,-23.54184
1490037436,-46.72752,-23.54207
1490037439,-46.72738,-23.54222
1490037443,-46.72726,-23.54238
1490037448,-46.72694,-23.5427
1490037452,-46.72679,-23.54283
1490037454,-46.72665,-23.54296
1490037458,-46.72638,-23.54318
1490037464,-46.72587,-23.5435
1490037466,-46.72569,-23.54359
1490037471,-46.72518,-23.54382
1490037473,-46.72496,-23.54391
1490037476,-46.72461,-23.54402
1490037479,-46.72435,-23.54408
1490037482,-46.72385,-23.54417
1490037485,-46.72359,-23.54421
1490037487,-46.72321,-23.54424
1490037489,-46.72298,-23.54427
1490037494,-46.72251,-23.54433
1490037495,-46.7223,-23.54435
1490037497,-46.7221,-23.54438
1490037499,-46.7219,-23.54442
1490037502,-46.72168,-23.54445
1490037504,-46.7213,-23.54452
1490037506,-46.72104,-23.54457
1490037514,-46.72006,-23.54484
1490037516,-46.71986,-23.54491
1490037519,-46.71962,-23.54502
1490037523,-46.71943,-23.5451
1490037525,-46.71924,-23.5452
1490037528,-46.71902,-23.5453
1490037531,-46.71884,-23.54539
1490037537,-46.71865,-23.54547
1490037540,-46.71848,-23.54558
1490037544,-46.71824,-23.54572
1490037548,-46.71803,-23.54584
1490037553,-46.71778,-23.54602
1490037557,-46.71749,-23.54623
1490037559,-46.71727,-23.54641
1490037561,-46.7171,-23.54656
1490037564,-46.71687,-23.54677
1490037568,-46.71668,-23.54694
1490037570,-46.71653,-23.54707
1490037575,-46.71632,-23.54726
1490037580,-46.7161,-23.54746
1490037588,-46.71572,-23.54783
1490037593,-46.71537,-23.54814
1490037597,-46.71506,-23.5484
1490037603,-46.71465,-23.54879
1490037607,-46.71445,-23.54896
1490037613,-46.71417,-23.5493
1490037616,-46.7143,-23.54946
1490037628,-46.71491,-23.55
1490037632,-46.71513,-23.55013
1490037639,-46.71522,-23.55029
1490037643,-46.71503,-23.55055
1490037646,-46.71494,-23.5507
1490037649,-46.7148,-23.55088
1490037654,-46.71462,-23.55116
1490037660,-46.71434,-23.55161
1490037664,-46.7142,-23.55185
1490037668,-46.7141,-23.55202
1490037673,-46.71403,-23.55221
1490037683,-46.71402,-23.55222
1490037694,-46.71402,-23.55223
1490037704,-46.71391,-23.55235
1490037708,-46.71376,-23.5526
1490037715,-46.71354,-23.55299
1490037718,-46.71344,-23.55315
1490037728,-46.71338,-23.55325
1490037735,-46.71315,-23.55359
1490037737,-46.71304,-23.55377
1490037741,-46.71289,-23.55402
1490037745,-46.71273,-23.55423
1490037754,-46.71258,-23.55462
1490037758,-46.71279,-23.55472
1490037761,-46.71299,-23.55482
1490037765,-46.71319,-23.55489
1490037768,-46.71337,-23.55504
1490037772,-46.71351,-23.55527
1490037775,-46.7136,-23.55544
1490037780,-46.71372,-23.55563
1490037784,-46.71382,-23.55584
1490037794,-46.71396,-23.55591
1490037804,-46.71396,-23.5559
1490037815,-46.71398,-23.5559
1490037825,-46.71411,-23.55585
1490037835,-46.71413,-23.55584
1490037845,-46.71428,-23.55579
1490037856,-46.71431,-23.5558
1490037866,-46.71431,-23.5558
1490037876,-46.71431,-23.5558
1490037886,-46.71431,-23.5558
1490037897,-46.7143,-23.5558
1490037899,-46.7143,-23.55581
