1486316573,-45.57941,-23.03525
1486316582,-45.57935,-23.03591
1486316586,-45.57933,-23.03618
1486316591,-45.57924,-23.0366
1486316592,-45.5792,-23.03681
1486316595,-45.57917,-23.03709
1486316600,-45.57916,-23.03729
1486316610,-45.57915,-23.03736
1486316627,-45.57915,-23.03735
1486316637,-45.57915,-23.03735
1486316658,-45.57915,-23.03735
1486316668,-45.57916,-23.03735
1486316679,-45.57898,-23.03751
1486316682,-45.57864,-23.03743
1486316684,-45.57831,-23.03737
1486316687,-45.57799,-23.03731
1486316694,-45.57748,-23.03722
1486316696,-45.57723,-23.03717
1486316700,-45.57689,-23.03711
1486316705,-45.57652,-23.03704
1486316712,-45.57603,-23.03693
1486316722,-45.57602,-23.03692
1486316732,-45.57603,-23.03692
1486316743,-45.57603,-23.0369
1486316983,-45.56873,-23.03449
1486316994,-45.56873,-23.03449
1486317007,-45.56857,-23.03433
1486317011,-45.56821,-23.03416
1486317016,-45.56771,-23.0338
1486317020,-45.56731,-23.0336
1486317021,-45.56709,-23.03346
1486317025,-45.56668,-23.03317
1486317097,-45.56038,-23.02905
1486317098,-45.5602,-23.02878
1486317103,-45.5598,-23.02827
1486317105,-45.55951,-23.02808
1486317111,-45.55893,-23.02726
1486317123,-45.55831,-23.02661
1486317124,-45.55817,-23.02642
1486317126,-45.55803,-23.02622
1486317129,-45.55785,-23.02604
1486317132,-45.55748,-23.02562
1486317135,-45.55732,-23.02543
1486317138,-45.55703,-23.02505
1486317144,-45.55661,-23.02455
1486317146,-45.55641,-23.02438
1486317152,-45.55604,-23.02383
1486317155,-45.55579,-23.02358
1486317158,-45.55558,-23.0233
1486317162,-45.55533,-23.02291
1486317163,-45.55518,-23.02269
1486317174,-45.55468,-23.02201
1486317185,-45.55471,-23.0221
1486317207,-45.55471,-23.02211
1486317217,-45.55471,-23.02211
1486317232,-45.55443,-23.02166
1486317233,-45.55435,-23.02146
1486317236,-45.55421,-23.0212
1486317240,-45.5541,-23.02098
1486317242,-45.55402,-23.02077
1486317252,-45.55406,-23.02084
1486317262,-45.55405,-23.02085
1486317273,-45.55405,-23.02085
1486317276,-45.55387,-23.02072
1486317279,-45.55369,-23.0205
1486317283,-45.55343,-23.02033
1486317291,-45.55313,-23.02003
1486317301,-45.55307,-23.01999
1486317313,-45.55307,-23.02
1486317323,-45.55307,-23.02
1486317334,-45.55307,-23.02
1486317340,-45.55291,-23.01984
1486317344,-45.5527,-23.01965
1486317347,-45.55253,-23.01946
1486317351,-45.55243,-23.01924
1486317353,-45.55235,-23.01898
1486317355,-45.55228,-23.0188
1486317359,-45.55218,-23.01856
1486317360,-45.55211,-23.01835
1486317362,-45.55203,-23.01815
1486317365,-45.55191,-23.01782
1486317380,-45.5513,-23.01626
1486317391,-45.55089,-23.01515
1486317396,-45.55081,-23.01494
1486317408,-45.55062,-23.01445
1486317411,-45.55059,-23.01426
1486317413,-45.5505,-23.01409
1486317417,-45.55043,-23.01386
1486317420,-45.5504,-23.01363
1486317425,-45.55058,-23.01313
1486317427,-45.55057,-23.01295
1486317431,-45.55056,-23.01271
1486317433,-45.55055,-23.01241
1486317435,-45.55054,-23.01217
1486317438,-45.55055,-23.01182
1486317441,-45.55055,-23.01147
1486317443,-45.55054,-23.01125
1486317448,-45.55053,-23.01087
1486317452,-45.55053,-23.01065
1486317459,-45.55076,-23.01055
1486317462,-45.55095,-23.01058
1486317468,-45.55115,-23.01051
1486317473,-45.55117,-23.01029
1486317481,-45.55116,-23.0102
1486317483,-45.55116,-23.0102
1486317494,-45.55116,-23.01019
1486317504,-45.55116,-23.01019
1486317515,-45.55116,-23.0102
1486317536,-45.55116,-23.0102
1486317546,-45.55116,-23.0102
1486317556,-45.55116,-23.0102
1486317567,-45.55121,-23.01013
1486317569,-45.55124,-23.00995
1486317576,-45.55131,-23.00948
1486317581,-45.55131,-23.00927
1486317585,-45.55096,-23.00924
1486317589,-45.55066,-23.00925
1486317599,-45.55053,-23.00937
1486317603,-45.55052,-23.00966
1486317608,-45.55054,-23.01015
1486317612,-45.55058,-23.01041
1486317624,-45.5507,-23.0108
1486317627,-45.55057,-23.01104
1486317631,-45.55057,-23.01132
1486317632,-45.55057,-23.01154
1486317634,-45.55057,-23.01177
1486317636,-45.55057,-23.012
1486317639,-45.55057,-23.01223
1486317641,-45.55056,-23.01247
1486317643,-45.55058,-23.01271
1486317644,-45.5506,-23.01294
1486317651,-45.55074,-23.01374
1486317659,-45.55086,-23.01425
1486317663,-45.55072,-23.01443
1486317679,-45.54982,-23.01463
1486317681,-45.54959,-23.01467
1486317683,-45.5494,-23.01472
1486317686,-45.54921,-23.01475
1486317691,-45.54898,-23.0148
1486317695,-45.54872,-23.01492
1486317701,-45.54818,-23.01515
1486317703,-45.54776,-23.01534
1486317707,-45.54746,-23.01549
1486317710,-45.54726,-23.01558
1486317717,-45.54657,-23.01587
1486317719,-45.54625,-23.016
1486317721,-45.54607,-23.01608
1486317726,-45.54587,-23.01618
1486317729,-45.54562,-23.01628
1486317737,-45.5451,-23.0165
1486317742,-45.54483,-23.01661
1486317745,-45.54448,-23.01676
1486317747,-45.54428,-23.01685
1486317749,-45.54407,-23.01694
1486317753,-45.54375,-23.01709
1486317759,-45.54306,-23.01739
1486317762,-45.54281,-23.01746
1486317767,-45.54245,-23.01746
1486317769,-45.54216,-23.01746
1486317773,-45.54178,-23.01745
1486317775,-45.54158,-23.01744
1486317780,-45.54132,-23.01742
1486317787,-45.54068,-23.01742
1486317791,-45.54037,-23.01741
1486317793,-45.54004,-23.01741
1486317795,-45.53984,-23.0174
1486317799,-45.53952,-23.01739
1486317804,-45.53928,-23.01738
1486317808,-45.53896,-23.01737
1486317823,-45.5386,-23.01791
1486317825,-45.53856,-23.01809
1486317829,-45.53849,-23.01836
1486317836,-45.5384,-23.01876
1486317839,-45.53837,-23.01898
1486317842,-45.53828,-23.01931
1486317850,-45.53812,-23.02
1486317852,-45.53805,-23.02037
1486317855,-45.53797,-23.02074
1486317862,-45.53789,-23.0211
1486317866,-45.53771,-23.02117
1486317869,-45.53747,-23.02113
1486317873,-45.5372,-23.0211
1486317876,-45.537,-23.02105
1486317896,-45.53688,-23.02104
1486317907,-45.53688,-23.02104
1486317919,-45.53688,-23.02104
1486317993,-45.53646,-23.02006
1486318003,-45.53646,-23.02006
1486318014,-45.53646,-23.02006
1486318024,-45.53646,-23.02007
1486318034,-45.53646,-23.02007
1486318044,-45.53646,-23.02007
1486318056,-45.53638,-23.0198
1486318061,-45.53633,-23.01953
1486318065,-45.53627,-23.01929
1486318072,-45.53615,-23.0188
1486318077,-45.53621,-23.01859
1486318080,-45.53642,-23.01863
1486318084,-45.53666,-23.01867
1486318087,-45.537,-23.01873
1486318091,-45.53737,-23.01881
1486318094,-45.53769,-23.01886
1486318097,-45.53792,-23.0189
1486318098,-45.53814,-23.01894
1486318104,-45.53834,-23.019
1486318109,-45.53829,-23.01933
1486318114,-45.53819,-23.01983
1486318119,-45.53807,-23.02036
1486318123,-45.53802,-23.02061
1486318127,-45.53798,-23.02084
1486318137,-45.53797,-23.02088
1486318147,-45.53797,-23.02088
1486318170,-45.53797,-23.02088
1486318180,-45.53795,-23.02093
1486318190,-45.53789,-23.02117
1486318195,-45.53757,-23.02117
1486318200,-45.53729,-23.02114
1486318210,-45.53717,-23.02111
1486318221,-45.53714,-23.02111
1486318231,-45.53714,-23.02112
1486318241,-45.53714,-23.02112
1486318249,-45.53685,-23.02109
1486318253,-45.53663,-23.0211
1486318255,-45.5364,-23.02113
1486318259,-45.53607,-23.0212
1486318264,-45.53593,-23.02137
1486318267,-45.53608,-23.02166
1486318272,-45.53638,-23.02191
1486318273,-45.53652,-23.02207
1486318279,-45.53695,-23.02257
1486318281,-45.53713,-23.02272
1486318283,-45.53734,-23.02289
1486318290,-45.5382,-23.02355
1486318292,-45.53849,-23.02376
1486318296,-45.53896,-23.02408
1486318297,-45.53927,-23.0243
1486318300,-45.53975,-23.02465
1486318305,-45.54056,-23.02525
1486318307,-45.54073,-23.02536
1486318310,-45.54139,-23.02583
1486318312,-45.54172,-23.02607
1486318315,-45.54207,-23.02632
1486318318,-45.54259,-23.0267
1486318321,-45.54331,-23.02721
1486318323,-45.54367,-23.02746
1486318326,-45.5442,-23.02785
1486318330,-45.54492,-23.02836
1486318334,-45.54562,-23.02887
1486318335,-45.54579,-23.02899
1486318337,-45.54596,-23.02911
1486318339,-45.54629,-23.02935
1486318348,-45.54797,-23.03056
1486318350,-45.5483,-23.03079
1486318351,-45.54847,-23.03091
1486318354,-45.5488,-23.03115
1486318358,-45.54945,-23.03162
1486318361,-45.5501,-23.03207
1486318362,-45.55026,-23.03218
1486318364,-45.55057,-23.0324
1486318370,-45.55151,-23.03308
1486318372,-45.55183,-23.03332
1486318377,-45.55266,-23.03391
1486318382,-45.55336,-23.03442
1486318383,-45.55373,-23.03468
1486318385,-45.5541,-23.03494
1486318387,-45.55447,-23.03521
1486318394,-45.55578,-23.0361
1486318397,-45.55635,-23.03645
1486318399,-45.55673,-23.03667
1486318401,-45.5571,-23.03688
1486318404,-45.55766,-23.03719
1486318405,-45.55785,-23.03729
1486318410,-45.55878,-23.03775
1486318413,-45.55915,-23.03793
1486318418,-45.56027,-23.03843
1486318422,-45.56082,-23.03866
1486318424,-45.56113,-23.03876
1486318425,-45.56135,-23.03883
1486318430,-45.56157,-23.03881
1486318440,-45.56155,-23.03881
1486318450,-45.56155,-23.03882
1486318471,-45.56243,-23.0389
1486318473,-45.56264,-23.03895
1486318474,-45.56287,-23.03902
1486318483,-45.56386,-23.0393
1486318484,-45.56406,-23.03935
1486318487,-45.5643,-23.03934
1486318494,-45.56455,-23.03883
1486318496,-45.56463,-23.03866
1486318501,-45.56473,-23.03834
1486318502,-45.56471,-23.03815
1486318504,-45.56466,-23.03794
1486318507,-45.56462,-23.03775
1486318508,-45.56459,-23.03755
1486318510,-45.56456,-23.03735
1486318512,-45.56451,-23.03715
1486318515,-45.56448,-23.03695
1486318519,-45.5644,-23.0365
1486318526,-45.56449,-23.03576
1486318530,-45.56463,-23.0353
1486318532,-45.56467,-23.03512
1486318537,-45.56473,-23.03491
1486318548,-45.56474,-23.03492
1486318558,-45.56474,-23.03492
1486318568,-45.56474,-23.03492
1486318577,-45.56486,-23.03464
1486318580,-45.565,-23.03445
1486318585,-45.56519,-23.03423
1486318590,-45.56535,-23.03401
1486318596,-45.56552,-23.03378
1486318600,-45.56568,-23.03358
1486318603,-45.5658,-23.0334
1486318609,-45.56594,-23.03321
1486318620,-45.56608,-23.03312
1486318625,-45.56612,-23.03289
1486318629,-45.5659,-23.03268
1486318633,-45.56556,-23.0325
1486318638,-45.56525,-23.03229
1486318643,-45.56487,-23.03203
1486318656,-45.56486,-23.03204
1486318667,-45.56487,-23.03207
1486318680,-45.56487,-23.03207
1486318691,-45.56487,-23.03206
1486318699,-45.56467,-23.03193
1486318706,-45.56399,-23.03151
1486318711,-45.56365,-23.03129
1486318719,-45.56304,-23.03093
1486318721,-45.56279,-23.03078
1486318724,-45.56254,-23.03062
1486318727,-45.56227,-23.03046
1486318730,-45.56208,-23.03033
1486318732,-45.56188,-23.03022
1486318735,-45.56152,-23.03
1486318737,-45.56133,-23.02987
1486318741,-45.56108,-23.02971
1486318743,-45.56084,-23.02953
1486318746,-45.56065,-23.02933
1486318749,-45.56048,-23.02914
1486318753,-45.56035,-23.029
1486318763,-45.56034,-23.02894
1486318773,-45.56031,-23.0289
1486318777,-45.56015,-23.02873
1486318782,-45.55994,-23.02849
1486318788,-45.5596,-23.02809
1486318790,-45.55948,-23.02794
1486318794,-45.55925,-23.02769
1486318800,-45.55894,-23.02732
1486318803,-45.55882,-23.02714
1486318806,-45.55861,-23.02694
1486318809,-45.55849,-23.02678
1486318812,-45.55825,-23.02652
1486318817,-45.55804,-23.02628
1486318830,-45.55733,-23.02545
1486318836,-45.55702,-23.02505
1486318837,-45.5569,-23.02491
1486318839,-45.55676,-23.02477
1486318844,-45.55647,-23.02441
1486318847,-45.55628,-23.02421
1486318850,-45.55609,-23.02399
1486318856,-45.55576,-23.02362
1486318858,-45.55561,-23.0234
1486318860,-45.55551,-23.02324
1486318866,-45.55523,-23.02281
1486318868,-45.55506,-23.02257
1486318872,-45.55492,-23.02235
1486318893,-45.55487,-23.02225
1486318903,-45.55487,-23.02225
1486318914,-45.55486,-23.02224
1486318924,-45.55484,-23.02222
1486318929,-45.55469,-23.02199
1486318933,-45.55456,-23.02178
1486318936,-45.55439,-23.02151
1486318939,-45.55423,-23.02124
1486318941,-45.55412,-23.02107
1486318947,-45.554,-23.02089
1486318957,-45.55402,-23.02092
1486318979,-45.55401,-23.02092
1486318990,-45.55396,-23.02085
1486318998,-45.55368,-23.0205
1486319002,-45.5535,-23.0204
1486319005,-45.55334,-23.02025
1486319007,-45.55319,-23.02011
1486319017,-45.55311,-23.02003
1486319028,-45.55311,-23.02002
1486319038,-45.55311,-23.02001
1486319045,-45.55295,-23.01986
1486319049,-45.55277,-23.0197
1486319055,-45.55244,-23.01919
1486319057,-45.55236,-23.01901
1486319063,-45.55211,-23.01838
1486319065,-45.55202,-23.01814
1486319069,-45.55183,-23.01765
1486319071,-45.55174,-23.01743
1486319074,-45.55162,-23.01711
1486319077,-45.55152,-23.01689
1486319078,-45.55145,-23.01666
1486319080,-45.55137,-23.01643
1486319085,-45.55122,-23.01599
1486319086,-45.55113,-23.0158
1486319088,-45.55106,-23.01561
1486319091,-45.55096,-23.01533
1486319094,-45.55088,-23.01512
1486319096,-45.55081,-23.01492
1486319103,-45.55073,-23.01475
1486319111,-45.55051,-23.01425
1486319114,-45.5504,-23.01391
1486319118,-45.55028,-23.0136
1486319125,-45.55013,-23.01309
1486319127,-45.55007,-23.01291
1486319133,-45.54988,-23.01237
1486319134,-45.5498,-23.01214
1486319136,-45.54971,-23.01191
1486319140,-45.54957,-23.01156
1486319142,-45.54941,-23.01115
1486319144,-45.5493,-23.01083
1486319146,-45.54916,-23.01046
1486319149,-45.54897,-23.00996
1486319152,-45.54877,-23.00947
1486319154,-45.54861,-23.00922
1486319158,-45.54835,-23.00894
1486319162,-45.54798,-23.00865
1486319166,-45.54751,-23.00839
1486319170,-45.5473,-23.00828
1486319176,-45.54706,-23.00805
1486319178,-45.54698,-23.00785
1486319179,-45.547,-23.00765
1486319181,-45.54704,-23.00743
1486319192,-45.5469,-23.00668
1486319194,-45.54675,-23.00654
1486319196,-45.5465,-23.00629
1486319201,-45.54644,-23.00596
1486319207,-45.54652,-23.00541
1486319212,-45.54649,-23.00514
1486319215,-45.54644,-23.00495
1486319219,-45.54637,-23.00467
1486319223,-45.54629,-23.00438
1486319226,-45.54625,-23.00419
1486319234,-45.54585,-23.00378
1486319235,-45.54573,-23.00358
1486319237,-45.54565,-23.00334
1486319239,-45.54546,-23.00314
1486319243,-45.54512,-23.00283
1486319247,-45.54496,-23.0027
1486319251,-45.54473,-23.00241
1486319254,-45.54462,-23.0022
1486319255,-45.54447,-23.00197
1486319257,-45.54431,-23.00171
1486319260,-45.54415,-23.00144
1486319263,-45.54378,-23.00082
1486319266,-45.54362,-23.00057
1486319267,-45.5435,-23.0004
1486319272,-45.5433,-23.00011
1486319276,-45.54309,-22.99976
1486319280,-45.54299,-22.99958
1486319290,-45.54244,-22.99873
1486319293,-45.54233,-22.99857
1486319299,-45.54203,-22.99817
1486319302,-45.54183,-22.99784
1486319305,-45.54163,-22.99765
1486319311,-45.5406,-22.99704
1486319314,-45.54027,-22.99685
1486319315,-45.53995,-22.99667
1486319317,-45.53973,-22.99654
1486319321,-45.53952,-22.99639
1486319325,-45.53931,-22.99623
1486319326,-45.53913,-22.99607
1486319328,-45.53894,-22.99587
1486319331,-45.53876,-22.99569
1486319333,-45.5386,-22.99551
1486319343,-45.5381,-22.99488
1486319344,-45.53793,-22.99466
1486319346,-45.53773,-22.99444
1486319350,-45.53744,-22.99411
1486319351,-45.53727,-22.9939
1486319357,-45.53692,-22.99351
1486319364,-45.5365,-22.99304
1486319368,-45.53618,-22.99265
1486319370,-45.53599,-22.99242
1486319372,-45.53579,-22.99218
1486319375,-45.53557,-22.99193
1486319377,-45.53526,-22.99158
1486319379,-45.53506,-22.99139
1486319383,-45.5347,-22.99113
1486319385,-45.53422,-22.99095
1486319396,-45.53246,-22.991
1486319415,-45.53018,-22.99134
1486319421,-45.52925,-22.9915
1486319423,-45.52895,-22.99154
1486319426,-45.52862,-22.99156
1486319430,-45.52779,-22.99152
1486319432,-45.52746,-22.99156
1486319439,-45.52632,-22.99165
1486319443,-45.52578,-22.99152
1486319444,-45.52546,-22.99136
1486319446,-45.5252,-22.99112
1486319451,-45.52467,-22.99037
1486319453,-45.52448,-22.99007
1486319457,-45.52421,-22.98965
1486319459,-45.52395,-22.98923
1486319461,-45.52381,-22.98901
1486319464,-45.5237,-22.98884
1486319469,-45.5235,-22.98856
1486319470,-45.52338,-22.98841
1486319474,-45.52316,-22.98819
1486319492,-45.52306,-22.98799
1486319512,-45.52307,-22.98799
1486319523,-45.52319,-22.98809
1486319527,-45.52339,-22.98829
1486319530,-45.52353,-22.98849
1486319533,-45.52368,-22.98872
1486319541,-45.5239,-22.98909
1486319547,-45.52422,-22.98957
1486319554,-45.52472,-22.99037
1486319559,-45.52511,-22.99098
1486319563,-45.5254,-22.99127
1486319564,-45.52564,-22.99143
1486319569,-45.52621,-22.99162
1486319572,-45.5267,-22.99163
1486319577,-45.52738,-22.99154
1486319592,-45.52865,-22.99138
1486319594,-45.52904,-22.99134
1486319596,-45.52931,-22.99131
1486319600,-45.5297,-22.99126
1486319602,-45.53005,-22.99122
1486319608,-45.5305,-22.99118
1486319611,-45.53076,-22.99115
1486319613,-45.53095,-22.99113
1486319618,-45.53134,-22.9911
1486319622,-45.53188,-22.99104
1486319636,-45.53344,-22.99084
1486319640,-45.53401,-22.99084
1486319645,-45.53468,-22.99102
1486319646,-45.5349,-22.99116
1486319649,-45.5352,-22.99141
1486319654,-45.53563,-22.9919
1486319656,-45.53581,-22.99212
1486319659,-45.53599,-22.99233
1486319671,-45.53671,-22.99304
1486319674,-45.53693,-22.99335
1486319680,-45.53725,-22.99378
1486319682,-45.53747,-22.99404
1486319688,-45.53787,-22.9945
1486319689,-45.53805,-22.99469
1486319692,-45.5383,-22.99493
1486319697,-45.53848,-22.9951
1486319701,-45.53857,-22.99527
1486319706,-45.53835,-22.99537
1486319715,-45.53821,-22.99559
1486319720,-45.53805,-22.99574
1486319725,-45.53784,-22.99591
1486319731,-45.53761,-22.99612
1486319735,-45.5374,-22.99627
1486319738,-45.53725,-22.99639
1486319743,-45.53721,-22.99664
1486319748,-45.53737,-22.9968
1486319750,-45.53751,-22.99695
1486319755,-45.53769,-22.99714
1486319761,-45.53789,-22.99738
1486319764,-45.53809,-22.99759
1486319767,-45.53823,-22.99775
1486319776,-45.53856,-22.9981
1486319783,-45.53893,-22.99849
1486319788,-45.53916,-22.99874
1486319790,-45.53934,-22.99894
1486319793,-45.53951,-22.99913
1486319797,-45.53968,-22.9993
1486319801,-45.53983,-22.99946
1486319811,-45.53989,-22.99952
1486319821,-45.53996,-22.99958
1486319832,-45.53996,-22.99959
1486319842,-45.53996,-22.99959
1486319854,-45.53996,-22.99959
1486319864,-45.53996,-22.99959
1486319874,-45.53996,-22.99959
1486319895,-45.53996,-22.99959
1486319905,-45.53995,-22.99958
1486319917,-45.53996,-22.99957
1486319927,-45.53996,-22.99957
1486319937,-45.53996,-22.99958
1486319947,-45.53996,-22.99958
1486319958,-45.53996,-22.99958
1486319968,-45.53996,-22.99958
1486319978,-45.53996,-22.99958
1486319989,-45.53996,-22.99958
1486319999,-45.53996,-22.99958
1486320009,-45.53996,-22.99958
1486320020,-45.53996,-22.99958
1486320030,-45.53996,-22.99958
1486320040,-45.53996,-22.99958
1486320051,-45.54013,-22.99979
1486320054,-45.54029,-22.99997
1486320058,-45.54046,-23.00015
1486320063,-45.54077,-23.0005
1486320071,-45.54139,-23.00119
1486320075,-45.54153,-23.00134
1486320082,-45.54187,-23.00172
1486320085,-45.54206,-23.00194
1486320088,-45.5422,-23.0021
1486320089,-45.54235,-23.00228
1486320092,-45.54259,-23.00252
1486320098,-45.54298,-23.00292
1486320102,-45.54313,-23.00305
1486320106,-45.54329,-23.0032
1486320109,-45.54351,-23.00341
1486320118,-45.54335,-23.00327
1486320130,-45.54328,-23.00313
1486320133,-45.54342,-23.00297
1486320139,-45.54355,-23.00273
1486320146,-45.54409,-23.00247
1486320156,-45.54448,-23.0022
1486320160,-45.54433,-23.00195
1486320164,-45.54415,-23.00163
1486320169,-45.54404,-23.00147
1486320171,-45.54392,-23.0013
1486320173,-45.54382,-23.00114
1486320177,-45.5436,-23.00078
1486320179,-45.54348,-23.00059
1486320183,-45.54338,-23.00043
1486320189,-45.5434,-23.00023
1486320197,-45.54358,-23.00041
1486320200,-45.54368,-23.00057
1486320202,-45.54384,-23.00086
1486320208,-45.54426,-23.00149
1486320210,-45.54441,-23.00173
1486320213,-45.54453,-23.00192
1486320216,-45.54466,-23.00213
1486320218,-45.54479,-23.00226
1486320220,-45.54493,-23.00244
1486320226,-45.54544,-23.003
1486320230,-45.54574,-23.00326
1486320231,-45.5459,-23.0034
1486320237,-45.54611,-23.00362
1486320240,-45.54623,-23.00386
1486320243,-45.54631,-23.00419
1486320247,-45.54639,-23.00453
1486320248,-45.54644,-23.00475
1486320252,-45.54649,-23.005
1486320260,-45.5467,-23.00559
1486320263,-45.54677,-23.00585
1486320265,-45.5468,-23.00604
1486320267,-45.54687,-23.00626
1486320272,-45.54705,-23.00686
1486320281,-45.54707,-23.00744
1486320283,-45.54709,-23.00772
1486320285,-45.54717,-23.00791
1486320288,-45.54734,-23.00811
1486320293,-45.5475,-23.00826
1486320296,-45.5478,-23.00848
1486320299,-45.54807,-23.00868
1486320302,-45.54824,-23.00882
1486320303,-45.54841,-23.00898
1486320306,-45.54865,-23.00926
1486320310,-45.54889,-23.00983
1486320317,-45.54932,-23.01087
1486320319,-45.54955,-23.01144
1486320321,-45.54962,-23.01163
1486320324,-45.54989,-23.01233
1486320328,-45.55003,-23.01274
1486320329,-45.55011,-23.01296
1486320332,-45.5502,-23.01318
1486320337,-45.55033,-23.01341
1486320341,-45.55055,-23.01353
1486320343,-45.55067,-23.01368
1486320346,-45.55073,-23.01385
1486320350,-45.55089,-23.01434
1486320354,-45.55097,-23.01465
1486320366,-45.55136,-23.01592
1486320384,-45.55188,-23.01765
1486320386,-45.55207,-23.01813
1486320397,-45.55257,-23.01934
1486320399,-45.55269,-23.01949
1486320403,-45.55291,-23.01974
1486320404,-45.55308,-23.01991
1486320406,-45.55324,-23.02007
1486320408,-45.5534,-23.02023
1486320412,-45.55358,-23.02038
1486320419,-45.55404,-23.02024
1486320421,-45.55429,-23.02009
1486320424,-45.55448,-23.01997
1486320428,-45.55471,-23.01984
1486320434,-45.55525,-23.01999
1486320439,-45.55574,-23.02023
1486320441,-45.55594,-23.02032
1486320443,-45.55615,-23.02042
1486320446,-45.55637,-23.02052
1486320447,-45.55656,-23.02061
1486320449,-45.55674,-23.0207
1486320453,-45.55714,-23.02088
1486320458,-45.55767,-23.02113
1486320461,-45.55789,-23.02123
1486320462,-45.5581,-23.02132
1486320464,-45.5583,-23.02141
1486320467,-45.5585,-23.02151
1486320469,-45.55878,-23.02166
1486320472,-45.55897,-23.02175
1486320476,-45.55915,-23.02184
1486320486,-45.55959,-23.02218
1486320491,-45.55977,-23.02237
1486320494,-45.55972,-23.02258
1486320499,-45.55953,-23.02276
1486320508,-45.55937,-23.02287
1486320517,-45.55909,-23.0229
1486320521,-45.5589,-23.0228
1486320531,-45.55876,-23.02276
1486320542,-45.55876,-23.02276
1486320554,-45.55876,-23.02276
1486320565,-45.55876,-23.02276
1486320577,-45.55875,-23.02276
1486320583,-45.55879,-23.02256
1486320588,-45.55894,-23.02242
1486320599,-45.559,-23.02241
1486320611,-45.55897,-23.02244
1486320622,-45.559,-23.02253
1486320633,-45.55909,-23.02253
1486320644,-45.55927,-23.02258
1486320654,-45.55929,-23.02246
1486320665,-45.55934,-23.02241
1486320675,-45.55939,-23.02256
1486320686,-45.5595,-23.02251
1486320701,-45.55949,-23.02251
1486320706,-45.55937,-23.02274
1486320717,-45.55957,-23.02244
1486320721,-45.55945,-23.0228
1486320734,-45.55931,-23.0229
1486320741,-45.55944,-23.02261
1486320752,-45.55944,-23.02253
1486320763,-45.55944,-23.02246
1486320774,-45.55929,-23.02248
1486320786,-45.55925,-23.02251
1486320796,-45.55919,-23.02251
1486320820,-45.55901,-23.02244
1486320833,-45.55895,-23.0224
1486320853,-45.55833,-23.02212
1486320854,-45.55857,-23.02222
1486320856,-45.55903,-23.02235
1486320858,-45.55871,-23.02234
1486320869,-45.55881,-23.02239
1486320882,-45.55893,-23.02241
1486320892,-45.55899,-23.02238
1486320902,-45.55906,-23.02229
1486320912,-45.55907,-23.02229
1486320933,-45.55907,-23.0223
1486320944,-45.55907,-23.0223
1486320956,-45.55907,-23.0223
1486320966,-45.55911,-23.0223
1486320977,-45.55911,-23.02232
1486320987,-45.55911,-23.02232
1486320998,-45.55911,-23.02232
1486321008,-45.55911,-23.02232
1486321018,-45.55911,-23.02232
1486321030,-45.55911,-23.02232
1486321040,-45.55905,-23.0224
1486321051,-45.55899,-23.02243
1486321061,-45.55899,-23.02243
1486321068,-45.55912,-23.02225
1486321075,-45.5593,-23.02211
1486321085,-45.55932,-23.02208
1486321096,-45.55932,-23.02211
1486321116,-45.55931,-23.0221
1486321127,-45.55936,-23.0221
1486321131,-45.55965,-23.02221
1486321138,-45.56037,-23.02253
1486321140,-45.56076,-23.0227
1486321156,-45.56202,-23.02323
1486321157,-45.56223,-23.02331
1486321159,-45.56242,-23.02338
1486321163,-45.56275,-23.02353
1486321165,-45.56294,-23.0236
1486321169,-45.56322,-23.02374
1486321170,-45.56341,-23.02383
1486321172,-45.56366,-23.0239
1486321175,-45.56387,-23.02397
1486321177,-45.56428,-23.02413
1486321181,-45.56478,-23.02424
1486321183,-45.56503,-23.02427
1486321191,-45.56543,-23.0256
1486321193,-45.56642,-23.02478
1486321195,-45.56675,-23.02488
1486321199,-45.56722,-23.02505
1486321207,-45.56761,-23.02544
1486321213,-45.56771,-23.02591
1486321218,-45.5678,-23.02622
1486321219,-45.56777,-23.02687
1486321220,-45.56785,-23.02646
1486321225,-45.56791,-23.02679
1486321228,-45.56783,-23.02707
1486321232,-45.56766,-23.02717
1486321243,-45.56766,-23.02722
1486321254,-45.56768,-23.02722
1486321264,-45.56761,-23.02736
1486321268,-45.56749,-23.02755
1486321271,-45.56732,-23.0278
1486321274,-45.56718,-23.02802
1486321285,-45.5667,-23.0287
1486321290,-45.56657,-23.02894
1486321293,-45.56646,-23.0292
1486321298,-45.56634,-23.02944
1486321300,-45.56623,-23.0296
1486321304,-45.5661,-23.02982
1486321308,-45.56594,-23.03007
1486321311,-45.56581,-23.03027
1486321334,-45.56527,-23.03105
1486321340,-45.56519,-23.03125
1486321345,-45.56506,-23.03144
1486321351,-45.56494,-23.03166
1486321358,-45.56484,-23.03181
1486321368,-45.56483,-23.0318
1486321400,-45.56483,-23.03181
1486321410,-45.56467,-23.03194
1486321416,-45.56449,-23.03203
1486321423,-45.56434,-23.03245
1486321426,-45.56427,-23.03266
1486321429,-45.56422,-23.03287
1486321433,-45.56412,-23.03316
1486321437,-45.56402,-23.03344
1486321441,-45.56394,-23.03367
1486321448,-45.56398,-23.03392
1486321453,-45.56418,-23.03407
1486321455,-45.56435,-23.03423
1486321459,-45.56456,-23.03442
1486321470,-45.56466,-23.03451
1486321480,-45.56466,-23.0345
1486321491,-45.56466,-23.03451
1486321503,-45.56467,-23.03452
1486321511,-45.56497,-23.0348
1486321516,-45.56514,-23.03497
1486321518,-45.56531,-23.03511
1486321521,-45.56549,-23.03528
1486321525,-45.56572,-23.03549
1486321527,-45.56596,-23.0357
1486321534,-45.56652,-23.03619
1486321538,-45.56676,-23.03641
1486321559,-45.56687,-23.0365
1486321567,-45.56706,-23.03665
1486321575,-45.56748,-23.03703
1486321577,-45.56764,-23.03717
1486321580,-45.5678,-23.03733
1486321584,-45.56795,-23.03746
1486321588,-45.56814,-23.03764
1486321592,-45.56829,-23.03777
1486321598,-45.56847,-23.03792
1486321602,-45.56862,-23.03805
1486321622,-45.5685,-23.03797
1486321634,-45.56851,-23.03797
1486321645,-45.56851,-23.03797
1486321650,-45.56871,-23.03809
1486321663,-45.56941,-23.03755
1486321665,-45.56965,-23.03732
1486321674,-45.57035,-23.03664
1486321676,-45.57049,-23.03649
1486321681,-45.57086,-23.03613
1486321683,-45.571,-23.036
1486321687,-45.57117,-23.03584
1486321698,-45.5712,-23.03584
1486321708,-45.57119,-23.03585
1486321724,-45.57146,-23.03558
1486321730,-45.57133,-23.03523
1486321732,-45.57123,-23.03507
1486321734,-45.57111,-23.03491
1486321738,-45.57091,-23.03465
1486321740,-45.57069,-23.03441
1486321745,-45.57032,-23.03387
1486321750,-45.57019,-23.03342
1486321754,-45.57017,-23.03296
1486321755,-45.57017,-23.03272
1486321757,-45.5702,-23.03251
1486321760,-45.57014,-23.03228
1486321767,-45.56984,-23.03211
1486321771,-45.56952,-23.03192
1486321778,-45.56907,-23.03164
1486321785,-45.56864,-23.0314
1486321790,-45.56851,-23.03121
1486321795,-45.56825,-23.03106
1486321803,-45.56783,-23.0308
1486321808,-45.56758,-23.03061
1486321812,-45.56735,-23.03051
1486321822,-45.56726,-23.03043
1486321833,-45.56726,-23.03044
1486321843,-45.56728,-23.03043
1486321853,-45.56727,-23.03043
1486321864,-45.56722,-23.03039
1486321865,-45.56702,-23.03032
1486321870,-45.56661,-23.0301
1486321873,-45.56639,-23.03
1486321879,-45.56622,-23.0299
1486321889,-45.56611,-23.02984
1486321900,-45.56608,-23.02968
1486321903,-45.56618,-23.02951
1486321908,-45.5663,-23.02929
1486321914,-45.56639,-23.02913
1486321924,-45.56645,-23.02908
1486321934,-45.56645,-23.02909
1486321945,-45.56645,-23.02909
1486321955,-45.56645,-23.02909
1486321976,-45.56645,-23.02909
1486321986,-45.56645,-23.02909
1486321998,-45.56645,-23.02909
1486322008,-45.56645,-23.02909
1486322018,-45.56645,-23.02909
1486322028,-45.56645,-23.02909
1486322039,-45.56645,-23.02909
1486322049,-45.56645,-23.02909
1486322059,-45.56645,-23.02909
1486322069,-45.56645,-23.02909
1486322080,-45.56645,-23.02909
1486322088,-45.56665,-23.02874
1486322093,-45.56699,-23.02821
1486322105,-45.56777,-23.02685
1486322111,-45.56732,-23.02645
1486322118,-45.56664,-23.02619
1486322121,-45.56636,-23.02626
1486322125,-45.566,-23.02623
1486322129,-45.56579,-23.02609
1486322131,-45.5657,-23.0259
1486322133,-45.5655,-23.02578
1486322139,-45.56502,-23.02556
1486322142,-45.56463,-23.02539
1486322144,-45.56446,-23.02528
1486322148,-45.56424,-23.02518
1486322158,-45.56412,-23.02514
1486322168,-45.56411,-23.02514
1486322179,-45.56411,-23.02514
1486322190,-45.56411,-23.02514
1486322200,-45.56411,-23.02514
1486322210,-45.56411,-23.02514
1486322218,-45.56385,-23.02501
1486322227,-45.56304,-23.02465
1486322230,-45.56278,-23.02452
1486322232,-45.56261,-23.02442
1486322235,-45.56267,-23.02424
1486322240,-45.563,-23.02401
1486322243,-45.56329,-23.02368
1486322257,-45.56478,-23.02259
1486322260,-45.56509,-23.02239
1486322263,-45.56529,-23.02225
1486322265,-45.56544,-23.02208
1486322268,-45.56553,-23.02191
1486322270,-45.56538,-23.02179
1486322274,-45.56514,-23.02159
1486322280,-45.56474,-23.02134
1486322283,-45.56457,-23.02125
1486322287,-45.56434,-23.02102
1486322288,-45.56419,-23.02084
1486322290,-45.564,-23.02065
1486322297,-45.56357,-23.02025
1486322300,-45.56391,-23.01984
1486322304,-45.56387,-23.01989
1486322308,-45.56412,-23.01957
1486322311,-45.56428,-23.01935
1486322315,-45.56443,-23.01913
1486322319,-45.5646,-23.01873
1486322322,-45.56471,-23.0185
1486322326,-45.5648,-23.01816
1486322327,-45.56492,-23.01793
1486322332,-45.56523,-23.01725
1486322336,-45.56546,-23.01687
1486322340,-45.56545,-23.01653
1486322342,-45.56573,-23.01644
1486322350,-45.5654,-23.01608
1486322351,-45.56513,-23.01583
1486322353,-45.56495,-23.01567
1486322355,-45.56475,-23.0155
1486322362,-45.56421,-23.01519
1486322366,-45.56422,-23.01494
1486322368,-45.56431,-23.01477
1486322374,-45.56458,-23.01427
1486322376,-45.56476,-23.01398
1486322379,-45.56487,-23.01366
1486322387,-45.56495,-23.01292
1486322391,-45.56496,-23.01255
1486322394,-45.56504,-23.01232
1486322396,-45.56511,-23.0121
1486322397,-45.56517,-23.01189
1486322406,-45.56507,-23.01129
1486322410,-45.56486,-23.01124
1486322415,-45.56464,-23.01117
1486322418,-45.56434,-23.01109
1486322420,-45.56408,-23.01105
1486322422,-45.56387,-23.01099
1486322434,-45.56311,-23.01101
1486322438,-45.56297,-23.01118
1486322448,-45.5629,-23.01123
1486322458,-45.56267,-23.01125
1486322460,-45.5625,-23.01109
1486322463,-45.56234,-23.01092
1486322468,-45.56218,-23.0108
1486322472,-45.56195,-23.01098
1486322476,-45.56177,-23.01111
1486322481,-45.5615,-23.0112
1486322485,-45.56117,-23.01133
1486322497,-45.56063,-23.01169
1486322506,-45.56013,-23.01198
1486322509,-45.55994,-23.0121
1486322514,-45.55977,-23.01224
1486322524,-45.55974,-23.01226
1486322534,-45.55974,-23.01225
1486322545,-45.55974,-23.01225
1486322555,-45.55974,-23.01225
1486322565,-45.55974,-23.01225
1486322577,-45.55974,-23.01225
1486323279,-45.56575,-23.02183
